00
0.03303384780883789 660
0.04452395439147949 660
0.05624127388000488 661
0.06725668907165527 661
0.07889699935913086 661
0.09227728843688965 661
0.10374283790588379 661
0.1150364875793457 661
0.1340024471282959 662
0.14564776420593262 662
0.15715742111206055 654
0.16852235794067383 654
0.1801776885986328 649
0.19377350807189941 649
0.20499920845031738 641
0.21616554260253906 641
0.22799253463745117 635
0.24031949043273926 635
0.25297117233276367 626
0.2643270492553711 626
0.275787353515625 626
0.2884101867675781 624
0.3001058101654053 616
0.31227660179138184 616
0.3233766555786133 616
0.3347055912017822 616
0.3470914363861084 609
0.3586862087249756 609
0.37082386016845703 607
0.383115291595459 607
0.39585018157958984 598
0.4068455696105957 598
0.41875481605529785 590
0.42992544174194336 590
0.44307565689086914 586
0.45447444915771484 586
0.4659543037414551 582
0.47771310806274414 582
0.49009156227111816 578
0.5024027824401855 578
0.513981819152832 573
0.5293090343475342 573
0.5432913303375244 572
0.5552709102630615 572
0.5667965412139893 570
0.5786504745483398 570
0.5924272537231445 567
0.6038925647735596 567
0.6151027679443359 563
0.6263394355773926 563
0.638242244720459 559
0.6502368450164795 559
0.6627941131591797 555
0.6744539737701416 555
0.6861038208007812 551
0.6983640193939209 551
0.7098860740661621 546
0.7222533226013184 546
0.7338154315948486 544
0.7458658218383789 544
0.7576084136962891 542
0.7690925598144531 542
0.782212495803833 540
0.794457197189331 540
0.8060760498046875 538
0.8178000450134277 538
0.829277515411377 536
0.8417761325836182 536
0.8543155193328857 534
0.8653576374053955 534
0.8770816326141357 534
0.8888094425201416 527
0.902630090713501 527
0.9138977527618408 527
0.9290444850921631 523
0.940338134765625 523
0.9544804096221924 518
0.9656915664672852 518
0.977180004119873 517
0.9889717102050781 517
1.0025017261505127 515
1.0141611099243164 515
1.0258066654205322 511
1.03684401512146 511
1.0497803688049316 506
1.0617027282714844 506
1.0739121437072754 506
1.0847787857055664 506
1.096200704574585 500
1.1085033416748047 500
1.119896650314331 500
1.131805419921875 500
1.1432435512542725 496
1.1557936668395996 496
1.1672577857971191 491
1.1790072917938232 491
1.1912329196929932 488
1.204031229019165 488
1.215287446975708 483
1.226511001586914 483
1.238447904586792 479
1.2508625984191895 479
1.2631750106811523 475
1.274768352508545 475
1.286473035812378 471
1.2978248596191406 471
1.3102502822875977 473
1.3226513862609863 473
1.3382277488708496 469
1.3497562408447266 469
1.36326003074646 471
1.375070571899414 471
1.3864669799804688 471
1.397810935974121 471
1.4103240966796875 469
1.4227187633514404 469
1.4347343444824219 464
1.4459478855133057 464
1.4585497379302979 462
1.469998836517334 462
1.4825232028961182 455
1.494157075881958 455
1.5065171718597412 454
1.518024206161499 452
1.5292837619781494 452
1.541309118270874 452
1.5618524551391602 452
1.574387550354004 447
1.58793306350708 452
1.6013484001159668 452
1.615645408630371 452
1.6324567794799805 452
1.6479341983795166 452
1.6632640361785889 447
1.6768543720245361 448
1.692441463470459 448
1.7060341835021973 443
1.7185208797454834 443
1.739030122756958 439
1.7509539127349854 439
1.7647240161895752 439
1.7787296772003174 439
1.7938101291656494 437
1.805657148361206 435
1.8191397190093994 435
1.8347511291503906 435
1.8463008403778076 435
1.858973503112793 435
1.8751482963562012 433
1.8887488842010498 437
1.9003055095672607 437
1.9197883605957031 433
1.9380464553833008 433
1.949173927307129 433
1.964937448501587 433
1.9765784740447998 427
2.0018234252929688 427
2.0182418823242188 416
2.033184289932251 420
2.051849842071533 416
2.068675994873047 416
2.0802419185638428 416
2.095252752304077 416
2.107170581817627 416
2.1226003170013428 420
2.1391584873199463 420
2.158712148666382 418
2.173785448074341 418
2.186826705932617 416
2.198845148086548 411
2.2366130352020264 411
2.2502756118774414 411
2.270763874053955 411
2.2852563858032227 416
2.297924757003784 416
2.312699556350708 418
2.3291916847229004 425
2.345081090927124 425
2.357816219329834 427
2.379211664199829 427
2.3919007778167725 427
2.406778335571289 424
2.4213480949401855 418
2.438202381134033 418
2.453138828277588 411
2.471787214279175 412
2.4860830307006836 412
2.504972457885742 412
2.5166311264038086 410
2.5402233600616455 410
2.557340621948242 410
2.572762966156006 410
2.588517189025879 410
2.599693775177002 410
2.614258050918579 410
2.626316785812378 410
2.6439976692199707 410
2.659130811691284 410
2.6713292598724365 410
2.685131549835205 410
2.700770854949951 410
2.7150473594665527 410
2.7283692359924316 410
2.7425930500030518 410
2.7544138431549072 410
2.77176833152771 408
2.784099578857422 408
2.7977662086486816 408
2.814457654953003 408
2.8289520740509033 408
2.84085750579834 408
2.863373279571533 408
2.881924867630005 412
2.893775463104248 412
2.9071435928344727 408
2.92441463470459 410
2.945338726043701 410
2.964315891265869 410
2.984072685241699 408
3.0013105869293213 408
3.0139360427856445 408
3.030380964279175 408
3.0439646244049072 408
3.0550334453582764 408
3.066481828689575 408
3.078209638595581 408
3.0913851261138916 408
3.102872610092163 408
3.1146130561828613 408
3.125776767730713 408
3.138491153717041 408
3.149623394012451 408
3.161878824234009 408
3.173891067504883 408
3.1860241889953613 403
3.197154998779297 403
3.2089319229125977 403
3.2200052738189697 403
3.2325520515441895 403
3.2446439266204834 403
3.2560081481933594 406
3.2670929431915283 406
3.278841018676758 410
3.29252552986145 410
3.304222822189331 410
3.3151166439056396 410
3.3284478187561035 410
3.3463122844696045 410
3.358306646347046 410
3.3703157901763916 408
3.38260555267334 408
3.3951261043548584 403
3.4125618934631348 399
3.423917293548584 399
3.4351937770843506 399
3.4472362995147705 399
3.4589297771453857 399
3.4701967239379883 399
3.482800245285034 401
3.4950246810913086 401
3.506514310836792 401
3.5178353786468506 401
3.5292415618896484 404
3.542691707611084 404
3.554819345474243 404
3.5659945011138916 404
3.577282190322876 404
3.5890049934387207 401
3.6027026176452637 401
3.614032030105591 401
3.625258445739746 401
3.636415719985962 401
3.6489381790161133 401
3.6602721214294434 401
3.672978639602661 401
3.6841983795166016 401
3.6964025497436523 401
3.7076969146728516 401
3.7191953659057617 401
3.730358600616455 401
3.7476871013641357 401
3.759688138961792 401
3.7724616527557373 401
3.784024953842163 401
3.795977830886841 401
3.807654619216919 401
3.8189046382904053 401
3.8302998542785645 401
3.842616319656372 401
3.855027198791504 401
3.8661653995513916 401
3.877779960632324 401
3.889195203781128 401
3.9029159545898438 401
3.914227247238159 401
3.9253289699554443 403
3.9364964962005615 403
3.949171304702759 401
3.9613406658172607 401
3.9732608795166016 401
3.9845821857452393 401
3.9960694313049316 401
4.0084474086761475 401
4.019986629486084 401
4.031916379928589 401
4.043341875076294 401
4.055647373199463 401
4.067049503326416 401
4.078916788101196 401
4.090306997299194 401
4.1032493114471436 401
4.114833116531372 401
4.126131534576416 401
4.142955303192139 401
4.155383110046387 401
4.166818618774414 401
4.178498029708862 401
4.189817428588867 401
4.203141689300537 397
4.214462518692017 397
4.22589373588562 397
4.237051486968994 397
4.248765468597412 397
4.261836767196655 397
4.273818492889404 397
4.284783601760864 397
4.296190500259399 397
4.308478832244873 397
4.320016145706177 397
4.331838846206665 397
4.343251943588257 397
4.35537052154541 397
4.3670268058776855 397
4.378873348236084 397
4.390216588973999 397
4.402476787567139 397
4.414789438247681 397
4.425891160964966 392
4.4376304149627686 392
4.448853969573975 392
4.462319612503052 392
4.473773956298828 392
4.4850382804870605 392
4.496768474578857 397
4.509121417999268 397
4.521312475204468 397
4.532763242721558 397
4.548489332199097 397
4.562680006027222 397
4.574459075927734 397
4.5853400230407715 397
4.597022294998169 392
4.609223127365112 399
4.622160911560059 399
4.633110046386719 404
4.6447954177856445 404
4.655912637710571 399
4.6687071323394775 399
4.680795907974243 392
4.692834854125977 392
4.704484701156616 392
4.71649169921875 392
4.728209018707275 389
4.746150493621826 389
4.7577667236328125 383
4.770076036453247 383
4.782485246658325 383
4.794084310531616 383
4.812401533126831 391
4.824681997299194 389
4.835895776748657 389
4.847670316696167 392
4.859086751937866 392
4.871881484985352 389
4.884210109710693 389
4.895772457122803 376
4.9066150188446045 376
4.918662786483765 376
4.93183970451355 376
4.947369337081909 384
4.9593541622161865 340
4.972477197647095 340
4.9850053787231445 330
4.996142387390137 330
5.00792932510376 321
5.01896333694458 321
5.032680034637451 322
5.04400897026062 322
5.055631160736084 241
5.066618919372559 241
5.0790855884552 211
5.091306924819946 211
5.102810621261597 211
5.114067316055298 147
5.125208854675293 147
5.137210845947266 128
5.148832082748413 128
5.161257982254028 109
5.172945499420166 109
5.185735464096069 77
5.196640729904175 77
5.208409070968628 59
5.219688415527344 46
5.2328925132751465 46
5.244513988494873 49
5.255810022354126 49
5.267227411270142 67
5.2790703773498535 67
5.292534828186035 122
5.303893327713013 122
5.31566047668457 86
5.3265745639801025 77
5.345020294189453 77
5.356287717819214 77
5.367735147476196 77
5.379096746444702 77
5.392705678939819 77
5.404041767120361 77
5.414933204650879 77
5.426006078720093 77
5.438444375991821 76
5.449759244918823 95
5.462491512298584 95
5.474077224731445 95
5.486304759979248 86
5.498053789138794 95
5.509120225906372 95
5.521819114685059 94
5.5329320430755615 94
5.545660495758057 103
5.557610988616943 112
5.569111585617065 112
5.581805467605591 122
5.5944435596466064 122
5.6056294441223145 122
5.616527795791626 122
5.627956867218018 122
5.640235900878906 122
5.652325868606567 122
5.6632232666015625 122
5.674773931503296 122
5.68609881401062 139
5.6987574100494385 139
5.710347652435303 149
5.7224743366241455 149
5.734066724777222 149
5.750084161758423 164
5.762860059738159 164
5.774612665176392 164
5.785983562469482 184
5.798358678817749 184
5.809258222579956 184
5.821678638458252 184
5.832909345626831 184
5.845255136489868 185
5.856448411941528 185
5.868082523345947 185
5.87972354888916 185
5.8928961753845215 184
5.904214859008789 184
5.915072679519653 184
5.926209926605225 199
5.938241958618164 199
5.951298236846924 209
5.962846755981445 209
5.974425315856934 209
5.985812187194824 229
5.9986350536346436 321
6.009761095046997 321
6.0223305225372314 249
6.033269166946411 249
6.045859336853027 241
6.0570902824401855 241
6.0687994956970215 236
6.080254554748535 236
6.092812538146973 243
6.104966402053833 257
6.1166322231292725 257
6.128497362136841 259
6.1397364139556885 259
6.15763783454895 259
6.168912649154663 259
6.181621789932251 259
6.193018674850464 265
6.205799102783203 265
6.2172770500183105 267
6.228995084762573 267
6.241646766662598 278
6.253953456878662 278
6.265108823776245 281
6.276570796966553 281
6.288363695144653 289
6.30129599571228 289
6.312957763671875 303
6.3242785930633545 303
6.335793733596802 321
6.346806049346924 321
6.359742641448975 345
6.3724634647369385 345
6.38411021232605 338
6.39501428604126 338
6.407670736312866 329
6.419139623641968 321
6.431649684906006 321
6.445932626724243 326
6.463777303695679 326
6.4756786823272705 321
6.487114667892456 321
6.49883508682251 321
6.5118303298950195 321
6.523310899734497 326
6.534881591796875 326
6.549372434616089 330
6.56572151184082 336
6.57726526260376 336
6.589190483093262 339
6.60163688659668 339
6.614381790161133 348
6.625674486160278 348
6.637040376663208 357
6.648497104644775 357
6.662255048751831 365
6.67381739616394 365
6.685049772262573 364
6.696166515350342 364
6.708863258361816 349
6.7202417850494385 345
6.732682228088379 345
6.746061325073242 345
6.758496999740601 345
6.770124673843384 340
6.782517194747925 340
6.794064998626709 349
6.805000066757202 349
6.817980527877808 357
6.829202651977539 357
6.842280149459839 364
6.861771106719971 361
6.87331223487854 361
6.887063026428223 366
6.898688316345215 366
6.913039684295654 365
6.924659013748169 365
6.936122417449951 370
6.952726364135742 370
6.965311765670776 370
6.977016448974609 370
6.988669157028198 370
7.000176668167114 370
7.013786792755127 370
7.025082111358643 365
7.036225080490112 365
7.048184394836426 365
7.0591652393341064 365
7.073106050491333 370
7.084441423416138 370
7.09592604637146 374
7.107054948806763 374
7.119913578033447 376
7.131910085678101 376
7.14401388168335 375
7.155097961425781 375
7.167827606201172 380
7.1792683601379395 380
7.191816091537476 376
7.203145742416382 376
7.215899229049683 376
7.2270331382751465 376
7.2387855052948 376
7.249954462051392 376
7.262792348861694 376
7.27521538734436 376
7.2867889404296875 380
7.298196077346802 380
7.309788942337036 380
7.323103904724121 383
7.334434509277344 383
7.3460893630981445 385
7.362870931625366 385
7.37619423866272 385
7.387245416641235 385
7.398999214172363 385
7.410177946090698 385
7.423346042633057 385
7.434802055358887 385
7.446295499801636 385
7.457617521286011 385
7.47074556350708 385
7.482538938522339 385
7.494401216506958 385
7.50533127784729 385
7.51710844039917 385
7.529928922653198 385
7.541905879974365 385
7.554462194442749 385
7.56566596031189 385
7.578212738037109 385
7.589695930480957 385
7.602222442626953 384
7.613308906555176 384
7.625805377960205 384
7.63686466217041 384
7.64873194694519 389
7.66009521484375 389
7.674114227294922 391
7.685037851333618 391
7.696422338485718 393
7.707753658294678 393
7.719291687011719 393
7.7327258586883545 393
7.744404077529907 393
7.75924825668335 393
7.772562742233276 393
7.785156011581421 391
7.796529531478882 391
7.808425188064575 392
7.819731712341309 392
7.8331992626190186 404
7.844499588012695 404
7.856204986572266 391
7.867288589477539 391
7.880084276199341 410
7.892507314682007 410
7.9041907787323 437
7.915300369262695 437
7.928326606750488 475
7.9392290115356445 475
7.951726675033569 447
7.962874174118042 447
7.97503137588501 410
7.987228155136108 410
7.998953104019165 455
8.010098218917847 455
8.02266812324524 403
8.034882307052612 403
8.046638011932373 389
8.058239698410034 389
8.069875001907349 393
8.083005666732788 402
8.094879388809204 402
8.10610818862915 397
8.117760419845581 397
8.129944562911987 408
8.142327785491943 408
8.158300876617432 428
8.169317722320557 428
8.183823585510254 447
8.19477653503418 447
8.20614743232727 448
8.217676877975464 448
8.229150772094727 452
8.242297887802124 452
8.253805160522461 680
8.264777183532715 680
8.276347637176514 680
8.288834571838379 680
8.300263166427612 488
8.312535762786865 488
8.324342250823975 439
8.336540222167969 439
8.348441362380981 670
8.359737634658813 670
8.3723783493042 661
8.384647607803345 661
8.396284341812134 660
8.407305240631104 660
8.418673515319824 654
8.430106401443481 654
8.447257041931152 597
8.467146873474121 597
8.483326196670532 641
8.49717664718628 515
8.513160705566406 515
8.526454448699951 433
8.542829990386963 416
8.563242673873901 397
8.577220439910889 397
8.59407901763916 392
8.605013370513916 392
8.618497848510742 383
8.632610082626343 374
8.645963430404663 374
8.659031867980957 376
8.673380136489868 376
8.687222003936768 393
8.70263957977295 670
8.716078758239746 670
8.729057312011719 639
8.743998289108276 639
8.75772500038147 634
8.771631956100464 634
8.78296685218811 443
8.79507303237915 443
8.806505918502808 454
8.818346500396729 454
8.829892635345459 418
8.842812776565552 630
8.854491710662842 630
8.865625619888306 630
8.877727508544922 455
8.888959646224976 410
8.902283668518066 410
8.913226842880249 392
8.924863338470459 392
8.936253786087036 389
8.948928594589233 389
8.965905666351318 389
8.977375268936157 389
8.98921823501587 384
9.002787828445435 384
9.014551162719727 385
9.02583360671997 385
9.037196159362793 399
9.049787998199463 397
9.062412023544312 397
9.07406497001648 397
9.085345983505249 412
9.097923755645752 416
9.109241247177124 416
9.121878385543823 455
9.133134126663208 455
9.144474744796753 447
9.157158851623535 447
9.168862342834473 408
9.181305170059204 408
9.192841529846191 406
9.20512342453003 406
9.217079401016235 399
9.228465795516968 399
9.240170001983643 380
9.25312089920044 380
9.264783382415771 385
9.27621603012085 385
9.287981986999512 385
9.300256252288818 385
9.312732696533203 410
9.324095726013184 410
9.335240364074707 662
9.35926604270935 660
9.371913433074951 660
9.383941650390625 661
9.394805669784546 661
9.407194137573242 661
9.418827295303345 661
9.430182933807373 397
9.442299365997314 397
9.454684019088745 389
9.465910911560059 389
9.477728366851807 389
9.489142894744873 380
9.501675844192505 364
9.51399040222168 364
9.525203466415405 353
9.536580801010132 353
9.548533201217651 347
9.562376022338867 347
9.574352025985718 338
9.585256814956665 338
9.59702754020691 349
9.609746932983398 349
9.62218427658081 355
9.633136510848999 355
9.6447274684906 365
9.657193183898926 365
9.668898820877075 380
9.680790662765503 380
9.692848682403564 446
9.704263925552368 393
9.716855525970459 393
9.728219985961914 393
9.739807605743408 393
9.751775741577148 392
9.76876974105835 392
9.781287908554077 391
9.793113708496094 391
9.809020757675171 391
9.822438716888428 391
9.833999395370483 391
9.845614433288574 391
9.856567859649658 391
9.869353771209717 393
9.882443189620972 393
9.894394159317017 651
9.905669212341309 651
9.917783737182617 653
9.929160594940186 653
9.94027066230774 653
9.95278525352478 658
9.964900016784668 658
9.976595163345337 635
9.987985849380493 635
9.999733686447144 403
10.011709213256836 385
10.024489879608154 385
10.035701036453247 383
10.047083377838135 383
10.058490991592407 370
10.072464227676392 370
10.084215641021729 357
10.095092296600342 357
10.106841802597046 357
10.119173288345337 357
10.131850481033325 353
10.14309287071228 353
10.154735326766968 362
10.171905040740967 362
10.184088468551636 365
10.195185899734497 365
10.20655107498169 380
10.218979358673096 393
10.230786561965942 393
10.242677688598633 399
10.254719972610474 399
10.265947818756104 399
10.278717756271362 399
10.289813041687012 404
10.302162885665894 404
10.31326150894165 393
10.325897216796875 393
10.337356090545654 392
10.348869562149048 392
10.360308170318604 399
10.374284029006958 399
10.385963916778564 395
10.397029876708984 395
10.408780336380005 399
10.419988632202148 399
10.433810710906982 392
10.444778442382812 392
10.456228971481323 399
10.467719078063965 399
10.480145692825317 399
10.492817878723145 399
10.5044264793396 391
10.515825033187866 391
10.52842378616333 392
10.539371013641357 392
10.55289912223816 392
10.568688869476318 392
10.582409620285034 392
10.593947172164917 392
10.604866743087769 392
10.616562366485596 626
10.62896466255188 626
10.640238046646118 391
10.652580976486206 391
10.664164543151855 391
10.67655634880066 391
10.688377618789673 391
10.699295997619629 391
10.711824655532837 391
10.722913980484009 391
10.735810995101929 391
10.746849775314331 391
10.758676528930664 391
10.770054578781128 391
10.783941268920898 391
10.795061111450195 391
10.806515455245972 391
10.817981004714966 391
10.830815315246582 384
10.842632532119751 384
10.85446047782898 391
10.865755558013916 391
10.877670526504517 391
10.889875173568726 391
10.90242338180542 391
10.914023876190186 391
10.925286054611206 391
10.937942028045654 393
10.949160814285278 393
10.965832233428955 393
10.978070735931396 393
10.990832090377808 387
11.00271987915039 387
11.014514207839966 393
11.02580714225769 393
11.038661241531372 391
11.049912452697754 391
11.062580347061157 393
11.074321031570435 393
11.086515426635742 393
11.098117113113403 393
11.109724521636963 393
11.121678352355957 401
11.1343252658844 401
11.145788669586182 389
11.157138347625732 389
11.169052839279175 397
11.18128514289856 397
11.194261074066162 397
11.205213785171509 397
11.217167854309082 393
11.228483200073242 393
11.24167776107788 401
11.252827405929565 401
11.264433860778809 618
11.276106595993042 618
11.288691759109497 397
11.299999713897705 397
11.312456130981445 401
11.323827266693115 401
11.335211277008057 639
11.348949909210205 639
11.360797643661499 399
11.377234935760498 399
11.390034675598145 389
11.402733325958252 380
11.41411280632019 380
11.425822019577026 370
11.436874151229858 370
11.44936203956604 355
11.46183466911316 355
11.473761081695557 353
11.485029458999634 353
11.497769117355347 355
11.508952617645264 355
11.521687746047974 365
11.532834529876709 365
11.545209884643555 376
11.55776309967041 376
11.569165229797363 404
11.58193302154541 404
11.594428062438965 630
11.605660200119019 630
11.617059707641602 643
11.628342628479004 643
11.639959573745728 630
11.65285062789917 630
11.664594173431396 420
11.675981998443604 420
11.687939167022705 391
11.700278043746948 391
11.71267819404602 383
11.724053859710693 383
11.735212326049805 370
11.747725486755371 370
11.759206295013428 357
11.775621891021729 357
11.787118196487427 355
11.800076246261597 361
11.81242060661316 361
11.824062824249268 355
11.834945917129517 355
11.84736967086792 380
11.858864545822144 380
11.87167477607727 401
11.883183240890503 401
11.894748210906982 644
11.906851053237915 644
11.918525218963623 645
11.929338455200195 645
11.941690444946289 644
11.95436429977417 644
11.965288162231445 643
11.97714376449585 643
11.988444328308105 643
12.00189733505249 626
12.013012170791626 397
12.024719715118408 397
12.03592848777771 408
12.047353506088257 408
12.059931516647339 372
12.07273554801941 372
12.084425926208496 364
12.09537148475647 364
12.108365535736084 357
12.119687557220459 357
12.132155895233154 340
12.143051385879517 340
12.155770540237427 345
12.17013430595398 345
12.184414863586426 336
12.195793390274048 336
12.208523988723755 348
12.219751596450806 355
12.232317209243774 355
12.243351697921753 374
12.255999565124512 374
12.26716685295105 370
12.279091596603394 370
12.290320634841919 366
12.303993940353394 366
12.315630674362183 370
12.326631784439087 370
12.338750123977661 370
12.349873781204224 370
12.363299131393433 365
12.37484860420227 365
12.386439323425293 622
12.397773504257202 622
12.410145998001099 385
12.42246675491333 385
12.434095859527588 639
12.445080518722534 639
12.457714796066284 633
12.46906304359436 633
12.481905221939087 634
12.493019819259644 634
12.504538536071777 641
12.516506671905518 641
12.527790546417236 645
12.53935194015503 645
12.5513436794281 384
12.56471037864685 384
12.580297946929932 385
12.593194484710693 385
12.604890584945679 383
12.617116212844849 383
12.628759622573853 370
12.639961957931519 370
12.652586221694946 357
12.664758682250977 357
12.676471471786499 348
12.687787294387817 348
12.699160814285278 340
12.712619304656982 347
12.724457502365112 347
12.735724449157715 353
12.747190713882446 353
12.75866150856018 366
12.772647380828857 366
12.784370422363281 376
12.79572319984436 376
12.807217121124268 383
12.81934928894043 383
12.832424640655518 389
12.843767881393433 389
12.855268001556396 389
12.867611646652222 389
12.879096508026123 384
12.891369104385376 384
12.903214693069458 384
12.915384531021118 384
12.926884651184082 380
12.938295125961304 380
12.949828863143921 384
12.962200164794922 384
12.978902339935303 391
12.991315841674805 384
13.002967834472656 384
13.01581072807312 393
13.026857614517212 393
13.038687229156494 393
13.049819231033325 393
13.062288761138916 389
13.074856996536255 389
13.086429357528687 402
13.097795486450195 402
13.109259128570557 397
13.122716188430786 397
13.134618997573853 389
13.145770072937012 389
13.157195091247559 397
13.169686079025269 397
13.182390213012695 397
13.193954229354858 397
13.205126523971558 455
13.216383695602417 455
13.229088306427002 630
13.24021291732788 630
13.253008842468262 397
13.264480829238892 397
13.27721381187439 626
13.288792371749878 626
13.300282955169678 408
13.312693357467651 408
13.325082778930664 383
13.336430549621582 372
13.348222494125366 372
13.359249353408813 366
13.375142097473145 366
13.388832330703735 360
13.400168418884277 360
13.412713766098022 361
13.42491626739502 361
13.436514377593994 361
13.447975158691406 361
13.45925521850586 383
13.471755266189575 383
13.484482288360596 391
13.495851516723633 391
13.50733208656311 401
13.518757820129395 401
13.532270193099976 651
13.543127059936523 651
13.555371761322021 651
13.572579383850098 651
13.586992740631104 632
13.599072456359863 630
13.610343933105469 630
13.622864246368408 389
13.6352059841156 389
13.646983623504639 372
13.65837025642395 372
13.669947862625122 365
13.683137655258179 365
13.694701433181763 348
13.705857038497925 348
13.717264413833618 345
13.745987176895142 345
13.757161140441895 345
13.769068956375122 345
13.787216901779175 353
13.79894733428955 353
13.811672449111938 370
13.822907447814941 370
13.835281133651733 384
13.846505641937256 384
13.85853910446167 389
13.869891881942749 389
13.883216142654419 645
13.894745826721191 645
13.906124114990234 624
13.917362213134766 624
13.929084062576294 639
13.941860437393188 639
13.953296422958374 397
13.964622497558594 397
13.976259231567383 397
13.988857984542847 384
14.000746011734009 376
14.012513399124146 376
14.024374961853027 364
14.036452770233154 364
14.04798936843872 357
14.05911135673523 357
14.071907043457031 353
14.08431887626648 353
14.095965147018433 357
14.107156991958618 357
14.118924140930176 365
14.130146980285645 365
14.14366102218628 385
14.155145168304443 385
14.166626453399658 653
14.185195684432983 650
14.196630001068115 650
14.208607196807861 474
14.219939231872559 474
14.232380151748657 439
14.244603872299194 439
14.256103515625 389
14.267245054244995 389
14.279141426086426 383
14.292649984359741 383
14.30426549911499 374
14.315217018127441 374
14.327114820480347 364
14.339781761169434 364
14.352288722991943 357
14.363152027130127 357
14.375070571899414 366
14.386287689208984 366
14.3989577293396 383
14.410189867019653 383
14.422820806503296 391
14.434213638305664 391
14.446527481079102 672
14.458240270614624 672
14.46987771987915 660
14.481852293014526 660
14.494452238082886 668
14.505351781845093 668
14.517125129699707 662
14.528496265411377 662
14.541612386703491 668
14.553781509399414 668
14.564977407455444 385
14.582719326019287 385
14.595075368881226 385
14.60640835762024 385
14.617690324783325 385
14.62888503074646 385
14.64023494720459 385
14.65311598777771 385
14.664723634719849 86
14.676314115524292 86
14.687948226928711 58
14.70014238357544 40
14.712502241134644 40
14.724188804626465 32
14.735032081604004 32
14.747728824615479 36
14.759110450744629 36
14.77212905883789 44
14.78307032585144 44
14.79584288597107 46
14.812650442123413 50
14.824015140533447 50
14.835227966308594 65
14.847362756729126 91
14.858962297439575 91
14.870319128036499 103
14.883092403411865 103
14.894726037979126 130
14.906842947006226 130
14.918238878250122 130
14.929162740707397 130
14.94134521484375 130
14.953380823135376 130
14.964708089828491 130
14.976131677627563 326
14.993756532669067 326
