00
0.031238794326782227 504
0.04229545593261719 504
0.053366899490356445 504
0.06540775299072266 504
0.07674026489257812 504
0.09370231628417969 504
0.10495305061340332 504
0.11712241172790527 504
0.13431739807128906 506
0.1513051986694336 500
0.16337299346923828 500
0.17474365234375 496
0.18546533584594727 496
0.19675374031066895 492
0.20734262466430664 492
0.22012615203857422 487
0.2312016487121582 487
0.2421274185180664 481
0.2534971237182617 481
0.26535582542419434 481
0.27674412727355957 471
0.2873406410217285 471
0.29857492446899414 469
0.31016111373901367 469
0.32246947288513184 460
0.3331117630004883 460
0.34414124488830566 454
0.35532331466674805 454
0.3674907684326172 439
0.37829089164733887 439
0.3904750347137451 427
0.40110206604003906 427
0.4126119613647461 418
0.4242544174194336 418
0.43531179428100586 408
0.4463315010070801 408
0.4573018550872803 408
0.4701695442199707 404
0.48167848587036133 401
0.4927711486816406 401
0.5035116672515869 392
0.5155007839202881 392
0.531557559967041 376
0.5426244735717773 376
0.5541419982910156 372
0.5646445751190186 372
0.5770003795623779 357
0.5874865055084229 357
0.5991537570953369 361
0.6105031967163086 361
0.622589111328125 364
0.6331806182861328 364
0.6443488597869873 366
0.6555829048156738 366
0.6679766178131104 366
0.6785666942596436 366
0.6905879974365234 372
0.7011384963989258 372
0.7126765251159668 376
0.7242872714996338 376
0.7352051734924316 384
0.7461707592010498 384
0.7572426795959473 384
0.7684035301208496 392
0.7815208435058594 404
0.7925417423248291 404
0.8032989501953125 412
0.8141281604766846 412
0.8263530731201172 418
0.8380389213562012 418
0.8502020835876465 427
0.861058235168457 427
0.8731019496917725 428
0.8836522102355957 428
0.894932746887207 435
0.9060459136962891 435
0.9172203540802002 435
0.9343078136444092 435
0.9454565048217773 435
0.9570631980895996 435
0.9682140350341797 431
0.9808254241943359 431
0.9917013645172119 428
1.00266432762146 428
1.013716697692871 429
1.0255491733551025 429
1.0370688438415527 425
1.0480101108551025 425
1.0596344470977783 418
1.0711665153503418 418
1.0832202434539795 411
1.0941729545593262 411
1.1049249172210693 408
1.1156976222991943 408
1.1280157566070557 399
1.1396949291229248 399
1.151289701461792 391
1.162576675415039 391
1.1734132766723633 380
1.185183048248291 380
1.196749210357666 374
1.2073009014129639 374
1.218398094177246 370
1.2309954166412354 370
1.2421369552612305 365
1.2531800270080566 365
1.264312982559204 368
1.2748761177062988 368
1.287076711654663 372
1.2979795932769775 372
1.3100306987762451 380
1.3210484981536865 380
1.3375005722045898 384
1.349142074584961 384
1.361008644104004 391
1.3721673488616943 391
1.3842275142669678 399
1.3947768211364746 399
1.4057135581970215 403
1.4167630672454834 403
1.4280285835266113 418
1.4409003257751465 418
1.452458381652832 420
1.4630706310272217 420
1.47422194480896 429
1.4859955310821533 429
1.4972434043884277 428
1.5079786777496338 428
1.5196526050567627 428
1.530580759048462 428
1.5425426959991455 427
1.553537130355835 427
1.5645806789398193 429
1.575247049331665 429
1.5872721672058105 425
1.5980291366577148 425
1.6096770763397217 420
1.6208949089050293 420
1.6321136951446533 418
1.643678903579712 418
1.6547703742980957 418
1.6659855842590332 412
1.6773688793182373 403
1.690246343612671 403
1.7011289596557617 399
1.7121570110321045 399
1.723106861114502 393
1.741145133972168 393
1.7529268264770508 380
1.7636668682098389 380
1.7748126983642578 374
1.7855231761932373 374
1.7979731559753418 370
1.8085861206054688 370
1.8208553791046143 365
1.832474946975708 365
1.8440730571746826 374
1.855177879333496 374
1.8664169311523438 376
1.8770802021026611 376
1.8881351947784424 376
1.9006426334381104 376
1.9116880893707275 385
1.9227850437164307 385
1.933593511581421 391
1.9455440044403076 391
1.956859827041626 391
1.96797776222229 399
1.9800870418548584 408
1.9909031391143799 408
2.004343032836914 418
2.014967203140259 418
2.0263428688049316 425
2.0372703075408936 425
2.0505306720733643 429
2.0610697269439697 429
2.0724689960479736 428
2.0830743312835693 428
2.0954244136810303 433
2.106290340423584 433
2.1173059940338135 433
2.1332004070281982 433
2.1454460620880127 428
2.1570708751678467 428
2.168182373046875 429
2.1791255474090576 429
2.190744638442993 425
2.2027435302734375 425
2.21409273147583 420
2.2247490882873535 420
2.235713481903076 416
2.247598648071289 416
2.259162187576294 412
2.2709944248199463 412
2.282322406768799 403
2.2929742336273193 403
2.3048102855682373 393
2.315662145614624 393
2.327249526977539 384
2.3384361267089844 384
2.35152006149292 376
2.362525463104248 376
2.373324394226074 372
2.3840603828430176 372
2.39522123336792 370
2.407083511352539 370
2.418226957321167 365
2.4291982650756836 365
2.4407975673675537 370
2.452890157699585 370
2.4641611576080322 372
2.47489857673645 372
2.486088752746582 376
2.4969372749328613 376
2.509201765060425 385
2.520803928375244 385
2.536050796508789 391
2.5471103191375732 391
2.5607333183288574 399
2.571593999862671 399
2.582822322845459 412
2.593675136566162 412
2.605700731277466 418
2.616837978363037 418
2.627721071243286 424
2.6391477584838867 424
2.6510980129241943 429
2.662816047668457 429
2.673699140548706 433
2.684469223022461 433
2.6957030296325684 433
2.7075371742248535 433
2.718655586242676 433
2.73063063621521 433
2.7414374351501465 433
2.7529242038726807 433
2.764853000640869 430
2.775543212890625 430
2.7868220806121826 427
2.797415256500244 427
2.810734987258911 420
2.8212990760803223 420
2.833118438720703 418
2.8440194129943848 418
2.8561787605285645 418
2.8674333095550537 412
2.8791141510009766 401
2.890529155731201 401
2.901259183883667 392
2.921322822570801 384
2.9475438594818115 376
2.9610116481781006 376
2.9749631881713867 372
2.9882607460021973 372
3.000514030456543 370
3.0133345127105713 370
3.0267484188079834 370
3.0374011993408203 372
3.0519673824310303 372
3.063993215560913 374
3.0754752159118652 374
3.0875370502471924 380
3.1013412475585938 380
3.1145288944244385 393
3.1268181800842285 399
3.140869617462158 399
3.152665615081787 399
3.165370225906372 408
3.1799521446228027 416
3.1908504962921143 416
3.2039904594421387 418
3.2160708904266357 418
3.230052947998047 429
3.242262840270996 429
3.2541427612304688 428
3.2668509483337402 433
3.281059741973877 433
3.2925262451171875 433
3.305372714996338 433
3.3177149295806885 428
3.335139036178589 428
3.3491599559783936 429
3.3612773418426514 424
3.3748629093170166 424
3.3881611824035645 420
3.3992021083831787 420
3.411093235015869 416
3.422975540161133 416
3.4340498447418213 410
3.444751739501953 410
3.4559755325317383 410
3.46817684173584 404
3.4802615642547607 404
3.4911394119262695 404
3.5024943351745605 392
3.5131349563598633 392
3.52512264251709 385
3.536283016204834 385
3.5473859310150146 383
3.5585336685180664 383
3.571406841278076 376
3.5824177265167236 376
3.593421459197998 376
3.6041553020477295 376
3.6151371002197266 376
3.6270687580108643 376
3.638319253921509 376
3.6501576900482178 376
3.6613881587982178 382
3.6732418537139893 382
3.6842823028564453 389
3.6951229572296143 389
3.706176996231079 393
3.7174887657165527 393
3.730252742767334 397
3.7456612586975098 397
3.7571938037872314 397
3.7685492038726807 403
3.7815401554107666 416
3.79258131980896 416
3.8033151626586914 420
3.814167022705078 420
3.826324701309204 424
3.837726354598999 424
3.8500890731811523 427
3.8608551025390625 427
3.8727333545684814 429
3.8833167552948 429
3.894603729248047 427
3.905365228652954 427
3.916729211807251 425
3.928385019302368 425
3.940209150314331 420
3.951508045196533 420
3.962799549102783 418
3.974543809890747 418
3.9856112003326416 411
3.9967145919799805 411
4.007655143737793 408
4.019145488739014 408
4.032148599624634 401
4.042813777923584 401
4.053638696670532 401
4.064691066741943 393
4.077202796936035 389
4.08808159828186 389
4.099989891052246 380
4.110872745513916 380
4.121462345123291 376
4.136765480041504 376
4.151139497756958 365
4.162237644195557 365
4.173106908798218 364
4.18469500541687 364
4.196161508560181 370
4.206960916519165 370
4.218042612075806 372
4.230737924575806 372
4.241544008255005 376
4.252980947494507 376
4.264156341552734 384
4.274814605712891 384
4.293975591659546 393
4.304619550704956 403
4.316270351409912 403
4.326989412307739 403
4.339621067047119 411
4.350954532623291 411
4.362152338027954 418
4.3730309009552 418
4.384950637817383 429
4.395702362060547 429
4.406973123550415 435
4.4176390171051025 435
4.429166793823242 443
4.4415953159332275 443
4.453129053115845 439
4.463695287704468 439
4.474791765213013 439
4.486881494522095 439
4.498159646987915 435
4.5091636180877686 435
4.520879507064819 433
4.531533241271973 433
4.548600912094116 429
4.561034917831421 425
4.5716331005096436 425
4.58264946937561 420
4.594508647918701 420
4.605358123779297 418
4.617021799087524 418
4.627588510513306 410
4.6408374309539795 410
4.651723623275757 410
4.662926912307739 408
4.674080848693848 408
4.6849730014801025 399
4.69701623916626 384
4.708081245422363 384
4.718665599822998 384
4.730999708175659 376
4.742754936218262 376
4.754106760025024 370
4.764707803726196 370
4.775720834732056 366
4.786706924438477 366
4.79915452003479 364
4.810683250427246 364
4.821596622467041 366
4.833136081695557 366
4.844919204711914 365
4.856433629989624 365
4.867453098297119 372
4.878197193145752 372
4.8910813331604 376
4.901644706726074 376
4.913048982620239 391
4.923720836639404 391
4.934931993484497 397
4.952656269073486 397
4.963586091995239 401
4.974830389022827 410
4.986133575439453 410
4.997702360153198 416
5.009199619293213 416
5.020531415939331 427
5.031597375869751 427
5.043289422988892 427
5.054644584655762 427
5.065521240234375 427
5.07696270942688 429
5.09319281578064 428
5.104751110076904 428
5.116077661514282 429
5.126909494400024 429
5.137983798980713 427
5.151068449020386 427
5.162338733673096 422
5.172914028167725 422
5.183481216430664 420
5.19480562210083 420
5.207118988037109 416
5.218149185180664 416
5.229177951812744 410
5.240848779678345 410
5.252962350845337 410
5.264050483703613 404
5.274894714355469 392
5.2863829135894775 392
5.298136949539185 385
5.310007333755493 385
5.3209919929504395 383
5.332451105117798 383
5.347355127334595 376
5.360947370529175 376
5.372393369674683 374
5.3829216957092285 374
5.39433217048645 372
5.405987024307251 372
5.417108774185181 374
5.427626132965088 374
5.439126253128052 374
5.451694011688232 374
5.462938547134399 380
5.473617792129517 380
5.484778881072998 384
5.4955408573150635 384
5.507971286773682 393
5.519647836685181 393
5.538439035415649 403
5.5505146980285645 403
5.56248140335083 412
5.573301553726196 412
5.584566116333008 425
5.595309019088745 425
5.60740852355957 433
5.618168830871582 433
5.629978179931641 433
5.64094614982605 433
5.6524224281311035 435
5.6686201095581055 435
5.681255102157593 435
5.693543434143066 433
5.706787586212158 433
5.718270301818848 428
5.730017423629761 428
5.745627164840698 429
5.758298873901367 425
5.770622968673706 425
5.781273126602173 425
5.792521238327026 420
5.803147077560425 420
5.815438985824585 420
5.826374292373657 420
5.844390153884888 416
5.859155893325806 410
5.8713157176971436 410
5.891090631484985 399
5.9028825759887695 391
5.917607307434082 391
5.930768728256226 375
5.943307638168335 375
5.954745054244995 372
5.968669176101685 366
5.982887029647827 366
5.994343280792236 364
6.007404088973999 364
6.020752429962158 361
6.033381938934326 361
6.0467798709869385 364
6.058049201965332 370
6.074166536331177 370
6.08959436416626 376
6.103011131286621 376
6.1154420375823975 385
6.1336047649383545 389
6.153402090072632 389
6.166166543960571 392
6.180917978286743 399
6.191566705703735 399
6.203554630279541 403
6.218243598937988 403
6.232895612716675 412
6.243512153625488 420
6.257662773132324 420
6.270907402038574 427
6.290144920349121 435
6.302664041519165 435
6.3154332637786865 437
6.336870908737183 439
6.352236270904541 439
6.366445302963257 432
6.381450414657593 429
6.396848201751709 429
6.411379337310791 420
6.425487518310547 420
6.441403150558472 418
6.453388214111328 418
6.471586227416992 411
6.486780166625977 404
6.500616788864136 397
6.5170979499816895 397
6.530061483383179 389
6.542169809341431 382
6.563294887542725 382
6.5754945278167725 376
6.594143390655518 372
6.611459255218506 372
6.623715400695801 370
6.636525869369507 372
6.647427082061768 372
6.658714294433594 374
6.671543598175049 374
6.682600736618042 380
6.693551540374756 380
6.70438814163208 380
6.715612888336182 384
6.727510213851929 393
6.738581895828247 393
6.750797748565674 393
6.761596918106079 401
6.773593187332153 401
6.784756183624268 412
6.795491695404053 412
6.806826829910278 420
6.817402124404907 420
6.831064701080322 425
6.841702222824097 425
6.853147983551025 429
6.86372447013855 429
6.876011610031128 433
6.887009143829346 433
6.898274898529053 433
6.909215688705444 433
6.920896530151367 433
6.932644844055176 433
6.943511962890625 428
6.96086859703064 429
6.971686601638794 429
6.983343124389648 425
6.994412660598755 425
7.004972696304321 420
7.0167107582092285 420
7.028302192687988 416
7.040136098861694 416
7.051144361495972 416
7.062363862991333 410
7.073158502578735 410
7.085237503051758 406
7.096285104751587 406
7.10728120803833 399
7.118076324462891 399
7.131228685379028 392
7.142398118972778 392
7.15350341796875 383
7.16431450843811 383
7.175380706787109 376
7.18711519241333 376
7.198438405990601 370
7.209672451019287 370
7.220998764038086 370
7.232656240463257 370
7.243595838546753 372
7.254871129989624 372
7.266104221343994 376
7.277085065841675 376
7.289644718170166 380
7.300704479217529 380
7.312148332595825 385
7.322900295257568 385
7.334871053695679 391
7.350939035415649 391
7.363095998764038 399
7.3742828369140625 412
7.386687278747559 412
7.3973023891448975 418
7.408555030822754 418
7.420138120651245 424
7.431304693222046 424
7.443111896514893 424
7.454516410827637 428
7.46520471572876 428
7.476434946060181 433
7.488183259963989 433
7.500568866729736 340
7.511123418807983 340
7.522455930709839 433
7.5331711769104 433
7.545366048812866 435
7.5568528175354 435
7.5676844120025635 433
7.57849645614624 433
7.591491222381592 429
7.602429151535034 429
7.613415002822876 428
7.624171018600464 428
7.634954452514648 425
7.647008180618286 425
7.658003330230713 420
7.670010328292847 420
7.681184530258179 418
7.693044424057007 418
7.70408296585083 410
7.714790105819702 410
7.726086139678955 397
7.7381908893585205 397
7.754945755004883 385
7.766139507293701 372
7.77738881111145 372
7.788704872131348 370
7.801045656204224 370
7.811640501022339 370
7.8229429721832275 364
7.834431409835815 364
7.846711874008179 366
7.857640504837036 361
7.869174003601074 361
7.8804919719696045 361
7.8926050662994385 364
7.903174877166748 364
7.914425373077393 365
7.925317764282227 365
7.936421871185303 374
7.9482996463775635 374
7.96007776260376 380
7.971035480499268 380
7.982311487197876 389
7.99399733543396 389
8.004834413528442 401
8.015622854232788 401
8.026894807815552 410
8.037703037261963 410
8.051281929016113 418
8.062291145324707 418
8.073151588439941 420
8.084036827087402 420
8.096687078475952 427
8.107272148132324 427
8.11842966079712 427
8.129693984985352 427
8.140955686569214 429
8.15769076347351 433
8.16969895362854 433
8.18105959892273 433
8.192368030548096 428
8.20397424697876 428
8.214970588684082 429
8.22597360610962 429
8.237050294876099 429
8.249675512313843 429
8.2609281539917 424
8.272120952606201 424
8.283194303512573 420
8.294028997421265 420
8.30607533454895 411
8.317152738571167 411
8.328261137008667 406
8.340024709701538 406
8.35248851776123 397
8.363202810287476 397
8.37430214881897 384
8.384922981262207 384
8.396570920944214 380
8.408143758773804 380
8.420147895812988 374
8.430858373641968 374
8.44236707687378 370
8.454349279403687 370
8.46538233757019 365
8.476166248321533 365
8.4872727394104 365
8.498009443283081 365
8.511157751083374 374
8.5220947265625 374
8.532959699630737 376
8.543537616729736 376
8.5610990524292 382
8.572496891021729 382
8.583511590957642 389
8.59438967704773 389
8.606645822525024 393
8.61737847328186 393
8.628447532653809 399
8.640220403671265 399
8.651540756225586 408
8.663408994674683 408
8.674535274505615 411
8.68537449836731 411
8.69696044921875 418
8.709184408187866 418
8.72086238861084 420
8.731547117233276 420
8.742879867553711 425
8.75488567352295 425
8.766185998916626 425
8.776961088180542 425
8.794436693191528 420
8.806149244308472 420
8.817465543746948 420
8.828286409378052 418
8.841092586517334 418
8.852389574050903 418
8.8641197681427 411
8.874978065490723 410
8.88640022277832 410
8.897165298461914 403
8.91001558303833 403
8.920804738998413 399
8.932350158691406 399
8.942923784255981 399
8.96123456954956 397
8.972644329071045 391
8.983433961868286 391
8.994851112365723 385
9.005656957626343 385
9.018028020858765 382
9.02869963645935 382
9.040932416915894 383
9.052456140518188 383
9.064208507537842 380
9.074877738952637 380
9.086289167404175 389
9.097372055053711 389
9.108434915542603 393
9.121201276779175 393
9.132423400878906 408
9.143073081970215 408
9.154168128967285 408
9.166157484054565 439
9.177374601364136 418
9.188161134719849 418
9.199947118759155 418
9.210777044296265 418
9.222890615463257 416
9.234024286270142 416
9.244664430618286 412
9.256368160247803 412
9.268409967422485 412
9.279715538024902 412
9.290931463241577 408
9.302254915237427 408
9.312816619873047 410
9.324782133102417 410
9.335549116134644 401
9.347011089324951 401
9.36333703994751 399
9.375326156616211 399
9.386904001235962 389
9.397539138793945 389
9.408654928207397 385
9.421433925628662 385
9.43259072303772 385
9.443179607391357 385
9.454271078109741 385
9.465366125106812 382
9.477605104446411 383
9.488717555999756 383
9.500692367553711 384
9.511367082595825 384
9.523331880569458 380
9.534343719482422 380
9.545504570007324 385
9.556889772415161 385
9.569199800491333 384
9.58060622215271 384
9.591627597808838 392
9.602621078491211 392
9.613345384597778 399
9.625470638275146 399
9.636422872543335 410
9.647550821304321 410
9.659660577774048 433
9.671639680862427 433
9.682553052902222 437
9.693466663360596 437
9.704253673553467 437
9.715473175048828 439
9.727299690246582 443
9.738298892974854 443
9.751363515853882 443
9.767211437225342 439
9.780763864517212 443
9.791309356689453 443
9.802455425262451 439
9.812976598739624 439
9.824881553649902 439
9.836810827255249 439
9.847722053527832 441
9.859172582626343 441
9.870997905731201 437
9.882807731628418 437
9.894085884094238 428
9.90472960472107 428
9.915722131729126 408
9.927605867385864 408
9.93917202949524 403
9.95103120803833 403
9.962339639663696 402
9.972965240478516 402
9.985165119171143 401
9.996071338653564 401
10.007345199584961 392
10.01839017868042 392
10.031173944473267 357
10.042167663574219 357
10.05301308631897 357
10.064031839370728 340
10.074845552444458 338
10.092231512069702 338
10.103020191192627 329
10.113616943359375 329
10.124695062637329 376
10.137020826339722 376
10.148300409317017 321
10.164771795272827 321
10.176275253295898 308
10.188132286071777 320
10.200183629989624 320
10.211001634597778 320
10.222303628921509 320
10.233628749847412 320
10.244826555252075 321
10.256326913833618 321
10.267476081848145 280
10.278262376785278 267
10.291095733642578 267
10.301703453063965 265
10.31315302848816 265
10.324031591415405 243
10.336109161376953 243
10.346993684768677 235
10.358392238616943 235
10.370163202285767 221
10.38112497329712 221
10.393287181854248 217
10.404161214828491 217
10.414981126785278 212
10.42597246170044 212
10.43827772140503 255
10.450155019760132 255
10.46119999885559 349
10.472144603729248 349
10.484035015106201 326
10.494868516921997 326
10.506121158599854 326
10.51700210571289 326
10.527709722518921 321
10.540889501571655 321
10.552305698394775 321
10.567710876464844 235
10.580066919326782 326
10.592145919799805 326
10.603054523468018 326
10.614064931869507 326
10.624907493591309 326
10.636852502822876 326
10.648329973220825 326
10.660550355911255 326
10.671303510665894 326
10.682316780090332 326
10.693583726882935 326
10.704346656799316 326
10.714935302734375 326
10.725693941116333 326
10.73823857307434 326
10.750092029571533 326
10.761068344116211 321
10.771987438201904 329
10.783209085464478 329
10.797035932540894 353
10.807580947875977 353
10.818389654159546 376
10.830162286758423 376
10.853452920913696 401
10.869698286056519 401
10.880759477615356 401
10.894495725631714 401
10.905457496643066 401
10.917611360549927 401
10.931649208068848 401
10.944630861282349 401
10.963002443313599 401
10.974130392074585 401
10.986096382141113 401
11.000840902328491 515
11.014880657196045 536
11.027971744537354 536
11.0439932346344 555
11.05733609199524 555
11.068461179733276 570
11.083564758300781 635
11.098312377929688 635
11.110227346420288 605
11.12313437461853 605
11.136991262435913 605
11.150846719741821 605
11.162978172302246 605
11.174872636795044 605
11.187018156051636 605
11.201274394989014 624
11.218287944793701 616
11.230039596557617 616
11.25209641456604 617
11.266443967819214 617
11.280277729034424 617
11.295384645462036 617
11.31065058708191 617
11.32811713218689 617
11.340798139572144 622
11.356957197189331 622
11.374720811843872 622
11.385679244995117 622
11.401974439620972 624
11.414659261703491 624
11.4253830909729 624
11.436861991882324 630
11.44743824005127 630
11.460634231567383 708
11.47157335281372 708
11.482523679733276 708
11.493356466293335 641
11.504959344863892 641
11.51668643951416 645
11.527288675308228 645
11.538320302963257 635
11.550205945968628 635
11.562528133392334 635
11.57336974143982 635
11.58446216583252 635
11.59916067123413 635
11.616029262542725 644
11.626819610595703 644
11.638166904449463 622
11.650021076202393 622
11.662317752838135 614
11.672929286956787 614
11.684219360351562 609
11.694980382919312 609
11.707294225692749 607
11.718111515045166 607
11.72870683670044 603
11.740726709365845 603
11.75171160697937 603
11.767688035964966 597
11.780049324035645 586
11.79111909866333 586
11.80242657661438 595
11.814178466796875 595
11.824919939041138 616
11.837092876434326 616
11.847597599029541 616
11.860928773880005 597
11.871701955795288 546
11.882972240447998 546
11.893552780151367 546
11.904719829559326 527
11.916704654693604 527
11.927484035491943 527
11.938499927520752 527
11.950968265533447 510
11.962797164916992 510
11.973548889160156 511
11.984276533126831 511
11.99546217918396 496
12.006386041641235 496
12.018213510513306 498
12.029634237289429 498
12.040616273880005 492
12.052172422409058 492
12.063450336456299 492
12.074617624282837 490
12.085508108139038 490
12.096871376037598 475
12.107452630996704 475
12.120696544647217 456
12.131259202957153 456
12.142486095428467 433
12.15332555770874 433
12.170012712478638 401
12.181298017501831 372
12.192806720733643 372
12.203405618667603 372
12.215726852416992 338
12.226719856262207 338
12.237618207931519 336
12.248722791671753 336
12.260661840438843 298
12.272429943084717 279
12.283240795135498 279
12.294371843338013 273
12.30532455444336 273
12.31716537475586 273
12.328196048736572 273
12.33914828300476 251
12.351351737976074 251
12.362558364868164 241
12.374221801757812 241
12.385332345962524 241
12.396148681640625 241
12.407285451889038 241
12.42001986503601 241
12.431068658828735 243
12.442009687423706 243
12.452961206436157 243
12.464052677154541 243
12.47630763053894 255
12.487088203430176 255
12.498290061950684 263
12.50964903831482 263
12.521682024002075 273
12.532830715179443 273
12.54367470741272 289
12.554785251617432 289
12.57169222831726 298
12.582879781723022 298
12.59424114227295 303
12.604999303817749 303
12.61616039276123 326
12.627616882324219 326
12.639106273651123 326
12.650972843170166 326
12.662281036376953 304
12.673588275909424 304
12.684737205505371 294
12.695497274398804 294
12.706853151321411 297
12.717593669891357 297
12.730930089950562 297
12.74156403541565 297
12.75308632850647 304
12.763652801513672 304
12.77616262435913 321
12.78699517250061 321
12.798105478286743 321
12.809128284454346 321
12.820871591567993 329
12.833346605300903 329
12.844361782073975 401
12.855441331863403 401
12.867023229598999 332
12.879145383834839 332
12.890943765640259 345
12.901619911193848 345
12.912663459777832 345
12.923194408416748 345
12.934818267822266 345
12.94551944732666 345
12.95705533027649 345
12.972907781600952 364
12.984745264053345 364
12.996386528015137 376
13.007107019424438 376
13.018330812454224 385
13.031043767929077 385
13.042161464691162 399
13.053091287612915 399
13.064247369766235 410
13.075183629989624 410
13.087385177612305 469
13.098237991333008 469
13.115567684173584 504
13.126804113388062 504
13.138604164123535 504
13.150531530380249 504
13.161327838897705 504
13.17228651046753 504
13.183568239212036 504
13.194531440734863 448
13.205604314804077 448
13.216526746749878 439
13.227384328842163 439
13.239660739898682 447
13.251503705978394 447
13.262452602386475 435
13.273224592208862 435
13.28483533859253 435
13.296175241470337 428
13.307038307189941 428
13.318295001983643 420
13.32969331741333 420
13.342288970947266 425
13.353080987930298 425
13.367084503173828 425
13.379645109176636 425
13.392371416091919 425
13.402935266494751 425
13.413575887680054 425
13.424798727035522 412
13.43698763847351 412
13.448341131210327 410
13.459725141525269 410
13.47108268737793 403
13.481698274612427 403
13.494413137435913 408
13.50500226020813 408
13.516558408737183 420
13.527327060699463 420
13.540261268615723 428
13.55140495300293 428
13.562600135803223 425
13.573119878768921 425
13.58414912223816 433
13.595662117004395 433
13.606964111328125 420
13.617963075637817 420
13.629638433456421 416
13.641662120819092 416
13.65318775177002 408
13.66434097290039 408
13.675566911697388 412
13.687413215637207 412
13.698623418807983 399
13.710469245910645 399
13.721374273300171 393
13.732655048370361 393
13.744560718536377 384
13.7556312084198 384
13.771668195724487 385
13.783682107925415 385
13.796582698822021 389
13.807241439819336 391
13.81829047203064 391
13.829682111740112 391
13.842806816101074 391
13.854073524475098 391
13.864965915679932 385
13.875982284545898 385
13.88714599609375 383
13.899098634719849 383
13.911200046539307 384
13.922149419784546 384
13.933143615722656 391
13.944864273071289 391
13.956542015075684 391
13.967474222183228 391
13.979652881622314 401
13.990705728530884 401
14.002955675125122 403
14.013548135757446 403
14.024760007858276 410
14.03571629524231 410
14.04835557937622 411
14.060012102127075 411
14.07109522819519 416
14.081990957260132 416
14.094322681427002 418
14.104990005493164 418
14.116333723068237 416
14.127106666564941 416
14.138355255126953 411
14.151479721069336 411
14.162900924682617 412
14.17829942703247 408
14.190620183944702 408
14.20270824432373 404
14.213524103164673 404
14.224324464797974 399
14.235464811325073 399
14.247265577316284 389
14.258716583251953 389
14.270951986312866 385
14.282339811325073 385
14.29311990737915 384
14.305238723754883 384
14.316102981567383 385
14.327276229858398 385
14.338293552398682 384
14.351534366607666 384
14.36255931854248 389
14.373475074768066 389
14.384288311004639 389
14.395544290542603 389
14.407384872436523 393
14.418519258499146 393
14.4302237033844 393
14.441373348236084 399
14.453502178192139 399
14.46450662612915 404
14.475445032119751 404
14.486724615097046 412
14.497333288192749 412
14.510106086730957 411
14.521093845367432 411
14.532420635223389 418
14.543052911758423 418
14.555489778518677 418
14.566850900650024 418
14.583413362503052 418
14.594663619995117 416
14.606837272644043 416
14.617969751358032 412
14.628643989562988 412
14.64089298248291 406
14.652872085571289 406
14.664102554321289 403
14.674794912338257 403
14.685965776443481 399
14.697475671768188 399
14.710464715957642 391
14.7211332321167 391
14.732006549835205 384
14.743139505386353 384
14.755431413650513 384
14.766787767410278 383
14.777396202087402 383
14.788396835327148 383
14.799941539764404 383
14.812369346618652 383
14.822951078414917 383
14.834803104400635 385
14.845575094223022 385
14.85826063156128 389
14.87014627456665 392
14.881531476974487 392
14.892546653747559 392
14.903557062149048 404
14.915207147598267 404
14.926665782928467 410
14.937447547912598 410
14.950045347213745 411
14.961590051651001 411
14.976856708526611 418
14.988118886947632 420
