00
0.03141975402832031 1215
0.0424196720123291 1215
0.055950164794921875 1215
0.06731319427490234 1219
0.07803726196289062 1219
0.08901596069335938 1219
0.10013818740844727 1219
0.11201310157775879 1219
0.12344121932983398 1217
0.13565421104431152 1217
0.1464376449584961 1217
0.15848636627197266 1212
0.16953420639038086 1212
0.18116259574890137 1206
0.1921982765197754 1206
0.2032158374786377 1200
0.21621966361999512 1200
0.22736144065856934 1200
0.2388322353363037 1200
0.24988651275634766 1200
0.2620539665222168 1200
0.27293872833251953 1200
0.28475260734558105 1200
0.29584240913391113 1200
0.306917667388916 1200
0.3190019130706787 1200
0.32990336418151855 1200
0.34146785736083984 1200
0.3627779483795166 1156
0.3761756420135498 1156
0.38751649856567383 1156
0.39882540702819824 1115
0.41086745262145996 1115
0.42230868339538574 1106
0.4339420795440674 1106
0.44574785232543945 1097
0.4571950435638428 1097
0.46903419494628906 1097
0.4803040027618408 1084
0.4914712905883789 1084
0.50246262550354 1066
0.5155816078186035 1066
0.5263447761535645 971
0.5382161140441895 971
0.5492029190063477 971
0.5602548122406006 1054
0.5722484588623047 1054
0.5844781398773193 1050
0.5957691669464111 1050
0.607036828994751 1024
0.6190476417541504 1024
0.6299026012420654 1024
0.6414577960968018 1024
0.6524233818054199 519
0.6659159660339355 519
0.6770515441894531 519
0.6877830028533936 519
0.6984865665435791 519
0.7096776962280273 519
0.7223436832427979 977
0.734419584274292 977
0.7458994388580322 979
0.7608327865600586 979
0.7732913494110107 970
0.7855236530303955 970
0.7962148189544678 951
0.8077452182769775 951
0.8195452690124512 951
0.8308734893798828 954
0.8423128128051758 954
0.8543779850006104 927
0.8656082153320312 927
0.8779916763305664 925
0.888920783996582 925
0.899909257888794 925
0.9114434719085693 908
0.9232707023620605 908
0.935779333114624 902
0.9468526840209961 902
0.9580264091491699 899
0.9701437950134277 899
0.9813277721405029 899
0.9921376705169678 899
1.0047316551208496 899
1.015915870666504 899
1.0278358459472656 856
1.0394976139068604 856
1.0507621765136719 856
1.0620641708374023 849
1.074770450592041 849
1.0862500667572021 841
1.0975565910339355 841
1.1088714599609375 823
1.119614839553833 823
1.132105827331543 823
1.14333176612854 814
1.1592321395874023 796
1.1703286170959473 796
1.182387351989746 788
1.1944589614868164 788
1.205812692642212 788
1.2168776988983154 788
1.2287349700927734 788
1.2398827075958252 788
1.2512857913970947 788
1.2622947692871094 788
1.2750358581542969 788
1.286055326461792 788
1.2971267700195312 788
1.3078227043151855 788
1.3189823627471924 788
1.33121657371521 736
1.3423163890838623 736
1.3539390563964844 726
1.3659870624542236 726
1.3780817985534668 726
1.3892996311187744 712
1.400207757949829 712
1.4117507934570312 704
1.4227359294891357 704
1.4363219738006592 334
1.447404384613037 334
1.4582979679107666 681
1.4692952632904053 681
1.4817566871643066 326
1.4929652214050293 326
1.5054800510406494 670
1.5162243843078613 670
1.5275928974151611 658
1.539623737335205 658
1.5507242679595947 654
1.5674924850463867 654
1.5797100067138672 649
1.5911545753479004 649
1.6019961833953857 644
1.61323881149292 644
1.6253752708435059 639
1.6378812789916992 639
1.6488702297210693 633
1.6599254608154297 633
1.6710186004638672 633
1.683312177658081 633
1.6949892044067383 633
1.7061870098114014 624
1.7173075675964355 624
1.7282700538635254 614
1.7408411502838135 614
1.7521724700927734 610
1.763200283050537 610
1.7754721641540527 590
1.7873997688293457 590
1.798750877380371 581
1.8094582557678223 581
1.8209359645843506 574
1.8320527076721191 574
1.8450334072113037 563
1.8562078475952148 563
1.8676087856292725 555
1.8788173198699951 555
1.8904767036437988 544
1.9019272327423096 544
1.9128835201263428 534
1.9250380992889404 534
1.937485933303833 534
1.9484333992004395 525
1.9650392532348633 515
1.9763762950897217 515
1.9890358448028564 504
2.002300977706909 504
2.0147864818573 496
2.025672674179077 496
2.0372438430786133 496
2.049180507659912 483
2.0607242584228516 475
2.071805953979492 475
2.0827713012695312 469
2.0958898067474365 469
2.107285261154175 456
2.1181845664978027 456
2.1292223930358887 439
2.142160654067993 439
2.1534385681152344 435
2.1655218601226807 435
2.176849126815796 427
2.1876912117004395 427
2.1999547481536865 418
2.2111408710479736 418
2.222186803817749 412
2.2348411083221436 412
2.24735164642334 403
2.2581214904785156 403
2.2696356773376465 397
2.2810988426208496 397
2.293351888656616 392
2.3053650856018066 392
2.3164684772491455 389
2.3276288509368896 389
2.339186668395996 389
2.351621627807617 385
2.368159532546997 383
2.3792428970336914 383
2.390451192855835 383
2.402799129486084 383
2.4152672290802 385
2.426090717315674 385
2.4377782344818115 384
2.4494740962982178 384
2.461318254470825 391
2.472214937210083 391
2.484421730041504 401
2.4964022636413574 401
2.5079174041748047 408
2.519076347351074 408
2.530395030975342 411
2.5418498516082764 411
2.5550031661987305 419
2.5659093856811523 419
2.577453136444092 425
2.5881288051605225 425
2.6003880500793457 425
2.61155366897583 425
2.6224770545959473 425
2.6347849369049072 425
2.646073341369629 420
2.658327341079712 420
2.669671058654785 420
2.6808066368103027 420
2.692058801651001 416
2.705256938934326 411
2.716331720352173 411
2.727470874786377 411
2.7391741275787354 408
2.751433849334717 404
2.767838954925537 404
2.7793729305267334 393
2.790841817855835 393
2.8032383918762207 389
2.8149478435516357 389
2.826378583908081 385
2.837805986404419 385
2.8490543365478516 382
2.860865354537964 382
2.872074604034424 376
2.88318133354187 376
2.8953824043273926 376
2.9072585105895996 376
2.918318271636963 375
2.9292120933532715 375
2.940840005874634 375
2.95295786857605 380
2.9653732776641846 385
2.9761159420013428 385
2.987466812133789 391
2.9991822242736816 391
3.011777877807617 401
3.0228431224823 401
3.035459041595459 403
3.0463664531707764 403
3.058950424194336 410
3.0696747303009033 410
3.0811681747436523 326
3.09204363822937 326
3.1032874584198 412
3.1161417961120605 412
3.1275250911712646 416
3.138737678527832 416
3.1498970985412598 412
3.1670010089874268 411
3.178342342376709 411
3.189570903778076 412
3.201080799102783 412
3.212939500808716 408
3.224903106689453 408
3.2363572120666504 408
3.251760482788086 403
3.2649314403533936 401
3.275934934616089 401
3.287402391433716 397
3.2983546257019043 397
3.3114054203033447 391
3.3222665786743164 391
3.334916353225708 383
3.3458411693573 383
3.3574330806732178 380
3.3694071769714355 380
3.3808321952819824 375
3.3918373584747314 375
3.4032092094421387 376
3.4160892963409424 376
3.427516460418701 380
3.438971996307373 380
3.4501538276672363 385
3.4620704650878906 385
3.473372459411621 389
3.485534906387329 389
3.4970788955688477 392
3.5078094005584717 392
3.520167827606201 404
3.531428813934326 404
3.5429327487945557 408
3.554852247238159 408
3.5711519718170166 410
3.582118511199951 408
3.593959093093872 408
3.6057076454162598 408
3.6178090572357178 408
3.628800392150879 403
3.6402695178985596 403
3.6515450477600098 408
3.6630570888519287 408
3.6757359504699707 406
3.6873273849487305 406
3.6982388496398926 401
3.7096028327941895 401
3.722090244293213 393
3.734755754470825 393
3.74603009223938 389
3.7571914196014404 389
3.7692558765411377 385
3.7804861068725586 385
3.7919390201568604 380
3.802886486053467 380
3.8139681816101074 374
3.8271822929382324 374
3.838336229324341 374
3.849497079849243 374
3.860370397567749 376
3.8731167316436768 376
3.885286808013916 383
3.8962159156799316 383
3.9076144695281982 389
3.918396472930908 389
3.930927038192749 393
3.942213296890259 393
3.9547154903411865 399
3.9718291759490967 399
3.983309745788574 403
3.9960477352142334 403
4.007620096206665 410
4.018809795379639 410
4.031176328659058 412
4.042262077331543 412
4.053919315338135 412
4.065468788146973 412
4.077887535095215 412
4.089023113250732 412
4.100354194641113 410
4.11154842376709 410
4.124463319778442 408
4.136099815368652 408
4.147386074066162 404
4.158139705657959 404
4.169530391693115 404
4.181595802307129 404
4.192886590957642 399
4.204931259155273 389
4.2164366245269775 389
4.22838830947876 385
4.240123748779297 385
4.251159429550171 380
4.269060850143433 380
4.2815046310424805 376
4.292200088500977 376
4.303486347198486 374
4.315523862838745 374
4.327946186065674 374
4.3391571044921875 374
4.350430727005005 376
4.36604118347168 376
4.378963470458984 380
4.3899455070495605 384
4.401747226715088 384
4.412743806838989 393
4.424751043319702 393
4.437524080276489 393
4.448428153991699 399
4.459413528442383 401
4.4707558155059814 401
4.4830029010772705 408
4.494958877563477 408
4.506028175354004 408
4.517308712005615 408
4.528021812438965 410
4.540463209152222 410
4.55170750617981 408
4.563291788101196 408
4.57535719871521 403
4.587691068649292 403
4.598799228668213 404
4.610216856002808 404
4.6216254234313965 401
4.635222434997559 401
4.646342039108276 395
4.657501697540283 395
4.668814182281494 391
4.679756164550781 391
4.692258358001709 385
4.703213453292847 385
4.715319633483887 383
4.7260215282440186 383
4.73834228515625 383
4.749541282653809 380
4.760382890701294 380
4.7774879932403564 380
4.789613485336304 383
4.801198720932007 383
4.8128273487091064 385
4.824741840362549 385
4.8374176025390625 391
4.848132133483887 391
4.859722137451172 399
4.87109112739563 399
4.8822407722473145 403
4.8949244022369385 403
4.906142950057983 410
4.917428016662598 410
4.928416967391968 411
4.9409050941467285 411
4.952065467834473 411
4.963021993637085 411
4.975388526916504 411
4.987277269363403 411
4.999397039413452 416
5.01022481918335 416
5.021700143814087 410
5.033064842224121 410
5.046155691146851 412
5.057241439819336 412
5.0681939125061035 408
5.07917857170105 408
5.091527223587036 399
5.1024391651153564 399
5.114739179611206 393
5.1259541511535645 393
5.137636423110962 384
5.1493775844573975 384
5.161088228225708 376
5.177704334259033 372
5.188888788223267 372
5.201478719711304 370
5.212206602096558 370
5.224452495574951 365
5.235836505889893 365
5.2480387687683105 367
5.259244203567505 367
5.2704315185546875 372
5.281855821609497 372
5.29479193687439 376
5.305785179138184 376
5.317205429077148 383
5.327944040298462 383
5.339314222335815 383
5.351765394210815 389
5.363070726394653 399
5.37485671043396 399
5.386207103729248 404
5.3983070850372314 404
5.409605979919434 408
5.4207518100738525 408
5.4321510791778564 410
5.444897651672363 410
5.456287384033203 410
5.467346429824829 410
5.4783594608306885 410
5.489287853240967 410
5.501647710800171 408
5.512372732162476 408
5.525036096572876 404
5.536294460296631 404
5.548483848571777 402
5.559667587280273 402
5.576853275299072 397
5.587854623794556 397
5.600358963012695 391
5.619069337844849 384
5.629940509796143 384
5.641643524169922 384
5.6549296379089355 385
5.666081190109253 383
5.677194833755493 383
5.688093662261963 382
5.700232982635498 382
5.711751699447632 385
5.722785472869873 385
5.735392808914185 384
5.746088981628418 384
5.758460283279419 397
5.769474506378174 397
5.781168699264526 401
5.792027950286865 401
5.805347681045532 408
5.8162736892700195 408
5.827375173568726 408
5.838315963745117 408
5.8494391441345215 408
5.861487627029419 408
5.872426986694336 420
5.889179944992065 420
5.900399684906006 420
5.913133382797241 418
5.9250359535217285 418
5.9370996952056885 418
5.9479780197143555 326
5.960216522216797 411
5.976180553436279 411
5.987806558609009 410
6.006290674209595 406
6.029461622238159 401
6.042449474334717 401
6.059026479721069 391
6.070170879364014 385
6.083926677703857 385
6.0973498821258545 376
6.116923809051514 376
6.128235101699829 372
6.143319368362427 372
6.158385992050171 372
6.172975063323975 372
6.184937238693237 372
6.19738507270813 374
6.210225820541382 374
6.224933862686157 376
6.237010478973389 376
6.250080823898315 383
6.265702962875366 391
6.278940439224243 391
6.292453050613403 397
6.305306673049927 410
6.319147825241089 410
6.330416679382324 412
6.3429319858551025 412
6.362175703048706 416
6.382840394973755 418
6.397868871688843 411
6.411108493804932 411
6.424780368804932 418
6.441546440124512 416
6.454830646514893 416
6.468934059143066 411
6.48009729385376 411
6.4977757930755615 410
6.510446310043335 326
6.527816534042358 326
6.54026460647583 326
6.552348852157593 406
6.567300796508789 399
6.588983535766602 391
6.602321147918701 384
6.616009712219238 384
6.648409605026245 383
6.665714740753174 383
6.680866241455078 383
6.698050260543823 385
6.71390962600708 385
6.731527805328369 389
6.747571706771851 392
6.7619805335998535 401
6.786757946014404 401
6.801669120788574 403
6.819037914276123 410
6.8361241817474365 410
6.8520731925964355 412
6.871882438659668 410
6.890707492828369 410
6.902328968048096 408
6.922072887420654 408
6.935746431350708 408
6.950252294540405 401
6.967476844787598 401
6.983902931213379 392
6.998748779296875 389
7.013016223907471 389
7.031311511993408 385
7.047380447387695 376
7.060344934463501 376
7.076309680938721 376
7.093962669372559 376
7.110230207443237 376
7.129558324813843 376
7.1455559730529785 384
7.15885591506958 393
7.17805814743042 404
7.191875457763672 404
7.209075927734375 410
7.222202301025391 410
7.23688268661499 416
7.252082824707031 420
7.265038967132568 420
7.2816078662872314 418
7.292320251464844 418
7.309759616851807 418
7.321772813796997 420
7.339108943939209 420
7.350260257720947 418
7.369391202926636 416
7.384376764297485 416
7.401433229446411 412
7.416258811950684 408
7.430830240249634 408
7.448484182357788 401
7.459965944290161 397
7.474440813064575 397
7.4871954917907715 391
7.500150918960571 391
7.511602163314819 382
7.526050806045532 376
7.539889812469482 376
7.552163600921631 376
7.566334009170532 376
7.582762241363525 374
7.597756385803223 376
7.611096620559692 376
7.622450828552246 380
7.636017560958862 380
7.64920711517334 384
7.6622796058654785 384
7.6743645668029785 397
7.688877582550049 404
7.700159072875977 404
7.711825370788574 408
7.7230706214904785 408
7.736359119415283 408
7.747739315032959 412
7.758964538574219 326
7.769697666168213 326
7.780785322189331 411
7.793023109436035 411
7.805513381958008 412
7.816260576248169 412
7.827320575714111 410
7.839947462081909 410
7.851449012756348 408
7.86287522315979 408
7.874936819076538 404
7.887051582336426 404
7.898149728775024 399
7.909101724624634 399
7.9207680225372314 392
7.93180775642395 392
7.945228815078735 384
7.956027030944824 384
7.9674506187438965 384
7.982301235198975 384
7.997432470321655 380
8.008297681808472 380
8.019554138183594 380
8.030409574508667 380
8.043081521987915 380
8.055230855941772 380
8.06630825996399 385
8.077528715133667 385
8.089402914047241 392
8.100849390029907 392
8.112054347991943 401
8.123260974884033 401
8.135825872421265 403
8.14788818359375 403
8.159291982650757 412
8.170132637023926 412
8.181599855422974 411
8.19334077835083 411
8.2055025100708 416
8.216348886489868 416
8.22772216796875 416
8.238935708999634 416
8.256411790847778 416
8.269447088241577 410
8.28073501586914 410
8.292065858840942 403
8.30488634109497 403
8.31624722480774 401
8.327619552612305 401
8.339190006256104 401
8.351614475250244 397
8.362936019897461 391
8.377421855926514 391
8.389907598495483 384
8.402188062667847 376
8.413927555084229 376
8.425475120544434 376
8.437159776687622 376
8.448935985565186 376
8.460251569747925 376
8.471320629119873 376
8.482277393341064 376
8.493223428726196 376
8.506342649459839 383
8.517685174942017 383
8.528932809829712 393
8.540205240249634 393
8.552416324615479 399
8.563448190689087 403
8.575958728790283 403
8.58713960647583 403
8.59920597076416 410
8.610113143920898 410
8.6215980052948 411
8.632776737213135 411
8.645010471343994 416
8.657210111618042 420
8.668141841888428 420
8.679094791412354 420
8.690335988998413 418
8.702768087387085 416
8.71485948562622 416
8.725785493850708 411
8.73764419555664 411
8.74840521812439 411
8.7614004611969 410
8.772305250167847 406
8.78966212272644 406
8.801430940628052 399
8.81338357925415 399
8.825864315032959 393
8.837329626083374 393
8.84827995300293 383
8.860136985778809 383
8.871668100357056 375
8.882766962051392 375
8.894833326339722 374
8.907091856002808 374
8.918071508407593 372
8.929036855697632 372
8.940346002578735 372
8.951814651489258 370
8.964766025543213 374
8.975776672363281 374
8.987349033355713 376
8.999095916748047 376
9.011485815048218 383
9.022212266921997 383
9.03500771522522 391
9.046018123626709 391
9.065399408340454 397
9.076338291168213 404
9.08745813369751 404
9.098449468612671 408
9.110445261001587 408
9.122180938720703 410
9.133378505706787 410
9.145383358001709 412
9.156368494033813 412
9.168933868408203 412
9.183951377868652 412
9.196071863174438 410
9.20746660232544 410
9.2196786403656 408
9.23082184791565 408
9.242170333862305 403
9.253377199172974 403
9.266912698745728 401
9.277825832366943 401
9.289413928985596 397
9.300774812698364 397
9.313074588775635 391
9.324887752532959 391
9.336464405059814 385
9.347585201263428 385
9.359000205993652 380
9.371078968048096 380
9.38209867477417 380
9.392996788024902 380
9.405036926269531 380
9.417325496673584 380
9.42827820777893 380
9.43951964378357 380
9.451130628585815 389
9.463260889053345 393
9.475741863250732 393
9.487048149108887 393
9.49813199043274 404
9.509113550186157 404
9.52146053314209 410
9.532344579696655 410
9.543931722640991 411
9.555891036987305 411
9.568084001541138 418
9.583351850509644 420
9.596359014511108 420
9.607765197753906 420
9.619566917419434 420
9.631092071533203 418
9.642260789871216 418
9.6538565158844 416
9.666429281234741 416
9.677951574325562 412
9.689117431640625 412
9.700345754623413 410
9.711607933044434 410
9.72488260269165 404
9.73609471321106 404
9.747529029846191 399
9.75834345817566 399
9.771152019500732 393
9.78223967552185 393
9.794421911239624 384
9.805771589279175 384
9.817201375961304 383
9.828915357589722 383
9.840221405029297 383
9.851930141448975 376
9.863100051879883 374
9.87585711479187 374
9.887279987335205 374
9.89810848236084 374
9.90924882888794 376
9.921573877334595 376
9.933239221572876 380
9.945334196090698 380
9.9564688205719 391
9.96764588356018 391
9.982274055480957 397
9.99761152267456 326
10.00878095626831 326
10.019705772399902 410
10.032355308532715 410
10.043399333953857 412
10.055476427078247 412
10.067014694213867 411
10.079035997390747 411
10.090285539627075 416
10.101349830627441 416
10.112468719482422 416
10.125394821166992 416
10.13685154914856 416
10.147852420806885 416
10.159116983413696 411
10.169984340667725 411
10.18238353729248 412
10.193371534347534 412
10.205670356750488 408
10.216883659362793 408
10.22911024093628 408
10.240237951278687 408
10.251642942428589 397
10.262925148010254 397
10.274993181228638 391
10.28716254234314 391
10.29823637008667 385
10.309192895889282 385
10.320813417434692 380
10.333269119262695 380
10.34538722038269 374
10.356147050857544 374
10.367536783218384 370
10.379608154296875 370
10.396905183792114 372
10.408021688461304 372
10.41933822631836 372
10.431505918502808 372
10.442914009094238 374
10.454936504364014 374
10.466455698013306 380
10.477644443511963 380
10.48972225189209 384
10.50112771987915 384
10.512218236923218 397
10.523332357406616 397
10.537147045135498 401
10.54796314239502 401
10.559405326843262 408
10.570247650146484 408
10.582458734512329 412
10.594381332397461 412
10.60592269897461 411
10.617233753204346 411
10.628302812576294 411
10.640429496765137 411
10.65187382698059 411
10.662838459014893 411
10.6748788356781 412
10.687164306640625 412
10.698291540145874 410
10.709270477294922 410
10.720929384231567 403
10.732357263565063 403
10.745723724365234 401
10.756920337677002 397
10.768018007278442 397
10.779074430465698 391
10.797163486480713 391
10.808373928070068 385
10.819575786590576 385
10.831092357635498 380
10.843150615692139 380
10.855683326721191 374
10.866438150405884 374
10.87779188156128 376
10.889708280563354 376
10.901199102401733 380
10.91205620765686 380
10.923847913742065 385
10.935724973678589 385
10.947861433029175 389
10.958848714828491 389
10.970191240310669 393
10.981608152389526 393
10.994778871536255 397
11.006376266479492 397
11.01789927482605 401
11.028846025466919 401
11.041597843170166 401
11.052836179733276 326
11.066303253173828 399
11.077522039413452 399
11.08940601348877 399
11.100752830505371 399
11.112173795700073 397
11.123185873031616 397
11.135831356048584 392
11.147826433181763 392
11.159278869628906 392
11.170164346694946 392
11.181631803512573 393
11.199206829071045 393
11.210322856903076 393
11.22215485572815 399
11.233395099639893 399
11.246875286102295 399
11.257791519165039 399
11.269115686416626 401
11.280208110809326 401
11.292793989181519 401
11.304381370544434 401
11.315914392471313 401
11.327063083648682 401
11.338300943374634 401
11.350403785705566 399
11.362094640731812 397
11.373206853866577 397
11.385522365570068 392
11.397675275802612 392
11.408936977386475 391
11.419686317443848 391
11.431465148925781 389
11.442731142044067 389
11.455853939056396 389
11.467050552368164 389
11.478040933609009 389
11.489033460617065 389
11.501554727554321 392
11.512326717376709 392
11.524928569793701 392
11.536210060119629 392
11.548335552215576 401
11.559417724609375 401
11.5709068775177 408
11.582053184509277 408
11.599478006362915 412
11.610755205154419 410
11.622249603271484 410
11.634474277496338 410
11.645917177200317 410
11.65787935256958 326
11.669178247451782 326
11.679979801177979 408
11.691606521606445 408
11.703919649124146 404
11.715704679489136 404
11.726933240890503 397
11.738362550735474 397
11.750898599624634 397
11.762069463729858 397
11.773001670837402 393
11.784987211227417 393
11.795941591262817 391
11.808197021484375 391
11.819452047348022 385
11.830936670303345 385
11.84212350845337 383
11.85538649559021 383
11.86637258529663 385
11.877763509750366 385
11.88928771018982 391
11.900232791900635 391
11.912833452224731 392
11.924713373184204 392
11.936232805252075 392
11.947535991668701 399
11.959680795669556 404
11.970800876617432 404
11.982171535491943 403
11.99892807006836 403
12.01116418838501 408
12.02223539352417 408
12.034785985946655 410
12.045645952224731 410
12.057978630065918 326
12.068983793258667 326
12.080129146575928 403
12.091346025466919 403
12.102405548095703 404
12.115585088729858 404
12.127106666564941 401
12.138165950775146 401
12.149563074111938 397
12.161800146102905 397
12.173222303390503 397
12.185397863388062 397
12.19699501991272 389
12.208889961242676 389
12.220149755477905 389
12.231303691864014 389
12.242823123931885 384
12.254714965820312 384
12.267215013504028 383
12.278112411499023 383
12.289385795593262 383
12.30040454864502 383
12.313022375106812 385
12.32478404045105 385
12.336423397064209 389
12.34772276878357 389
12.359958410263062 392
12.371280670166016 392
12.382326602935791 399
12.399030447006226 403
12.411559581756592 403
12.423231840133667 408
12.43541932106018 408
12.446308374404907 410
12.457366228103638 410
12.469393968582153 410
12.480477333068848 410
12.491885662078857 410
12.502800226211548 410
12.515887260437012 401
12.527063369750977 401
12.53836441040039 401
12.549547672271729 401
12.561132192611694 397
12.57301664352417 397
12.585386991500854 393
12.596340656280518 393
12.607749462127686 389
12.619587898254395 389
12.63121223449707 385
12.642353773117065 385
12.660853147506714 385
12.672948122024536 380
12.684837102890015 380
12.69577693939209 385
12.707165479660034 385
12.719075202941895 384
12.73027777671814 384
12.741747617721558 391
12.752913236618042 391
12.764777898788452 392
12.777477264404297 392
12.788324356079102 401
12.805534362792969 401
12.817927360534668 401
12.829057931900024 401
12.840402364730835 401
12.851830005645752 408
12.863096237182617 410
12.87591004371643 410
12.887325525283813 326
12.89823579788208 326
12.909332752227783 410
12.921574592590332 410
12.933264017105103 408
12.945336818695068 408
12.95685863494873 403
12.967701196670532 403
12.979943037033081 401
12.991288423538208 401
13.00898790359497 399
13.02434754371643 392
13.040083885192871 392
13.054466724395752 393
13.069400310516357 391
13.085302591323853 391
13.098764896392822 391
13.109572172164917 391
13.12592339515686 393
13.137725114822388 393
13.151289701461792 326
13.163960933685303 326
13.177212238311768 326
13.190398216247559 326
13.207914352416992 326
13.221164464950562 326
13.235866069793701 326
13.252279281616211 403
13.271313905715942 403
13.28593373298645 412
13.299220085144043 326
13.317932605743408 427
13.330261468887329 427
13.346014738082886 326
13.357214212417603 326
13.370350360870361 328
13.382442712783813 328
13.398199796676636 439
13.411498069763184 443
13.431474685668945 443
13.445045709609985 439
13.461909532546997 443
13.475825786590576 443
13.48831295967102 446
13.512293100357056 448
13.528391599655151 447
13.543336868286133 447
13.557658910751343 448
13.574946403503418 443
13.58837366104126 443
13.608345031738281 326
13.622315168380737 326
13.638302087783813 326
13.655612468719482 321
13.671509981155396 326
13.685001134872437 326
13.70280408859253 326
13.719880104064941 416
13.734891653060913 416
13.749545812606812 326
13.762125015258789 326
13.776027917861938 326
13.792280435562134 326
13.806379556655884 326
13.818301916122437 326
13.83022928237915 326
13.842421770095825 326
13.854480028152466 420
13.865797519683838 420
13.877097606658936 321
13.888936042785645 321
13.90007472038269 433
13.91118049621582 433
13.922751426696777 326
13.934881210327148 326
13.947200536727905 326
13.957903623580933 326
13.96934199333191 326
13.980340242385864 326
13.992829084396362 326
14.010087013244629 456
14.02188229560852 456
14.033271551132202 456
14.046314477920532 326
14.05741834640503 321
14.068443059921265 321
14.079492330551147 321
14.09199047088623 321
14.103117942810059 473
14.115375518798828 473
14.126059770584106 473
14.13783049583435 481
14.149570226669312 481
14.161335468292236 483
14.172118186950684 483
14.18342137336731 488
14.196068048477173 488
14.207500457763672 490
14.218458890914917 490
14.229995965957642 492
14.24225664138794 492
14.253960847854614 492
14.265531539916992 492
14.277018547058105 490
14.287760972976685 490
14.300104141235352 487
14.311173677444458 487
14.322333335876465 483
14.334367513656616 483
14.347253322601318 478
14.358185052871704 478
14.369102239608765 479
14.380316257476807 479
14.391331434249878 479
14.409127712249756 473
14.420730352401733 464
14.431869506835938 464
14.44308090209961 460
14.45609188079834 460
14.46745228767395 345
14.478209733963013 345
14.48960828781128 439
14.501761198043823 439
14.513020753860474 326
14.524993658065796 326
14.536418437957764 326
14.54884147644043 326
14.560003995895386 411
14.571175813674927 411
14.582424640655518 410
14.593881130218506 410
14.606851816177368 410
14.617774486541748 410
14.628976345062256 401
14.64038348197937 401
14.653021097183228 403
14.664793252944946 403
14.676020860671997 402
14.687273740768433 402
14.699462890625 399
14.710446834564209 399
14.722061395645142 392
14.733333349227905 392
14.745723247528076 391
14.757878303527832 391
14.769105434417725 380
14.779997110366821 380
14.791495561599731 383
14.808993577957153 385
14.820823907852173 385
14.832128286361694 380
14.843371152877808 380
14.857035160064697 385
14.867784976959229 385
14.8791823387146 385
14.890272617340088 385
14.901346445083618 389
14.913443803787231 389
14.9257230758667 389
14.9373779296875 389
14.948431730270386 397
14.960335731506348 397
14.9718656539917 326
14.982898235321045 326
14.99480128288269 401
