00
0.030791521072387695 721
0.04273581504821777 721
0.05494999885559082 721
0.0662689208984375 721
0.0770883560180664 721
0.08794736862182617 721
0.09916925430297852 721
0.11108922958374023 721
0.12274551391601562 722
0.13419175148010254 722
0.14510846138000488 720
0.1571338176727295 720
0.16826224327087402 720
0.179307222366333 714
0.19063568115234375 706
0.2012486457824707 706
0.21433734893798828 702
0.22524404525756836 702
0.23630666732788086 702
0.24722862243652344 702
0.25906825065612793 702
0.2703731060028076 702
0.2816753387451172 697
0.2940483093261719 706
0.305910587310791 706
0.3169083595275879 696
0.3277561664581299 696
0.33850860595703125 696
0.3500030040740967 685
0.36194276809692383 685
0.37383508682250977 662
0.38471102714538574 662
0.4080960750579834 644
0.42503976821899414 634
0.4380910396575928 626
0.44922471046447754 626
0.464601993560791 626
0.47663164138793945 618
0.4885594844818115 609
0.5006535053253174 609
0.5151903629302979 605
0.5279896259307861 605
0.5390851497650146 599
0.5510811805725098 599
0.5676484107971191 590
0.5785384178161621 590
0.5921227931976318 581
0.6037499904632568 581
0.6172716617584229 580
0.6281514167785645 580
0.6416313648223877 580
0.6542835235595703 569
0.6676304340362549 569
0.6797435283660889 559
0.6933083534240723 559
0.7059719562530518 546
0.7185311317443848 546
0.7310147285461426 536
0.7447328567504883 536
0.7562549114227295 525
0.7682664394378662 525
0.7797341346740723 513
0.7929694652557373 513
0.8072826862335205 500
0.8195569515228271 500
0.8310165405273438 492
0.8419876098632812 492
0.8547186851501465 483
0.8668022155761719 483
0.8780999183654785 479
0.8889808654785156 479
0.9004116058349609 475
0.9110727310180664 475
0.9243247509002686 474
0.9351656436920166 474
0.9465334415435791 469
0.9572877883911133 469
0.969702959060669 469
0.9808816909790039 462
0.992072343826294 455
1.0041210651397705 455
1.0150527954101562 452
1.0269944667816162 452
1.0381858348846436 441
1.0490107536315918 441
1.0606482028961182 436
1.0740487575531006 436
1.0849053859710693 433
1.0961077213287354 433
1.1072001457214355 429
1.1193034648895264 429
1.130594253540039 425
1.1416122913360596 425
1.1522901058197021 420
1.164583444595337 420
1.1769189834594727 419
1.187816858291626 419
1.2048211097717285 416
1.2161242961883545 416
1.22837233543396 412
1.2395923137664795 412
1.2508745193481445 408
1.262192726135254 408
1.2751858234405518 403
1.2863917350769043 403
1.297846794128418 401
1.3085505962371826 401
1.3201189041137695 399
1.332054853439331 399
1.3443405628204346 397
1.3551726341247559 397
1.3667914867401123 397
1.3784337043762207 397
1.3896520137786865 397
1.400559663772583 397
1.41180419921875 399
1.4245915412902832 399
1.4358649253845215 399
1.4465186595916748 399
1.4577651023864746 397
1.4688060283660889 397
1.4811005592346191 395
1.4920053482055664 395
1.5041756629943848 392
1.5148391723632812 392
1.5270094871520996 392
1.538081169128418 392
1.5491955280303955 397
1.5602946281433105 397
1.5711913108825684 399
1.5845465660095215 399
1.6005408763885498 401
1.6112868785858154 408
1.6235947608947754 408
1.635840654373169 403
1.6468210220336914 403
1.657921314239502 403
1.6692266464233398 410
1.681201696395874 408
1.692789077758789 408
1.7042937278747559 408
1.7158923149108887 403
1.7266755104064941 406
1.7389543056488037 406
1.7499065399169922 406
1.7609269618988037 404
1.7721412181854248 404
1.7856919765472412 402
1.796506404876709 402
1.8076846599578857 399
1.8183977603912354 399
1.8306565284729004 399
1.8417415618896484 399
1.8546478748321533 399
1.865926742553711 399
1.8768036365509033 399
1.8884353637695312 399
1.9002273082733154 399
1.9108614921569824 399
1.9220449924468994 397
1.9347026348114014 397
1.946033239364624 397
1.9568367004394531 397
1.9682796001434326 397
1.9792263507843018 397
1.9938421249389648 397
2.0098578929901123 397
2.020878553390503 397
2.032151937484741 399
2.044604778289795 399
2.055885076522827 399
2.066812753677368 399
2.0780344009399414 395
2.090031147003174 395
2.1064534187316895 399
2.1171109676361084 399
2.1282410621643066 399
2.1404309272766113 399
2.151608943939209 399
2.163236379623413 399
2.174591541290283 399
2.1852214336395264 399
2.197821855545044 399
2.208385705947876 399
2.219743490219116 399
2.2305939197540283 399
2.2437124252319336 399
2.254722833633423 399
2.2662909030914307 399
2.2768843173980713 399
2.2889697551727295 399
2.2998969554901123 399
2.3109922409057617 399
2.3220055103302 399
2.3340673446655273 399
2.3458149433135986 399
2.35661244392395 399
2.3679115772247314 399
2.3790998458862305 399
2.390862464904785 399
2.406953811645508 399
2.4179892539978027 399
2.429184913635254 399
2.44112491607666 399
2.452763319015503 399
2.4644219875335693 399
2.4752774238586426 399
2.4863052368164062 399
2.4984519481658936 399
2.5092577934265137 399
2.520787000656128 399
2.531611919403076 399
2.5445468425750732 404
2.5556962490081787 404
2.566917896270752 404
2.5777578353881836 404
2.5887420177459717 401
2.6006932258605957 401
2.6120238304138184 401
2.623857021331787 401
2.6350746154785156 401
2.6469547748565674 401
2.6579713821411133 401
2.6690163612365723 401
2.680591583251953 400
2.6915531158447266 400
2.704618453979492 401
2.7152490615844727 401
2.726613998413086 401
2.7376976013183594 401
2.750004529953003 401
2.760935068130493 401
2.772038459777832 401
2.7842090129852295 401
2.795903205871582 399
2.8111674785614014 399
2.823524236679077 399
2.834465265274048 399
2.8464510440826416 397
2.8583784103393555 397
2.8702268600463867 397
2.8808743953704834 397
2.8921263217926025 397
2.904756546020508 399
2.9163286685943604 399
2.926978588104248 399
2.938096523284912 399
2.949962854385376 399
2.960951328277588 401
2.9721109867095947 401
2.9844229221343994 402
2.995065689086914 402
3.0070619583129883 404
3.0181519985198975 404
3.029237747192383 401
3.0406253337860107 401
3.053586721420288 401
3.0647051334381104 401
3.076022148132324 399
3.086674928665161 399
3.098048210144043 397
3.1101629734039307 397
3.121123790740967 392
3.1320531368255615 392
3.144345998764038 392
3.156311511993408 392
3.167755126953125 392
3.17842173576355 392
3.1897284984588623 393
3.2070751190185547 392
3.2182512283325195 392
3.229182720184326 393
3.240812063217163 393
3.251744508743286 393
3.264860153198242 393
3.276299238204956 386
3.286966562271118 386
3.2978687286376953 391
3.310284376144409 391
3.3210246562957764 392
3.3322219848632812 392
3.3442764282226562 389
3.3564085960388184 389
3.3676185607910156 389
3.3787264823913574 391
3.3896918296813965 389
3.401137590408325 389
3.4144883155822754 380
3.425152063369751 380
3.436211585998535 376
3.4471988677978516 376
3.459237575531006 384
3.470871925354004 384
3.4817843437194824 391
3.493715286254883 391
3.5045995712280273 372
3.516941547393799 372
3.527714252471924 392
3.539039134979248 392
3.5502216815948486 392
3.563147783279419 392
3.574380874633789 361
3.585247039794922 361
3.5962302684783936 361
3.6136746406555176 348
3.6251070499420166 340
3.636293411254883 340
3.647202730178833 345
3.658191442489624 345
3.670776128768921 345
3.6818771362304688 336
3.6943955421447754 345
3.705028533935547 345
3.71714448928833 345
3.7280194759368896 345
3.7391443252563477 336
3.7501113414764404 336
3.7632999420166016 345
3.7743749618530273 345
3.785228729248047 353
3.796434164047241 353
3.8077023029327393 361
3.8197216987609863 361
3.8308963775634766 340
3.8417234420776367 340
3.8543848991394043 334
3.866460084915161 334
3.877786159515381 347
3.8884432315826416 347
3.8999085426330566 348
3.9106922149658203 348
3.9236700534820557 326
3.934819459915161 326
3.946199655532837 321
3.9567947387695312 321
3.9688186645507812 321
3.9801623821258545 320
3.991166591644287 304
4.007275819778442 304
4.019915580749512 297
4.030805349349976 297
4.042129039764404 294
4.053802728652954 294
4.065710067749023 290
4.077234745025635 290
4.088376045227051 282
4.09918475151062 282
4.110640525817871 282
4.123542547225952 282
4.134903907775879 281
4.145859241485596 281
4.156811237335205 278
4.167903900146484 278
4.180389165878296 267
4.191227436065674 278
4.2027130126953125 278
4.214197397232056 259
4.226348400115967 259
4.237729549407959 251
4.248359203338623 251
4.259662389755249 247
4.278388977050781 247
4.2899041175842285 237
4.300829887390137 233
4.3118531703948975 233
4.324725389480591 225
4.336066722869873 225
4.346728086471558 225
4.358092308044434 225
4.369157791137695 225
4.381255626678467 221
4.393189430236816 217
4.40693211555481 217
4.419987916946411 211
4.431910276412964 211
4.44431471824646 203
4.4549477100372314 203
4.466544151306152 197
4.4784040451049805 197
4.489718198776245 197
4.5005784034729 197
4.511162281036377 197
4.522075414657593 197
4.534886121749878 197
4.545940160751343 197
4.556577920913696 197
4.567733287811279 197
4.580305099487305 197
4.590930461883545 197
4.6019322872161865 197
4.61354660987854 197
4.624374151229858 197
4.63618540763855 197
4.6467835903167725 197
4.658157825469971 164
4.669205665588379 164
4.681701421737671 154
4.6928040981292725 154
4.704728364944458 138
4.716017484664917 138
4.726886510848999 137
4.738727807998657 137
4.7501184940338135 139
4.76082706451416 139
4.771977424621582 139
4.7851011753082275 139
4.796130180358887 139
4.810653209686279 139
4.8217058181762695 139
4.834901809692383 139
4.846541404724121 139
4.857700347900391 130
4.868700265884399 130
4.880003929138184 130
4.891698837280273 130
4.903297662734985 130
4.914371490478516 130
4.924976587295532 130
4.936841249465942 130
4.947726726531982 130
4.959033250808716 139
4.970677137374878 139
4.983236074447632 149
4.994341135025024 149
5.004965543746948 149
5.01619815826416 149
5.026820659637451 149
5.038435697555542 149
5.0496580600738525 157
5.0604987144470215 157
5.071591377258301 164
5.0836098194122314 164
5.096071004867554 173
5.106790065765381 173
5.117879867553711 184
5.128509998321533 184
5.141020059585571 179
5.151854515075684 179
5.164302349090576 179
5.174914836883545 177
5.186962842941284 177
5.198315858840942 175
5.214244842529297 175
5.225753545761108 174
5.237668514251709 174
5.248755931854248 162
5.259947299957275 162
5.2709739208221436 162
5.282107591629028 149
5.29505729675293 139
5.3061463832855225 139
5.317557334899902 130
5.328248023986816 122
5.340512752532959 122
5.351153612136841 120
5.363770961761475 120
5.374964237213135 107
5.386009216308594 107
5.398036956787109 107
5.408804655075073 107
5.420230388641357 94
5.430922985076904 94
5.444353818893433 93
5.454960584640503 93
5.466532945632935 86
5.477169036865234 86
5.488494396209717 86
5.5010693073272705 84
5.512008428573608 84
5.524177074432373 86
5.534792900085449 86
5.5469300746917725 84
5.5579986572265625 84
5.569231986999512 82
5.580350160598755 82
5.592702150344849 72
5.611798286437988 58
5.626530170440674 59
5.6376495361328125 59
5.651073217391968 55
5.662787199020386 55
5.674901962280273 49
5.685972213745117 49
5.6978759765625 46
5.708511829376221 40
5.7201621532440186 40
5.730853080749512 38
5.750600337982178 38
5.76182222366333 38
5.7738611698150635 36
5.7846999168396 36
5.79706597328186 36
5.807932615280151 36
5.819035768508911 38
5.830017328262329 38
5.841114282608032 36
5.854878902435303 36
5.866525888442993 36
5.877609729766846 36
5.8885414600372314 36
5.900943756103516 40
5.911785125732422 40
5.924076318740845 46
5.934690713882446 46
5.946040391921997 40
5.957552671432495 40
5.968460321426392 40
5.9799041748046875 49
5.990978956222534 51
6.003664970397949 49
6.01851224899292 49
6.030273675918579 59
6.041168212890625 59
6.054383039474487 58
6.065674543380737 58
6.07660174369812 57
6.087246417999268 57
6.098567962646484 57
6.111053943634033 57
6.121883392333984 57
6.134203910827637 59
6.144853353500366 59
6.157001256942749 59
6.168170213699341 59
6.179268836975098 68
6.190394639968872 68
6.202706336975098 67
6.21437406539917 72
6.225571155548096 72
6.236339330673218 77
6.247302532196045 77
6.259732484817505 84
6.273284435272217 84
6.284712314605713 86
6.2956907749176025 86
6.307764768600464 94
6.318415403366089 94
6.329719543457031 99
6.340750455856323 101
6.351749420166016 101
6.36472749710083 101
6.376054286956787 103
6.387053489685059 99
6.398133277893066 99
6.414908409118652 99
6.42607307434082 94
6.437265157699585 94
6.448442459106445 93
6.460745811462402 93
6.471873998641968 86
6.483798980712891 86
6.495008945465088 84
6.506028652191162 84
6.518197059631348 77
6.5291619300842285 77
6.5406224727630615 76
6.551236629486084 74
6.56470513343811 74
6.576205730438232 67
6.586804151535034 67
6.597851037979126 59
6.609621286392212 59
6.621013879776001 50
6.6319098472595215 50
6.644188404083252 49
6.654965877532959 49
6.667306184768677 51
6.678158760070801 49
6.6892759799957275 49
6.700871467590332 46
6.713242769241333 46
6.724567651748657 40
6.735218524932861 40
6.74639368057251 40
6.757240056991577 40
6.76961612701416 40
6.780974388122559 40
6.792709589004517 38
6.804192304611206 36
6.820531845092773 36
6.831850290298462 32
6.84363055229187 32
6.855918645858765 36
6.867755651473999 36
6.878946542739868 40
6.8899476528167725 44
6.901026248931885 44
6.912172317504883 74
6.924860239028931 74
6.936293125152588 40
6.946916818618774 40
6.95796537399292 32
6.970228910446167 32
6.981163501739502 40
6.9920806884765625 40
7.0043840408325195 44
7.014977216720581 40
7.027034759521484 40
7.038134574890137 51
7.049113512039185 51
7.06081485748291 74
7.073780536651611 74
7.084953308105469 86
7.099908113479614 107
7.111061334609985 107
7.1243367195129395 121
7.134990930557251 121
7.146317005157471 137
7.156919240951538 137
7.168092966079712 137
7.180639028549194 154
7.191821098327637 189
7.203302383422852 189
7.218767404556274 189
7.2308080196380615 189
7.242223262786865 220
7.25421667098999 233
7.265736818313599 233
7.277230262756348 249
7.288382530212402 249
7.2999513149261475 263
7.310860872268677 263
7.323859214782715 282
7.334674596786499 282
7.346110105514526 298
7.356991529464722 298
7.368150234222412 298
7.38058876991272 334
7.391923666000366 321
7.4035351276397705 321
7.414750576019287 321
7.4265289306640625 321
7.437946796417236 328
7.448755264282227 328
7.459731101989746 334
7.4711902141571045 334
7.484493255615234 330
7.495126247406006 330
7.506118297576904 329
7.517071485519409 329
7.52893328666687 336
7.5405449867248535 336
7.551225662231445 340
7.56364893913269 340
7.574616193771362 348
7.58671236038208 348
7.597754955291748 366
7.609026670455933 366
7.6259925365448 365
7.637809753417969 365
7.648985385894775 372
7.6603264808654785 372
7.671196937561035 380
7.6844635009765625 380
7.696049213409424 401
7.706704139709473 401
7.718074083328247 389
7.730265378952026 389
7.741267681121826 408
7.752229928970337 408
7.764653205871582 397
7.77595067024231 397
7.7878687381744385 397
7.798502206802368 397
7.810154676437378 392
7.82090425491333 392
7.834315299987793 397
7.846058130264282 397
7.856999635696411 401
7.868182420730591 401
7.879560470581055 401
7.891246318817139 401
7.903625249862671 408
7.914534330368042 408
7.925896406173706 410
7.937596321105957 410
7.948780536651611 411
7.960134267807007 411
7.971169471740723 411
7.984397649765015 411
7.995821952819824 416
8.006515979766846 416
8.022738695144653 418
8.035115242004395 427
8.046571969985962 427
8.05728030204773 427
8.06894850730896 425
8.08030652999878 425
8.093192338943481 420
8.104516506195068 418
8.115978717803955 418
8.126641035079956 418
8.138990879058838 420
8.150004148483276 420
8.161017179489136 408
8.172251462936401 408
8.184427261352539 403
8.196529388427734 403
8.207686424255371 401
8.218552350997925 401
8.229990005493164 401
8.241785049438477 401
8.253848791122437 401
8.265119552612305 401
8.276463270187378 401
8.287119388580322 401
8.299244403839111 401
8.310335159301758 401
8.321621656417847 408
8.33270001411438 408
8.345941305160522 410
8.35661244392395 410
8.368101358413696 412
8.379138708114624 412
8.391237497329712 404
8.402184963226318 404
8.414494037628174 404
8.430333614349365 399
8.442216634750366 399
8.454405069351196 397
8.465253829956055 397
8.476738691329956 395
8.487574338912964 395
8.500228643417358 397
8.510974884033203 397
8.522118091583252 399
8.533856630325317 399
8.546326875686646 401
8.5572030544281 401
8.568450450897217 401
8.579731941223145 403
8.590665340423584 408
8.603554964065552 408
8.615005493164062 410
8.625996589660645 410
8.636686325073242 429
8.64854383468628 429
8.65929102897644 416
8.670974969863892 416
8.682124137878418 416
8.700732469558716 416
8.711934089660645 425
8.723611116409302 425
8.734899997711182 433
8.746777534484863 433
8.757864713668823 443
8.768925428390503 443
8.780279636383057 450
8.790945768356323 450
8.804194211959839 469
8.814842462539673 469
8.830739498138428 481
8.841715335845947 481
8.856013536453247 490
8.867021322250366 490
8.87809944152832 509
8.888915538787842 509
8.901179790496826 518
8.912034749984741 518
8.924404859542847 527
8.935134887695312 527
8.946430444717407 546
8.958095073699951 546
8.969080686569214 546
8.98062801361084 599
8.99116849899292 537
9.00463342666626 537
9.015267372131348 538
9.026613712310791 538
9.03765344619751 538
9.048721313476562 546
9.060686111450195 546
9.071736812591553 555
9.083614587783813 555
9.094910621643066 580
9.1067955493927 580
9.117879152297974 616
9.128774881362915 616
9.140249252319336 591
9.15207290649414 591
9.164735555648804 595
9.176237106323242 595
9.187143802642822 590
9.197997331619263 590
9.209717512130737 643
9.22654128074646 643
9.237836360931396 572
9.24876594543457 572
9.261227130889893 567
9.27273964881897 567
9.284636735916138 561
9.295264959335327 561
9.307564735412598 555
9.318214893341064 555
9.329025506973267 559
9.340681791305542 559
9.351223707199097 559
9.36465573310852 569
9.375293493270874 569
9.38680624961853 561
9.397840976715088 561
9.409951210021973 559
9.42073678970337 559
9.43187141418457 551
9.44326400756836 551
9.45477819442749 550
9.466843605041504 550
9.478034734725952 544
9.488810777664185 544
9.50014328956604 527
9.511934041976929 527
9.524080514907837 525
9.534700632095337 525
9.545672416687012 527
9.556714296340942 527
9.568801164627075 527
9.58040738105774 518
9.591139316558838 518
9.603237628936768 510
9.615196704864502 510
9.630769491195679 509
9.641905546188354 506
9.654192209243774 506
9.666292905807495 506
9.677142143249512 515
9.688024282455444 515
9.69922685623169 517
9.711041688919067 517
9.72225046157837 509
9.73416543006897 509
9.744958877563477 515
9.756173610687256 515
9.768042087554932 515
9.779261350631714 517
9.790687799453735 519
9.801280975341797 519
9.81450867652893 519
9.825136184692383 519
9.836431503295898 517
9.847942113876343 517
9.858567953109741 518
9.871063709259033 518
9.882715463638306 536
9.894494771957397 536
9.905255794525146 536
9.917652368545532 523
9.92835259437561 523
9.939975261688232 519
9.950714826583862 519
9.962047576904297 519
9.974774599075317 519
9.986058712005615 519
9.996865034103394 519
10.008091449737549 538
10.020158290863037 538
10.036679029464722 536
10.047647476196289 536
10.05891489982605 532
10.071133852005005 532
10.082750082015991 553
10.0941743850708 553
10.10516881942749 546
10.116357564926147 546
10.128350734710693 523
10.13916802406311 523
10.150567293167114 517
10.161161422729492 517
10.174970388412476 515
10.18593978881836 515
10.196532964706421 510
10.20774507522583 510
10.219287395477295 504
10.230738639831543 504
10.24170446395874 504
10.25366473197937 504
10.264721155166626 504
10.276754379272461 498
10.287668943405151 498
10.298951625823975 496
10.309876203536987 496
10.321963787078857 490
10.33369779586792 490
10.344736337661743 483
10.356058359146118 483
10.36698865890503 483
10.379084825515747 479
10.390433073043823 471
10.401108503341675 471
10.41203236579895 469
10.427961826324463 469
10.440962553024292 464
10.45200228691101 464
10.464572191238403 462
10.476576328277588 462
10.48763656616211 460
10.498273611068726 460
10.50961971282959 455
10.520598888397217 455
10.533649444580078 456
10.544622421264648 456
10.556060314178467 456
10.566944122314453 456
10.579034090042114 455
10.590157747268677 455
10.601297616958618 447
10.612240314483643 447
10.624344110488892 437
10.636192083358765 437
10.647202730178833 427
10.658356189727783 427
10.66967511177063 427
10.68188214302063 420
10.695888042449951 418
10.706689596176147 418
10.718138694763184 420
10.73027515411377 420
10.741260766983032 412
10.752192974090576 412
10.764732837677002 411
10.77606725692749 411
10.788076162338257 408
10.798957586288452 408
10.810456991195679 403
10.821289300918579 403
10.839025735855103 410
10.851032495498657 412
10.863672494888306 412
10.87459111213684 416
10.886730909347534 416
10.897846698760986 420
10.908961534500122 420
10.919982194900513 429
10.932017803192139 429
10.943657636642456 439
10.955086708068848 439
10.966356039047241 439
10.977173566818237 436
10.989032745361328 437
11.000545263290405 437
11.011168956756592 439
11.02323603630066 439
11.035007238388062 437
11.046454191207886 437
11.057101011276245 437
11.068715333938599 429
11.07994532585144 429
11.092007160186768 418
11.103813886642456 418
11.114971160888672 416
11.126112699508667 416
11.138372659683228 410
11.149645328521729 410
11.16080117225647 401
11.171979904174805 401
11.184090614318848 395
11.19610857963562 395
11.207273721694946 393
11.218189001083374 393
11.234935283660889 393
11.247267007827759 399
11.258512735366821 399
11.270028829574585 399
11.281051397323608 404
11.294445037841797 410
11.305158615112305 410
11.31666612625122 411
11.327592611312866 411
11.340030908584595 416
11.350830793380737 416
11.362301588058472 420
11.374362707138062 420
11.385258674621582 418
11.397603750228882 418
11.40879487991333 416
11.419916868209839 416
11.43106985092163 411
11.444217681884766 411
11.455229043960571 412
11.466769456863403 412
11.47791576385498 410
11.488726615905762 410
11.501208782196045 403
11.512153148651123 403
11.524293422698975 408
11.535072088241577 408
11.547264337539673 401
11.55838680267334 401
11.569838285446167 401
11.58084774017334 404
11.594300746917725 397
11.604956150054932 397
11.616465330123901 392
11.627136468887329 392
11.645284414291382 397
11.656566381454468 397
11.668164730072021 391
11.67956256866455 391
11.690598487854004 392
11.702215909957886 392
11.714402437210083 389
11.725300312042236 389
11.736783742904663 389
11.748492002487183 389
11.76016616821289 391
11.771185636520386 391
11.783201694488525 392
11.794581651687622 392
11.806779861450195 391
11.817919731140137 391
11.829026937484741 392
11.84030270576477 392
11.854400634765625 399
11.86570692062378 399
11.876666784286499 406
11.887577772140503 406
11.899852991104126 416
11.910736083984375 416
11.922022104263306 416
11.933693170547485 416
11.944843053817749 420
11.956770896911621 420
11.968244791030884 420
11.979208946228027 420
11.990742444992065 420
12.0032057762146 420
12.014632225036621 420
12.025283098220825 420
12.04110074043274 418
12.054721355438232 420
12.066200733184814 420
12.077190399169922 418
12.088182926177979 418
12.105863332748413 411
12.116751432418823 411
12.127947807312012 410
12.138771533966064 410
12.15036654472351 406
12.163247108459473 406
12.174562931060791 404
12.185302495956421 404
12.196718692779541 401
12.208483934402466 401
12.220009565353394 399
12.230797052383423 399
12.242061376571655 401
12.254070043563843 401
12.266689777374268 401
12.277766942977905 401
12.28850769996643 404
12.29958987236023 404
12.311867475509644 406
12.323561191558838 406
12.334888458251953 410
12.345985174179077 410
12.358057498931885 418
12.369128704071045 418
12.380828380584717 416
12.391795873641968 416
12.40428113937378 420
12.416152477264404 420
12.427083492279053 425
12.441836595535278 428
12.454462051391602 428
12.46672773361206 428
12.477778434753418 437
12.488436222076416 443
12.499879121780396 443
12.511878490447998 452
12.524173498153687 452
12.5347318649292 464
12.546135187149048 464
12.556719541549683 464
12.569082498550415 475
12.580577611923218 475
12.591750144958496 481
12.60322904586792 481
12.615670204162598 488
12.626390218734741 488
12.637640714645386 488
12.648242235183716 488
12.659565687179565 483
12.671749353408813 483
12.683763027191162 490
12.69477105140686 490
12.706057071685791 490
12.717705011367798 490
12.7283194065094 491
12.73958158493042 491
12.750402450561523 491
12.761821746826172 491
12.774582147598267 491
12.785890102386475 492
12.796537160873413 492
12.80769419670105 510
12.81969952583313 510
12.830880880355835 492
12.84786081314087 446
12.859104633331299 446
12.871665716171265 439
12.883810758590698 439
12.894754886627197 437
12.906119585037231 437
12.917830467224121 481
12.92891812324524 481
12.940104246139526 481
12.957282304763794 464
12.969727993011475 464
12.980748414993286 475
12.99186658859253 428
13.003712177276611 428
13.014833688735962 420
13.026764869689941 420
13.037953853607178 411
13.048801183700562 411
13.060596466064453 376
13.073589324951172 376
13.084600925445557 353
13.095240354537964 353
13.106621503829956 326
13.11766242980957 326
13.129701614379883 321
13.140570402145386 321
13.15185022354126 303
13.164162874221802 303
13.176436185836792 298
13.187113285064697 298
13.198271989822388 296
13.209035873413086 296
13.220386505126953 290
13.23201870918274 290
13.248414993286133 296
13.259576082229614 296
13.270853996276855 308
13.284220457077026 308
13.295555591583252 320
13.30632758140564 320
13.317156791687012 321
13.32894778251648 321
13.340253114700317 326
13.351029872894287 326
13.363678216934204 326
13.375229358673096 326
13.386529684066772 326
13.397162199020386 326
13.408371210098267 330
13.419613122940063 330
13.431717872619629 340
13.442772388458252 340
13.454576253890991 340
13.465896129608154 340
13.478029012680054 357
13.488807439804077 357
13.500317335128784 364
13.51096487045288 364
13.522149801254272 372
13.53493595123291 372
13.546366691589355 380
13.556965827941895 380
13.56810450553894 380
13.580398559570312 384
13.591553449630737 399
13.602789402008057 399
13.614558935165405 404
13.62525224685669 404
13.637764692306519 408
13.653653621673584 408
13.66590690612793 411
13.676719903945923 411
13.6887686252594 416
13.699755430221558 416
13.710921287536621 418
13.721970081329346 418
13.734834432601929 418
13.745914459228516 418
13.756936073303223 418
13.768107414245605 418
13.779590368270874 416
13.791285753250122 416
13.803632259368896 411
13.814639329910278 411
13.826087951660156 410
13.838006973266602 410
13.84995698928833 408
13.86081600189209 408
13.871994495391846 401
13.885085105895996 401
13.896621227264404 401
13.907295942306519 401
13.918383598327637 392
13.929177284240723 392
13.94169282913208 397
13.953219175338745 397
13.965052843093872 397
13.976067066192627 397
13.98789930343628 397
13.998538255691528 397
14.00999903678894 399
14.021005392074585 399
14.032157182693481 401
14.049118041992188 404
14.060714721679688 404
14.072215557098389 406
14.084560871124268 406
14.096431255340576 410
14.107710123062134 410
14.118397235870361 410
14.129908561706543 410
14.14189600944519 410
14.153696060180664 410
14.164844274520874 410
14.176182985305786 404
14.18792176246643 404
14.199259757995605 404
14.210330486297607 404
14.221222400665283 397
14.232173919677734 397
14.24510645866394 389
14.256335735321045 389
14.267810344696045 384
14.278360366821289 384
14.290665626525879 380
14.30127477645874 380
14.313233137130737 365
14.324657440185547 365
14.335925340652466 361
14.34725022315979 361
14.358463287353516 353
14.369845867156982 353
14.381011247634888 340
14.39365839958191 340
14.40486454963684 330
14.415913105010986 330
14.426861763000488 321
14.437907695770264 321
14.455148458480835 303
14.466590166091919 303
14.477813243865967 290
14.489017486572266 282
14.501131772994995 282
14.512276649475098 273
14.524123191833496 273
14.534972190856934 271
14.546787977218628 271
14.558072566986084 326
14.569104671478271 326
14.580547332763672 243
14.591590166091919 243
14.604454040527344 263
14.615283012390137 263
14.626605987548828 219
14.63722038269043 219
14.649591207504272 206
14.6605703830719 206
14.671663284301758 217
14.683743953704834 217
14.697598218917847 209
14.713737964630127 213
14.72472071647644 213
14.73624300956726 228
14.748095035552979 228
14.759294986724854 229
14.770705938339233 229
14.78183627128601 252
14.793537616729736 252
14.806123971939087 280
14.81678819656372 280
14.827916383743286 326
14.838535070419312 326
14.857057094573975 353
14.86841082572937 353
14.879870891571045 404
14.891046285629272 403
14.903850793838501 403
14.915138483047485 428
14.926215410232544 428
14.9371018409729 456
14.950406789779663 456
14.961830615997314 483
14.973788022994995 483
14.985101222991943 499
14.996050596237183 499
