00
0.011110305786132812 0
0.019919395446777344 0
0.029031753540039062 1
0.038153648376464844 3
0.047087907791137695 6
0.05579805374145508 9
0.06428933143615723 13
0.0718538761138916 17
0.08133196830749512 21
0.08974695205688477 26
0.10349726676940918 34
0.11142420768737793 40
0.12005090713500977 46
0.12986302375793457 52
0.13805270195007324 60
0.1466374397277832 66
0.1556224822998047 72
0.16424822807312012 80
0.1718437671661377 86
0.18148231506347656 94
0.18993806838989258 98
0.19814109802246094 106
0.20673608779907227 113
0.2157280445098877 120
0.22418618202209473 126
0.2337040901184082 134
0.24151372909545898 143
0.24999737739562988 148
0.25820183753967285 156
0.2668468952178955 163
0.27586865425109863 170
0.2854633331298828 178
0.2941865921020508 185
0.30182313919067383 194
0.3102545738220215 200
0.3186984062194824 207
0.3270840644836426 214
0.3368840217590332 223
0.34569406509399414 230
0.3541910648345947 237
0.3617532253265381 246
0.37017822265625 252
0.37861108779907227 259
0.3880643844604492 268
0.3968057632446289 275
0.40564513206481934 282
0.4141662120819092 289
0.42174291610717773 297
0.43034958839416504 304
0.4399149417877197 312
0.44811415672302246 320
0.4568667411804199 327
0.46574997901916504 334
0.47421908378601074 341
0.48352622985839844 350
0.4911007881164551 357
0.5049006938934326 369
0.5135881900787354 375
0.521683931350708 381
0.5302751064300537 386
0.5397951602935791 390
0.5480461120605469 393
0.5567736625671387 395
0.5654380321502686 396
0.5737850666046143 397
0.5817785263061523 396
0.5911059379577637 395
0.5997376441955566 394
0.6080026626586914 392
0.6165730953216553 388
0.6250889301300049 384
0.6336824893951416 380
0.6433424949645996 376
0.6508853435516357 371
0.6595351696014404 366
0.6678981781005859 361
0.6764700412750244 355
0.6862287521362305 348
0.6948707103729248 343
0.7034173011779785 339
0.7109591960906982 336
0.7195672988891602 333
0.7279026508331299 331
0.7375121116638184 330
0.7461113929748535 329
0.7547259330749512 330
0.7630155086517334 331
0.7707996368408203 333
0.779404878616333 335
0.7897360324859619 339
0.7979826927185059 342
0.8066360950469971 347
0.8156485557556152 352
0.8241367340087891 356
0.831690788269043 363
0.8409543037414551 368
0.8495566844940186 373
0.8578193187713623 377
0.8664112091064453 381
0.8750789165496826 383
0.8836040496826172 385
0.8929901123046875 386
0.9060955047607422 386
0.9146342277526855 384
0.9229660034179688 383
0.9308810234069824 380
0.9407079219818115 377
0.9495103359222412 374
0.9577875137329102 370
0.9663782119750977 365
0.9747974872589111 360
0.9835934638977051 355
0.9925222396850586 350
1.0008363723754883 346
1.0093908309936523 343
1.0177505016326904 341
1.0263376235961914 339
1.0348083972930908 339
1.0444097518920898 339
1.0519731044769287 340
1.0605525970458984 341
1.0689847469329834 343
1.077880859375 346
1.0864512920379639 350
1.096076250076294 353
1.1044621467590332 358
1.1124825477600098 363
1.1208529472351074 367
1.1293692588806152 370
1.1376965045928955 373
1.1471061706542969 376
1.1559689044952393 377
1.1643807888031006 378
1.1719450950622559 378
1.1805524826049805 376
1.1889464855194092 375
1.1982524394989014 372
1.2069787979125977 370
1.2157959938049316 366
1.2242579460144043 362
1.2318830490112305 358
1.2405321598052979 353
1.2500901222229004 349
1.2584381103515625 346
1.2670884132385254 343
1.2758867740631104 341
1.284339189529419 340
1.2919042110443115 340
1.3060622215270996 341
1.314634084701538 343
1.322967290878296 346
1.3309247493743896 348
1.3399267196655273 352
1.349022388458252 356
1.3577940464019775 361
1.3663785457611084 366
1.374847412109375 371
1.3834130764007568 374
1.3909597396850586 377
1.4005603790283203 379
1.4089951515197754 380
1.4177734851837158 380
1.4263265132904053 380
1.4347507953643799 379
1.4431042671203613 377
1.4519712924957275 374
1.4604132175445557 371
1.46907377243042 368
1.4778227806091309 364
1.4863674640655518 358
1.4948480129241943 354
1.5044474601745605 348
1.5120186805725098 345
1.5205154418945312 343
1.5289561748504639 341
1.5377542972564697 340
1.5463640689849854 339
1.5560131072998047 340
1.5644245147705078 341
1.571977138519287 343
1.580430030822754 345
1.5888888835906982 348
1.5977048873901367 352
1.6074771881103516 356
1.6160838603973389 361
1.6245388984680176 366
1.6325035095214844 370
1.640655517578125 374
1.6489737033843994 377
1.658715009689331 379
1.6671087741851807 380
1.675865888595581 380
1.6843273639678955 380
1.6919012069702148 379
1.7014005184173584 376
1.714381217956543 372
1.7219836711883545 369
1.7307443618774414 366
1.7395272254943848 362
1.7478342056274414 358
1.7574272155761719 352
1.766012191772461 348
1.774583339691162 345
1.7829468250274658 343
1.7917377948760986 342
1.8001668453216553 341
1.8097326755523682 342
1.8179688453674316 343
1.8265166282653809 345
1.8353705406188965 347
1.843733549118042 350
1.8515136241912842 354
1.8609604835510254 358
1.8696718215942383 362
1.8779737949371338 367
1.8865420818328857 371
1.895430564880371 374
1.9037513732910156 376
1.9129905700683594 377
1.9207451343536377 377
1.929086446762085 377
1.9376258850097656 376
1.9461491107940674 375
1.9559855461120605 373
1.9644553661346436 370
1.9720048904418945 366
1.9806599617004395 363
1.98948335647583 359
1.999570608139038 354
2.00933837890625 349
2.017866849899292 346
2.0264475345611572 343
2.0349576473236084 341
2.04360032081604 340
2.051331043243408 340
2.060706377029419 340
2.0689949989318848 342
2.077789545059204 344
2.086351156234741 346
2.094804525375366 350
2.10809588432312 356
2.1169803142547607 360
2.1259889602661133 365
2.1346704959869385 370
2.1430046558380127 373
2.150773048400879 376
2.1603329181671143 378
2.168721914291382 379
2.1770381927490234 380
2.185868740081787 379
2.1944847106933594 378
2.20205020904541 376
2.2115375995635986 372
2.220020294189453 370
2.2282378673553467 366
2.2368412017822266 362
2.2457826137542725 358
2.254438638687134 352
2.2637107372283936 348
2.271576404571533 344
2.2800350189208984 342
2.288250207901001 340
2.2968316078186035 339
2.305614471435547 339
2.3150293827056885 340
2.3236308097839355 340
2.331390380859375 342
2.339838743209839 344
2.348021984100342 348
2.3566300868988037 352
2.366230010986328 356
2.374828577041626 361
2.383448600769043 366
2.390956401824951 370
2.3995418548583984 373
2.4078142642974854 376
2.4174187183380127 378
2.425943613052368 380
2.4345009326934814 380
2.44245982170105 380
2.4505131244659424 379
2.4589247703552246 378
2.468411445617676 375
2.4768106937408447 372
2.4855971336364746 369
2.494205951690674 365
2.503434181213379 358
2.516860246658325 352
2.525862216949463 348
2.534457206726074 344
2.541984796524048 341
2.5508973598480225 339
2.559966564178467 338
2.569375991821289 337
2.577759027481079 337
2.5863139629364014 338
2.5947558879852295 340
2.6030161380767822 342
2.6108150482177734 345
2.6210484504699707 349
2.6297342777252197 352
2.638174295425415 358
2.646713972091675 362
2.6559600830078125 367
2.664426803588867 373
2.6742303371429443 377
2.6818103790283203 380
2.690272331237793 382
2.6986796855926514 384
2.707106113433838 384
2.715916156768799 384
2.725421667098999 383
2.733734607696533 382
2.741661787033081 379
2.7501227855682373 377
2.7584903240203857 373
2.767052173614502 370
2.776522159576416 364
2.7850146293640137 360
2.7947285175323486 354
2.8030214309692383 350
2.81083607673645 346
2.820394515991211 343
2.828817367553711 341
2.8375654220581055 340
2.8461084365844727 339
2.854670763015747 340
2.863023281097412 340
2.871818780899048 342
2.8802497386932373 344
2.8887555599212646 347
2.8975417613983154 350
2.9097912311553955 356
2.9183554649353027 362
2.928053379058838 368
2.936763286590576 372
2.945422410964966 375
2.9538097381591797 378
2.96157169342041 380
2.970050096511841 382
2.9799234867095947 382
2.988121747970581 382
2.996670961380005 381
3.0053980350494385 380
3.0136711597442627 378
3.022984504699707 374
3.030940055847168 371
3.039809465408325 368
3.048006057739258 364
3.0565640926361084 358
3.0650782585144043 353
3.074671745300293 348
3.082968235015869 344
3.0907630920410156 342
3.0997345447540283 340
3.108001708984375 338
3.116560220718384 338
3.1260507106781006 338
3.134456157684326 339
3.1420176029205322 340
3.150468587875366 342
3.165659189224243 347
3.174865245819092 352
3.183481216430664 356
3.1910552978515625 360
3.199774742126465 365
3.208049774169922 370
3.2167632579803467 374
3.2263758182525635 377
3.2349259853363037 379
3.243608236312866 380
3.251356601715088 380
3.25978946685791 380
3.268052577972412 379
3.2777771949768066 377
3.2865378856658936 374
3.295055389404297 372
3.303652286529541 368
3.316336154937744 362
3.3249945640563965 357
3.3349061012268066 352
3.3434672355651855 348
3.3510217666625977 344
3.3596725463867188 341
3.367983818054199 339
3.3765370845794678 337
3.386218786239624 336
3.3948733806610107 337
3.4034221172332764 338
3.4109785556793213 339
3.4198660850524902 341
3.429086208343506 345
3.4377198219299316 348
3.446356773376465 353
3.4550082683563232 357
3.4636387825012207 362
3.471432685852051 366
3.48079252243042 372
3.4893720149993896 375
3.4977641105651855 378
3.506378412246704 381
3.515070915222168 382
3.5236613750457764 383
3.533029794692993 382
3.540825605392456 382
3.549628257751465 380
3.5579371452331543 378
3.5664968490600586 375
3.575425386428833 372
3.5848543643951416 367
3.5934619903564453 363
3.6010258197784424 359
3.6119801998138428 352
3.6205666065216064 348
3.6300063133239746 343
3.6398885250091553 341
3.6481385231018066 338
3.656704902648926 337
3.6659815311431885 336
3.674576759338379 337
3.684123992919922 338
3.6916909217834473 340
3.700327157974243 342
3.7130136489868164 347
3.7209715843200684 350
3.7298543453216553 355
3.7393853664398193 360
3.7478137016296387 365
3.7566049098968506 370
3.7650768756866455 374
3.7736403942108154 377
3.7814440727233887 379
3.7918198108673096 381
3.8002758026123047 381
3.808932304382324 381
3.817741632461548 380
3.826390027999878 378
3.83602237701416 376
3.8444764614105225 372
3.852492332458496 369
3.860541343688965 365
3.869000196456909 361
3.877770185470581 356
3.8874146938323975 350
3.896027088165283 346
3.904448986053467 342
3.9120559692382812 339
3.9204745292663574 337
3.928969383239746 336
3.938796043395996 335
3.94741153717041 335
3.9560177326202393 336
3.964458465576172 338
3.9724364280700684 340
3.980733633041382 343
3.9902684688568115 347
3.998882532119751 350
4.0075085163116455 355
4.016119956970215 359
4.0245795249938965 365
4.032938241958618 370
4.04166316986084 374
4.050145387649536 376
4.058764934539795 378
4.067541122436523 380
4.076133966445923 381
4.084549188613892 380
4.094203948974609 379
4.101889133453369 377
4.1156415939331055 374
4.124315023422241 370
4.131914854049683 366
4.141659736633301 362
4.150153875350952 357
4.1586174964904785 353
4.166974782943726 350
4.175955057144165 347
4.184424638748169 344
4.193804979324341 343
4.201763868331909 342
4.210280179977417 342
4.2186830043792725 343
4.227077484130859 345
4.236112594604492 347
4.245801687240601 350
4.254302024841309 354
4.261911630630493 358
4.27042818069458 362
4.278911828994751 366
4.2875285148620605 370
4.297342538833618 374
4.3059608936309814 377
4.314349412918091 379
4.321950435638428 380
4.33068060874939 380
4.3389976024627686 380
4.348509073257446 378
4.357101917266846 377
4.3659398555755615 374
4.374399662017822 371
4.381994009017944 368
4.390459060668945 364
4.399997711181641 360
4.408243894577026 354
4.417025089263916 350
4.425859689712524 347
4.434330701828003 344
4.441955327987671 342
4.451479911804199 341
4.460137367248535 340
4.474782705307007 342
4.483107089996338 343
4.490891933441162 345
4.500427722930908 349
4.508870363235474 352
4.521062612533569 358
4.529965162277222 362
4.538627862930298 367
4.548090219497681 371
4.556724786758423 374
4.565444707870483 376
4.57400107383728 377
4.581634283065796 377
4.590306043624878 376
4.600147485733032 375
4.608607530593872 373
4.617017984390259 371
4.6259050369262695 368
4.634965181350708 364
4.643567085266113 360
4.652966499328613 354
4.661604881286621 350
4.67013144493103 348
4.678501605987549 345
4.686909437179565 343
4.695776700973511 342
4.7050580978393555 342
4.713655710220337 342
4.721658229827881 344
4.730128288269043 346
4.738574266433716 348
4.7469048500061035 352
4.75665020942688 356
4.765101194381714 360
4.773679733276367 364
4.78165864944458 369
4.791018009185791 372
4.800494909286499 375
4.8089759349823 376
4.817563533782959 377
4.826137065887451 378
4.834748983383179 377
4.843080520629883 376
4.852050065994263 374
4.86051082611084 372
4.868991851806641 369
4.877615690231323 366
4.886232852935791 362
4.894851446151733 356
4.904424428939819 352
4.916460752487183 347
4.925371885299683 345
4.933680057525635 344
4.9416704177856445 342
4.956066131591797 343
4.9644880294799805 344
4.972464561462402 346
4.980961322784424 348
4.989638566970825 351
4.997952938079834 354
5.007472276687622 359
5.016232967376709 363
5.024999380111694 368
5.033656120300293 371
5.0414879322052 374
5.050021171569824 375
5.0595715045928955 376
5.068755626678467 376
5.077466249465942 376
5.0860514640808105 375
5.094486236572266 372
5.102457761764526 370
5.111801624298096 367
5.120266437530518 363
5.1287620067596436 360
5.1375346183776855 355
5.146115303039551 352
5.154550790786743 348
5.165778875350952 345
5.174257516860962 343
5.181888580322266 342
5.1903557777404785 342
5.198904514312744 343
5.208476781845093 344
5.216880559921265 346
5.2256996631622314 348
5.235640525817871 352
5.24413800239563 356
5.251732349395752 361
5.261565685272217 366
5.270051717758179 369
5.2784552574157715 374
5.286874771118164 376
5.295739650726318 378
5.304187774658203 379
5.316969871520996 379
5.325976133346558 378
5.334579229354858 376
5.342973470687866 374
5.3509438037872314 372
5.360374212265015 368
5.368983030319214 364
5.377774238586426 360
5.386387586593628 355
5.394862174987793 351
5.4034423828125 348
5.412033557891846 344
5.420482635498047 343
5.428906202316284 342
5.437744617462158 342
5.446368217468262 342
5.454812288284302 343
5.464458465576172 345
5.472041368484497 348
5.4804441928863525 351
5.488925933837891 354
5.497778415679932 358
5.506416082382202 363
5.5160746574401855 367
5.524484395980835 371
5.532044887542725 373
5.540515184402466 375
5.5489959716796875 376
5.557769060134888 376
5.567080736160278 375
5.575913906097412 374
5.5858142375946045 371
5.594289302825928 368
5.601900100708008 365
5.61036491394043 361
5.6200056076049805 357
5.628595352172852 352
5.636997938156128 348
5.646331787109375 344
5.654786825180054 342
5.663379907608032 340
5.673405408859253 339
5.681101322174072 338
5.689776420593262 339
5.698021173477173 340
5.70660138130188 342
5.719982624053955 345
5.728513717651367 349
5.737417459487915 352
5.746290922164917 358
5.754878520965576 362
5.763460636138916 367
5.772528648376465 372
5.780723571777344 375
5.790166854858398 378
5.798756837844849 380
5.807386875152588 381
5.815974473953247 382
5.825544357299805 381
5.83405327796936 380
5.841644048690796 378
5.850118637084961 376
5.85873818397522 373
5.86795711517334 370
5.876610279083252 365
5.8855977058410645 361
5.894158601760864 356
5.901754856109619 351
5.910192966461182 347
5.92002534866333 344
5.92834997177124 342
5.936878204345703 340
5.945732355117798 340
5.9541847705841064 340
5.961778163909912 340
5.971057653427124 342
5.980066537857056 343
5.9884421825408936 346
5.996877193450928 349
6.0057692527771 353
6.014366626739502 358
6.023659944534302 362
6.031530380249023 368
6.040170431137085 372
6.048610210418701 375
6.056968450546265 378
6.065812349319458 380
6.075413465499878 382
6.083795070648193 382
6.091630220413208 381
6.100276470184326 380
6.108735799789429 378
6.121953010559082 374
6.1305553913116455 371
6.139384031295776 368
6.14805793762207 363
6.156796216964722 358
6.1656670570373535 354
6.174880504608154 348
6.183452367782593 345
6.190964937210083 342
6.199592113494873 340
6.2079174518585205 339
6.216622352600098 338
6.226124286651611 338
6.234565019607544 339
6.242551326751709 341
6.250787973403931 343
6.259364604949951 346
6.267750263214111 348
6.277491569519043 353
6.286144495010376 357
6.294619083404541 363
6.302965402603149 367
6.310734748840332 370
6.319102048873901 374
6.32875919342041 376
6.33749532699585 377
6.346094131469727 378
6.354553937911987 378
6.36252236366272 377
6.37067985534668 375
6.380279302597046 372
6.38871431350708 370
6.39745306968689 367
6.406227350234985 363
6.414679288864136 358
6.429733753204346 350
6.438042640686035 345
6.446645259857178 342
6.455600261688232 339
6.464087963104248 337
6.471686601638794 335
6.480973720550537 335
6.489581108093262 335
6.497882843017578 335
6.506477355957031 337
6.515389442443848 339
6.527573585510254 343
6.537426948547363 347
6.546183347702026 350
6.554631471633911 356
6.562971353530884 360
6.570753335952759 365
6.580494403839111 370
6.588992357254028 374
6.597588539123535 377
6.606203317642212 379
6.614648818969727 380
6.6230058670043945 381
6.631820440292358 381
6.640430212020874 380
6.648844480514526 378
6.657500267028809 376
6.666270732879639 372
6.67472243309021 370
6.6842522621154785 365
6.691918611526489 361
6.700518608093262 356
6.709017992019653 352
6.717653274536133 348
6.726264476776123 345
6.735741376876831 343
6.744216203689575 342
6.751850605010986 341
6.760481119155884 341
6.768969297409058 342
6.7775797843933105 343
6.787998199462891 345
6.796794891357422 348
6.8056724071502686 352
6.814334392547607 356
6.821939945220947 360
6.830441236495972 365
6.84013819694519 368
6.848516464233398 372
6.856932640075684 375
6.86579966545105 377
6.874453783035278 378
6.882434606552124 378
6.891634464263916 377
6.900141477584839 376
6.908517360687256 374
6.916899919509888 372
6.929784059524536 367
6.939751625061035 362
6.948216915130615 358
6.956858396530151 354
6.9656641483306885 350
6.974161624908447 347
6.981896877288818 345
6.991527080535889 344
7.0001606941223145 344
7.008612632751465 344
7.016985893249512 345
7.025782346725464 347
7.0343098640441895 349
7.043786287307739 352
7.05162501335144 356
7.060288429260254 360
7.068804740905762 364
7.077394008636475 368
7.085948467254639 371
7.0954155921936035 374
7.103784084320068 376
7.111548900604248 377
7.120175838470459 377
7.128626585006714 376
7.137002229690552 374
7.146665811538696 372
7.1553990840911865 370
7.163768291473389 366
7.171544075012207 362
7.180203199386597 358
7.1899683475494385 354
7.19823956489563 349
7.206853628158569 346
7.215712547302246 344
7.224175691604614 342
7.231783151626587 341
7.241428375244141 340
7.249876976013184 341
7.258115768432617 342
7.266721248626709 344
7.27545428276062 347
7.283811807632446 350
7.293405294418335 354
7.301328182220459 358
7.309756278991699 362
7.318185806274414 369
7.330671310424805 372
7.339401006698608 374
7.348897933959961 376
7.357699155807495 377
7.366357326507568 378
7.374826431274414 377
7.38344407081604 376
7.390982627868652 374
7.400394439697266 372
7.408859491348267 369
7.417647838592529 366
7.426237106323242 362
7.434719085693359 357
7.44432806968689 352
7.451934337615967 349
7.460424900054932 347
7.468883514404297 345
7.477687120437622 344
7.486305475234985 343
7.495911598205566 344
7.504368782043457 345
7.511951684951782 346
7.520418643951416 348
7.528870344161987 351
7.537788152694702 354
7.547408103942871 359
7.556027173995972 363
7.564478874206543 368
7.572433710098267 371
7.581641912460327 374
7.590129375457764 375
7.599925518035889 376
7.608154773712158 376
7.616721868515015 375
7.625453233718872 374
7.634032487869263 372
7.641631603240967 369
7.651053190231323 366
7.6599321365356445 363
7.668178558349609 358
7.676784515380859 354
7.685619115829468 350
7.694143533706665 346
7.706377983093262 342
7.715388298034668 341
7.727532625198364 340
7.736352920532227 341
7.744999408721924 342
7.754848003387451 344
7.763425588607788 347
7.770954608917236 350
7.779892444610596 353
7.789044618606567 358
7.797717571258545 364
7.8071067333221436 368
7.815965414047241 371
7.824446439743042 374
7.832052946090698 376
7.840811491012573 378
7.849368095397949 378
7.858748435974121 378
7.8671019077301025 377
7.875972747802734 375
7.884403705596924 372
7.892022609710693 370
7.901832580566406 366
7.910303592681885 362
7.91872501373291 358
7.927109003067017 353
7.935963869094849 349
7.944399833679199 345
7.9542131423950195 342
7.9618446826934814 340
7.9705095291137695 339
7.979337692260742 338
7.987916946411133 338
7.9964892864227295 340
8.00617241859436 341
8.014796733856201 344
8.023109912872314 346
8.030902862548828 350
8.039575815200806 353
8.04784631729126 357
8.057496786117554 363
8.066112041473389 367
8.074697971343994 371
8.083024263381958 374
8.090840816497803 376
8.09965705871582 376
8.108964681625366 376
8.117594957351685 376
8.130064964294434 374
8.138833284378052 371
8.147648096084595 368
8.157470226287842 364
8.166124820709229 360
8.174589395523071 355
8.182960987091064 351
8.190763235092163 348
8.199740409851074 345
8.209041357040405 342
8.21764612197876 342
8.22639536857605 342
8.2349534034729 344
8.243574857711792 345
8.251371145248413 348
8.260945081710815 351
8.269617319107056 355
8.277897357940674 358
8.286503553390503 364
8.294974088668823 366
8.303548812866211 368
8.312541484832764 369
8.320894479751587 368
8.329532384872437 367
8.337822675704956 365
8.346391439437866 361
8.355391025543213 358
8.364800453186035 354
8.373377084732056 351
8.381337642669678 349
8.389766931533813 348
8.398020505905151 347
8.40662670135498 347
8.416228294372559 348
8.426341533660889 350
8.434987306594849 351
8.443591594696045 353
8.45136570930481 354
8.460502624511719 356
8.46900463104248 356
8.477662324905396 357
8.48640513420105 358
8.495070695877075 358
8.503649711608887 358
8.513055562973022 358
8.520874977111816 358
8.533661365509033 358
8.54160213470459 358
8.550281286239624 358
8.559000730514526 358
8.568617582321167 358
8.577043056488037 358
8.58588194847107 358
8.594350337982178 358
8.60193157196045 358
8.610433578491211 358
8.620255708694458 358
8.628700494766235 358
8.637413263320923 358
8.646002769470215 358
8.654455423355103 358
8.66202449798584 358
8.671485185623169 358
8.680134534835815 358
8.68861699104309 358
8.696995258331299 358
8.705811500549316 358
8.714947700500488 358
8.72358751296997 358
8.731361865997314 358
8.739995002746582 358
8.748608589172363 358
8.757011651992798 358
8.766575813293457 358
8.775053024291992 358
8.783661127090454 358
8.804838180541992 358
8.831702947616577 358
8.85558295249939 358
8.879002809524536 358
8.906429767608643 358
8.935826301574707 358
8.974668264389038 358
9.008850812911987 358
9.039922714233398 358
9.048761367797852 358
9.05708360671997 358
9.065861225128174 358
9.07510781288147 358
9.083678722381592 358
9.091487884521484 358
9.100173950195312 359
9.108602046966553 361
9.117032289505005 362
9.126723527908325 364
9.135722398757935 364
9.14422059059143 364
9.151774168014526 362
9.160398721694946 361
9.168821334838867 358
9.178210020065308 356
9.186806201934814 354
9.195646286010742 353
9.204165935516357 353
9.211746215820312 354
9.220334768295288 355
9.229785680770874 357
9.238040685653687 360
9.248024940490723 363
9.256619215011597 366
9.265603065490723 368
9.275009155273438 370
9.283634185791016 370
9.291394233703613 370
9.299869775772095 369
9.308105945587158 368
9.31678581237793 365
9.330091714859009 361
9.338832139968872 357
9.347650051116943 354
9.356372117996216 350
9.364867687225342 348
9.373413324356079 346
9.381958246231079 346
9.390432834625244 346
9.399338245391846 347
9.407703638076782 348
9.416319370269775 350
9.425885677337646 353
9.434428215026855 357
9.442021608352661 360
9.450457334518433 364
9.459375143051147 368
9.467743158340454 371
9.477381706237793 374
9.48602557182312 375
9.494462728500366 376
9.502031087875366 375
9.510478496551514 374
9.519083023071289 373
9.528890132904053 370
9.53751516342163 368
9.546128034591675 364
9.55459451675415 360
9.562936305999756 356
9.570791006088257 351
9.580507278442383 346
9.588977098464966 343
9.597599029541016 341
9.606156587600708 339
9.614605188369751 338
9.622929334640503 338
9.63182783126831 338
9.640440702438354 339
9.64889669418335 341
9.657686710357666 343
9.666323900222778 346
9.674800395965576 350
9.684394836425781 354
9.691985845565796 359
9.700814247131348 363
9.709522724151611 368
9.717798709869385 371
9.730945110321045 376
9.739863634109497 377
9.748229503631592 378
9.757089376449585 378
9.765940189361572 378
9.774430990219116 376
9.784198760986328 374
9.793599605560303 370
9.801421403884888 368
9.809870958328247 364
9.818401098251343 359
9.826918125152588 355
9.83650827407837 350
9.844964027404785 347
9.85359001159668 344
9.861402750015259 342
9.869863033294678 341
9.885552167892456 341
9.894025325775146 342
9.901652097702026 344
9.91016149520874 346
9.918766975402832 348
9.927412271499634 351
9.936787128448486 356
9.949812412261963 362
9.95803952217102 368
9.966696739196777 372
9.975617170333862 375
9.984752893447876 378
9.993369102478027 380
