00
0.009540319442749023 0
0.016083955764770508 0
0.02220439910888672 1
0.029320955276489258 2
0.03551793098449707 4
0.042972564697265625 5
0.04944634437561035 7
0.05596566200256348 10
0.06190991401672363 12
0.06896519660949707 16
0.0747230052947998 20
0.08115816116333008 22
0.08813619613647461 27
0.0955352783203125 32
0.10178303718566895 36
0.10876870155334473 41
0.11458277702331543 45
0.12111043930053711 50
0.12793397903442383 56
0.1338357925415039 60
0.14062952995300293 65
0.14869308471679688 71
0.15425372123718262 76
0.16102218627929688 80
0.16780591011047363 86
0.17374467849731445 90
0.1805417537689209 96
0.18740129470825195 100
0.19411778450012207 106
0.20109868049621582 110
0.20802688598632812 117
0.2139573097229004 122
0.22072458267211914 126
0.2275094985961914 131
0.23338890075683594 134
0.2399296760559082 139
0.24783587455749512 144
0.25373077392578125 148
0.2602672576904297 151
0.2674899101257324 155
0.2734231948852539 157
0.27996063232421875 162
0.28699231147766113 165
0.2927577495574951 168
0.30019044876098633 173
0.3072938919067383 178
0.31411147117614746 181
0.320894718170166 184
0.32785677909851074 188
0.3337550163269043 192
0.3402891159057617 196
0.348041296005249 202
0.3593728542327881 205
0.3659536838531494 208
0.3719639778137207 210
0.37897658348083496 212
0.3847672939300537 216
0.3914361000061035 220
0.3993039131164551 222
0.4055147171020508 226
0.41181206703186035 228
0.418795108795166 230
0.42461204528808594 232
0.43113207817077637 235
0.43791842460632324 238
0.4438011646270752 240
0.45171070098876953 243
0.45883917808532715 245
0.46460390090942383 247
0.47115564346313477 250
0.4779484272003174 252
0.4838676452636719 254
0.4906191825866699 257
0.4974050521850586 260
0.5041077136993408 262
0.5110805034637451 264
0.5178506374359131 266
0.5237541198730469 267
0.5302939414978027 270
0.537346601486206 271
0.5433237552642822 273
0.5509047508239746 274
0.5577101707458496 276
0.5635693073272705 277
0.5702500343322754 279
0.5773379802703857 280
0.5832221508026123 282
0.5898704528808594 284
0.5969634056091309 286
0.603691816329956 288
0.6102108955383301 288
0.6172118186950684 289
0.6231019496917725 289
0.6297056674957275 290
0.6362864971160889 292
0.6421849727630615 293
0.64913010597229 295
0.6569576263427734 296
0.6627259254455566 297
0.6693201065063477 298
0.675520658493042 301
0.6817638874053955 302
0.6889464855194092 304
0.6947708129882812 305
0.7022619247436523 306
0.709263801574707 307
0.7154891490936279 308
0.721961259841919 310
0.7288548946380615 312
0.7346673011779785 313
0.7412230968475342 314
0.7481725215911865 314
0.760190486907959 316
0.7673838138580322 316
0.7733006477355957 317
0.7799801826477051 318
0.7870094776153564 319
0.7929549217224121 320
0.7994942665100098 320
0.8073763847351074 321
0.8133444786071777 322
0.819840669631958 324
0.8268046379089355 324
0.8322927951812744 324
0.8392424583435059 324
0.8455398082733154 324
0.8520092964172363 326
0.8597216606140137 326
0.8662569522857666 327
0.8726778030395508 327
0.8793072700500488 328
0.8854925632476807 328
0.891740083694458 328
0.8986225128173828 328
0.9060311317443848 330
0.9119203090667725 330
0.9188199043273926 332
0.9245917797088623 332
0.9312496185302734 332
0.9379642009735107 332
0.9438886642456055 333
0.9506220817565918 334
0.9581379890441895 334
0.9640524387359619 334
0.97080397605896 334
0.9777090549468994 335
0.9836034774780273 336
0.9902794361114502 337
0.9973499774932861 338
1.0032334327697754 338
1.0107312202453613 337
1.0174670219421387 336
1.0233652591705322 336
1.0298073291778564 337
1.0368046760559082 338
1.0422718524932861 338
1.0493950843811035 338
1.0559396743774414 338
1.063037633895874 339
1.0695583820343018 340
1.0761067867279053 341
1.0831389427185059 341
1.0896515846252441 341
1.09619140625 341
1.1020424365997314 342
1.1098995208740234 342
1.1169018745422363 343
1.1226599216461182 343
1.1292760372161865 344
1.135481834411621 344
1.1417279243469238 345
1.1486823558807373 346
1.1602003574371338 346
1.1677780151367188 346
1.1736197471618652 346
1.1802771091461182 346
1.1872332096099854 346
1.1930675506591797 346
1.1995911598205566 348
1.2061498165130615 349
1.213343620300293 350
1.2198007106781006 350
1.2269787788391113 349
1.2327485084533691 349
1.239443063735962 349
1.2460572719573975 350
1.2518947124481201 350
1.2588539123535156 351
1.2662060260772705 352
1.2720580101013184 352
1.2789242267608643 353
1.2847223281860352 352
1.2913782596588135 352
1.2980847358703613 352
1.304042100906372 353
1.3127515316009521 354
1.319396734237671 354
1.3259522914886475 354
1.3318002223968506 354
1.3387360572814941 354
1.3442533016204834 355
1.3512272834777832 356
1.3579950332641602 358
1.3649823665618896 358
1.3717658519744873 359
1.3787317276000977 359
1.384260654449463 359
1.390993595123291 359
1.3977220058441162 359
1.403566598892212 359
1.4101922512054443 359
1.417994499206543 360
1.4238524436950684 360
1.4302639961242676 360
1.4373059272766113 359
1.4432225227355957 359
1.4496533870697021 359
1.4561917781829834 360
1.4620757102966309 360
1.4699242115020752 360
1.4768342971801758 359
1.4822888374328613 359
1.4892299175262451 359
1.495018482208252 359
1.501781940460205 359
1.508660078048706 360
1.5161657333374023 360
1.5220036506652832 360
1.528984785079956 360
1.5346720218658447 359
1.5411620140075684 359
1.5478994846343994 359
1.5537385940551758 359
1.5662086009979248 360
1.5722570419311523 360
1.5793311595916748 360
1.5854573249816895 360
1.5918986797332764 359
1.5988147258758545 359
1.6045713424682617 359
1.611046314239502 359
1.6187810897827148 360
1.6245355606079102 360
1.631133794784546 360
1.6378910541534424 359
1.643754005432129 359
1.6507482528686523 359
1.6574738025665283 359
1.6633343696594238 359
1.6707196235656738 360
1.677489995956421 360
1.6833312511444092 360
1.6898248195648193 359
1.6968035697937012 359
1.702247142791748 359
1.709357738494873 359
1.7154839038848877 360
1.723027229309082 360
1.729536771774292 360
1.736072301864624 359
1.7419264316558838 359
1.748823642730713 359
1.7545192241668701 359
1.761115550994873 359
1.7692618370056152 360
1.77504563331604 360
1.7814114093780518 359
1.7881596088409424 359
1.7940454483032227 359
1.80079984664917 359
1.807556390762329 360
1.8134183883666992 360
1.8208808898925781 360
1.8277678489685059 359
1.8336732387542725 359
1.840165138244629 359
1.8471121788024902 359
1.8529744148254395 360
1.8594796657562256 360
1.8659658432006836 360
1.8730566501617432 360
1.879488229751587 359
1.886052131652832 359
1.8921878337860107 359
1.8991451263427734 359
1.90494704246521 360
1.9113969802856445 360
1.9181015491485596 359
1.9254577159881592 359
1.9317247867584229 359
1.9382514953613281 359
1.94411301612854 359
1.9511010646820068 360
1.9621307849884033 360
1.969191074371338 359
1.9771316051483154 359
1.9829719066619873 359
1.989626169204712 360
1.9976847171783447 360
2.003547430038452 360
2.0102131366729736 359
2.0173580646514893 359
2.0239360332489014 359
2.030626058578491 359
2.0373597145080566 359
2.0432801246643066 360
2.0497360229492188 360
2.0562357902526855 359
2.062130928039551 359
2.069331407546997 359
2.07712984085083 359
2.0829896926879883 360
2.089529514312744 360
2.0960445404052734 360
2.1019036769866943 360
2.1087398529052734 360
2.1142220497131348 360
2.1208853721618652 359
2.1289830207824707 359
2.1347360610961914 359
2.141183614730835 359
2.148069143295288 360
2.1538779735565186 360
2.160289764404297 360
2.167310953140259 359
2.1732184886932373 359
2.1807262897491455 359
2.187793731689453 360
2.1936750411987305 360
2.2001125812530518 360
2.2070326805114746 359
2.2128074169158936 359
2.219444513320923 359
2.2259511947631836 359
2.23302960395813 359
2.2395083904266357 360
2.245994806289673 360
2.251938581466675 359
2.2588109970092773 359
2.2645328044891357 359
2.271016836166382 359
2.2790744304656982 359
2.2848470211029053 360
2.29130482673645 360
2.2979953289031982 359
2.3040199279785156 359
2.3172225952148438 359
2.3275508880615234 360
2.334200382232666 360
2.347001791000366 360
2.3547184467315674 360
2.367637872695923 360
2.3734958171844482 360
2.3822309970855713 360
2.3893277645111084 360
2.397064208984375 360
2.4048073291778564 360
2.4117271900177 360
2.4187262058258057 360
2.4276161193847656 360
2.440782070159912 360
2.447553873062134 360
2.4561657905578613 360
2.461998701095581 360
2.468839168548584 360
2.4774723052978516 360
2.483962059020996 360
2.4908437728881836 360
2.500166416168213 360
2.5089919567108154 360
2.5171635150909424 360
2.52487850189209 360
2.532280206680298 360
2.5393800735473633 360
2.5511109828948975 360
2.5580763816833496 360
2.5638787746429443 360
2.5727450847625732 360
2.579313039779663 360
2.587068796157837 360
2.594809055328369 360
2.6012513637542725 360
2.608110189437866 360
2.617858648300171 360
2.6236979961395264 360
2.632620334625244 360
2.639967441558838 360
2.646876096725464 360
2.654606819152832 360
2.6610524654388428 360
2.668026924133301 360
2.6797988414764404 360
2.6879141330718994 360
2.697131395339966 360
2.7029693126678467 360
2.709437847137451 360
2.726069688796997 360
2.7320995330810547 360
2.740025281906128 360
2.749897003173828 360
2.7590079307556152 360
2.7694180011749268 360
2.7782347202301025 360
2.7888946533203125 360
2.795532464981079 360
2.8055639266967773 360
2.812030076980591 360
2.821051597595215 360
2.8289287090301514 360
2.8406221866607666 360
2.8475759029388428 360
2.8534154891967773 360
2.8670594692230225 360
2.872777223587036 360
2.879396915435791 360
2.8892202377319336 360
2.894967794418335 360
2.901346445083618 360
2.908203125 360
2.9140450954437256 360
2.920713424682617 360
2.927584409713745 360
2.933415651321411 360
2.9409379959106445 360
2.9477057456970215 360
2.9535269737243652 360
2.959948778152466 360
2.9671192169189453 360
2.97293758392334 360
2.979372262954712 360
2.985470771789551 360
2.9927828311920166 360
2.999364137649536 360
3.0054681301116943 360
3.0116281509399414 360
3.018157720565796 360
3.0239880084991455 360
3.030824661254883 360
3.03751540184021 360
3.0441384315490723 360
3.0508248805999756 360
3.057720899581909 360
3.063546895980835 360
3.06996750831604 360
3.0768823623657227 360
3.082291841506958 360
3.089327335357666 360
3.0970346927642822 360
3.1027345657348633 360
3.109281063079834 360
3.115030527114868 360
3.121427297592163 360
3.1280879974365234 360
3.1338894367218018 360
3.14028000831604 360
3.14816951751709 360
3.153973340988159 360
3.1606197357177734 360
3.1754674911499023 360
3.181884288787842 360
3.1890246868133545 360
3.196239948272705 360
3.2037923336029053 360
3.2105746269226074 360
3.217287302017212 360
3.2231128215789795 360
3.229543924331665 360
3.236107110977173 360
3.241912841796875 360
3.249589681625366 360
3.256075859069824 360
3.261888265609741 360
3.2689242362976074 360
3.2746236324310303 360
3.2810251712799072 360
3.2877140045166016 360
3.2935290336608887 360
3.3010175228118896 360
3.3087351322174072 360
3.314250946044922 360
3.3210506439208984 360
3.3279528617858887 360
3.3337819576263428 360
3.3402130603790283 360
3.3479647636413574 360
3.3537909984588623 360
3.360206127166748 360
3.3671979904174805 360
3.37300181388855 360
3.3794407844543457 360
3.385958433151245 360
3.3919312953948975 360
3.3995602130889893 360
3.4060680866241455 360
3.4119153022766113 360
3.418757915496826 360
3.4242608547210693 360
3.430985689163208 360
3.4376981258392334 360
3.44353985786438 360
3.4511795043945312 360
3.457854986190796 360
3.463655948638916 360
3.4701144695281982 360
3.4770593643188477 360
3.482780694961548 360
3.489335775375366 360
3.4950616359710693 360
3.5027365684509277 360
3.509485960006714 360
3.5155394077301025 360
3.52172589302063 360
3.5281636714935303 360
3.534022808074951 360
3.5407063961029053 360
3.547407388687134 360
3.553889513015747 360
3.560277223587036 360
3.5710527896881104 360
3.5780367851257324 360
3.5839273929595947 360
3.5913589000701904 360
3.598057985305786 360
3.6049578189849854 360
3.611370801925659 360
3.6180152893066406 360
3.62385892868042 360
3.630674123764038 360
3.6373863220214844 360
3.6432266235351562 360
3.6496520042419434 360
3.6574041843414307 360
3.6632273197174072 360
3.6696560382843018 360
3.6761794090270996 360
3.682037830352783 360
3.688990831375122 360
3.697890520095825 360
3.7047030925750732 360
3.711404800415039 360
3.7182624340057373 360
3.724076986312866 360
3.7307591438293457 360
3.7374777793884277 360
3.743323564529419 360
3.7499191761016846 360
3.75771427154541 360
3.763519287109375 360
3.769956588745117 360
3.776859760284424 360
3.782266616821289 360
3.789113759994507 360
3.7948062419891357 360
3.8012208938598633 360
3.809203863143921 360
3.8149819374084473 360
3.8213655948638916 360
3.8280482292175293 360
3.8339009284973145 360
3.840740442276001 360
3.847432851791382 360
3.8540592193603516 360
3.860816478729248 360
3.867702007293701 360
3.873528242111206 360
3.8799829483032227 360
3.886875867843628 360
3.8922951221466064 360
3.899193525314331 360
3.9069089889526367 360
3.9125289916992188 360
3.9191665649414062 360
3.9248995780944824 360
3.9315853118896484 360
3.938161611557007 360
3.943977117538452 360
3.950629234313965 360
3.957979917526245 360
3.96815824508667 360
3.9739856719970703 360
3.980787515640259 360
3.9877355098724365 360
3.9935617446899414 360
4.00010347366333 360
4.007743835449219 360
4.013556480407715 360
4.019964933395386 360
4.026917457580566 360
4.032529830932617 360
4.039170265197754 360
4.044861078262329 360
4.051414251327515 360
4.059150695800781 360
4.064880847930908 360
4.0713701248168945 360
4.078015327453613 360
4.083802700042725 360
4.090200901031494 360
4.097266674041748 360
4.103114128112793 360
4.110726356506348 360
4.117413759231567 360
4.123236417770386 360
4.129687309265137 360
4.1361870765686035 360
4.142034292221069 360
4.148868083953857 360
4.154572010040283 360
4.161983013153076 360
4.168947219848633 360
4.174662113189697 360
4.181141138076782 360
4.187817811965942 360
4.193648815155029 360
4.200066089630127 360
4.207036972045898 360
4.213682174682617 360
4.220157623291016 360
4.227232933044434 360
4.233051538467407 360
4.23949670791626 360
4.24594259262085 360
4.25177788734436 360
4.258267164230347 360
4.265513896942139 360
4.271636247634888 360
4.278156042098999 360
4.28402853012085 360
4.290914058685303 360
4.2976155281066895 360
4.303485155105591 360
4.3119494915008545 360
4.318756818771362 360
4.324229001998901 360
4.330981254577637 360
4.337674856185913 360
4.343517541885376 360
4.3500611782073975 360
4.357171058654785 360
4.363807678222656 360
4.374097108840942 360
4.38093900680542 360
4.3878161907196045 360
4.393661022186279 360
4.400261878967285 360
4.407367467880249 360
4.41394305229187 360
4.420633554458618 360
4.4273622035980225 360
4.433172225952148 360
4.440981864929199 360
4.44766092300415 360
4.453504800796509 360
4.45996356010437 360
4.467763900756836 360
4.473588466644287 360
4.480015277862549 360
4.487133979797363 360
4.492969989776611 360
4.499397277832031 360
4.505492210388184 360
4.511726379394531 360
4.519426345825195 360
4.5255255699157715 360
4.5319037437438965 360
4.538744926452637 360
4.544231176376343 360
4.550969362258911 360
4.557667255401611 360
4.5635058879852295 360
4.57102108001709 360
4.577733516693115 360
4.5835325717926025 360
4.590110778808594 360
4.597047567367554 360
4.60275411605835 360
4.609271049499512 360
4.617151260375977 360
4.622978210449219 360
4.629441022872925 360
4.635522127151489 360
4.641753435134888 360
4.648772716522217 360
4.654242753982544 360
4.660980463027954 360
4.668759822845459 360
4.674269199371338 360
4.680936336517334 360
4.6876609325408936 360
4.693490743637085 360
4.6998724937438965 360
4.706963300704956 360
4.712682008743286 360
4.7200095653533936 360
4.7270188331604 360
4.7327494621276855 360
4.739272594451904 360
4.745019912719727 360
4.751753330230713 360
4.758230209350586 360
4.76408052444458 360
4.776055335998535 360
4.782016277313232 360
4.789033889770508 360
4.794716119766235 360
4.8012917041778564 360
4.807953834533691 360
4.813784837722778 360
4.821159839630127 360
4.8280017375946045 360
4.833797216415405 360
4.840213060379028 360
4.847208499908447 360
4.853027582168579 360
4.859466791152954 360
4.865992069244385 360
4.872959613800049 360
4.879579067230225 360
4.886077642440796 360
4.892038106918335 360
4.898829221725464 360
4.904283285140991 360
4.910979270935059 360
4.917653799057007 360
4.924278020858765 360
4.930962800979614 360
4.937671422958374 360
4.943512201309204 360
