00
0.01077413558959961 0
0.01660609245300293 1
0.02372908592224121 1
0.030747175216674805 2
0.03657650947570801 2
0.04307436943054199 2
0.04987955093383789 4
0.05579853057861328 4
0.06362342834472656 6
0.0705728530883789 7
0.07618427276611328 8
0.08309006690979004 9
0.0898900032043457 11
0.09586048126220703 12
0.10609054565429688 15
0.11394238471984863 16
0.12112545967102051 18
0.12739348411560059 20
0.1340045928955078 22
0.14113283157348633 24
0.14738774299621582 26
0.15386962890625 27
0.16082119941711426 30
0.1684281826019287 31
0.17412662506103516 33
0.18120527267456055 34
0.18782854080200195 36
0.19388437271118164 38
0.20100641250610352 40
0.20687055587768555 42
0.21484613418579102 44
0.22144365310668945 46
0.2280902862548828 48
0.234039306640625 50
0.24103212356567383 51
0.24694561958312988 54
0.2537970542907715 55
0.2609522342681885 57
0.2687053680419922 59
0.2745945453643799 61
0.2813138961791992 62
0.287930965423584 64
0.29385876655578613 66
0.30083751678466797 68
0.3066985607147217 70
0.31418633460998535 72
0.3214571475982666 74
0.32807087898254395 76
0.33403944969177246 77
0.3410520553588867 79
0.3469424247741699 81
0.3536560535430908 82
0.36072278022766113 84
0.3681831359863281 86
0.3741419315338135 88
0.3819868564605713 90
0.38921380043029785 91
0.39522361755371094 92
0.401827335357666 94
0.40888285636901855 96
0.41554760932922363 98
0.4224669933319092 100
0.4293332099914551 101
0.4352836608886719 102
0.4420182704925537 104
0.44910264015197754 106
0.45509982109069824 107
0.4616527557373047 109
0.46951913833618164 111
0.47551536560058594 112
0.48210597038269043 114
0.4892241954803467 115
0.49526047706604004 117
0.5019540786743164 118
0.5128617286682129 121
0.5210750102996826 123
0.5269613265991211 124
0.5338215827941895 126
0.5407989025115967 127
0.5466923713684082 129
0.553246259689331 130
0.5605189800262451 131
0.5661764144897461 133
0.5739388465881348 134
0.5808804035186768 136
0.5867190361022949 138
0.5932657718658447 139
0.600074052810669 140
0.6060302257537842 141
0.6128678321838379 142
0.6208806037902832 144
0.6267554759979248 146
0.6333441734313965 147
0.640178918838501 148
0.646143913269043 149
0.6531283855438232 150
0.659914493560791 152
0.6658849716186523 153
0.6736710071563721 155
0.680872917175293 156
0.6867115497589111 158
0.6932790279388428 158
0.7000856399536133 160
0.7060487270355225 161
0.7129278182983398 162
0.7209315299987793 164
0.726874589920044 165
0.7335014343261719 166
0.7407066822052002 167
0.746675968170166 169
0.7532491683959961 170
0.7600386142730713 171
0.7660150527954102 172
0.7738158702850342 174
0.7809739112854004 174
0.7868430614471436 176
0.7934863567352295 177
0.8006486892700195 178
0.8064956665039062 179
0.8130817413330078 180
0.8198907375335693 181
0.8273298740386963 183
0.8336958885192871 184
0.840740442276001 185
0.8465702533721924 186
0.8531327247619629 187
0.8601644039154053 188
0.866142988204956 189
0.8739781379699707 190
0.8809585571289062 191
0.8867852687835693 192
0.893315315246582 194
0.9001383781433105 194
0.9111161231994629 196
0.9173984527587891 197
0.9252874851226807 198
0.9320287704467773 200
0.9392666816711426 200
0.9452395439147949 201
0.951786994934082 202
0.9588818550109863 203
0.9648785591125488 204
0.9714572429656982 205
0.9795525074005127 206
0.9854769706726074 207
0.9920625686645508 208
0.9991264343261719 209
1.0050945281982422 210
1.0116519927978516 211
1.0186958312988281 212
1.0245282649993896 213
1.0319392681121826 214
1.0392124652862549 215
1.0452156066894531 216
1.0518171787261963 217
1.058875322341919 218
1.0648326873779297 218
1.0713798999786377 220
1.0793166160583496 220
1.0852556228637695 221
1.0917937755584717 222
1.099005937576294 223
1.104980230331421 224
1.1115853786468506 225
1.1181919574737549 226
1.1241254806518555 226
1.1318857669830322 227
1.1389482021331787 228
1.1449146270751953 229
1.1514794826507568 230
1.158142328262329 230
1.1645474433898926 231
1.1714632511138916 232
1.1793253421783447 233
1.1852874755859375 234
1.1918556690216064 235
1.198937177658081 236
1.2049312591552734 236
1.2115037441253662 237
1.2181520462036133 238
1.2245573997497559 238
1.2319462299346924 240
1.2390363216400146 240
1.2449989318847656 241
1.2516088485717773 242
1.258479118347168 242
1.264538288116455 243
1.2712209224700928 244
1.277841329574585 244
1.2852301597595215 245
1.2917885780334473 246
1.2989940643310547 247
1.3049564361572266 247
1.3154590129852295 248
1.3224656581878662 249
1.3294155597686768 250
1.336179494857788 251
1.3432307243347168 252
1.3500149250030518 252
1.3559679985046387 253
1.362776756286621 254
1.3696181774139404 254
1.3755886554718018 255
1.3840627670288086 256
1.3910531997680664 256
1.3969323635101318 257
1.4037961959838867 258
1.4107937812805176 258
1.416621446609497 259
1.4231584072113037 260
1.4306566715240479 260
1.4381232261657715 261
1.444054126739502 262
1.451047658920288 262
1.4569268226623535 263
1.4637506008148193 264
1.4707465171813965 264
1.4765534400939941 264
1.4841432571411133 265
1.4911847114562988 266
1.4974255561828613 266
1.503774881362915 267
1.510740041732788 268
1.5165390968322754 268
1.5232346057891846 269
1.5300092697143555 270
1.537388563156128 270
1.5437097549438477 271
1.5507290363311768 271
1.5565416812896729 272
1.5632987022399902 272
1.5700743198394775 273
1.5760085582733154 273
1.5829989910125732 274
1.5908265113830566 274
1.5966572761535645 275
1.6031601428985596 276
1.6099703311920166 276
1.6158907413482666 276
1.6226825714111328 277
1.6295061111450195 278
1.6364779472351074 278
1.6431686878204346 279
1.6499764919281006 279
1.6559276580810547 280
1.662712812423706 280
1.6695141792297363 281
1.6754672527313232 282
1.6820383071899414 282
1.6900477409362793 282
1.6960172653198242 283
1.702967882156372 284
1.7133145332336426 284
1.7208020687103271 285
1.7266545295715332 285
1.73331618309021 286
1.7414817810058594 286
1.7494409084320068 287
1.755328893661499 287
1.7620069980621338 288
1.7690837383270264 288
1.7750370502471924 289
1.7816216945648193 289
1.7894930839538574 290
1.795487403869629 290
1.802027940750122 290
1.8090941905975342 291
1.8150510787963867 291
1.8217687606811523 292
1.8288888931274414 292
1.8347105979919434 293
1.8421342372894287 293
1.8492088317871094 294
1.8551790714263916 294
1.8617238998413086 294
1.8687772750854492 295
1.8746037483215332 295
1.8814277648925781 296
1.8880717754364014 296
1.8952381610870361 296
1.9017589092254639 297
1.9088060855865479 297
1.9146404266357422 298
1.9212796688079834 298
1.927858829498291 298
1.9338359832763672 299
1.9417269229888916 299
1.9489636421203613 300
1.9548923969268799 300
1.9614768028259277 300
1.968087911605835 301
1.9740214347839355 301
1.9810216426849365 302
1.9868464469909668 302
1.9941794872283936 302
2.002774238586426 303
2.0096004009246826 304
2.015519857406616 304
2.0220727920532227 304
2.0291266441345215 304
2.0350582599639893 305
2.042725086212158 305
2.049564838409424 306
2.055474281311035 306
2.0621376037597656 306
2.0692086219787598 307
2.075144052505493 307
2.0818099975585938 308
2.088848829269409 308
2.0956151485443115 308
2.1024341583251953 308
2.1128883361816406 309
2.1199774742126465 310
2.125924587249756 310
2.1329216957092285 310
2.1398677825927734 310
2.1468868255615234 311
2.1535186767578125 311
2.160520553588867 311
2.166165590286255 312
2.172963857650757 312
2.1799800395965576 312
2.1859257221221924 312
2.1927237510681152 313
2.2006452083587646 313
2.20646071434021 314
2.2131764888763428 314
2.2199854850769043 314
2.225898265838623 314
2.2326319217681885 315
2.239604949951172 315
2.2465858459472656 316
2.2532448768615723 316
2.2600040435791016 316
2.2659356594085693 316
2.2727253437042236 317
2.2795701026916504 317
2.285475254058838 317
2.291991949081421 318
2.3000168800354004 318
2.3059582710266113 318
2.3127684593200684 318
2.3195912837982178 319
2.32553768157959 319
2.3320865631103516 319
2.339332103729248 320
2.3452951908111572 320
2.3528621196746826 320
2.3598616123199463 320
2.365861177444458 320
2.372652530670166 321
2.3794870376586914 321
2.3860983848571777 321
2.3929290771484375 321
2.4008443355560303 322
2.4066519737243652 322
2.4131734371185303 322
2.4201207160949707 322
2.4260292053222656 322
2.4328675270080566 323
2.4397284984588623 323
2.4525604248046875 324
2.4594359397888184 324
2.4653921127319336 324
2.472092866897583 324
2.4793341159820557 325
2.485309600830078 325
2.491896152496338 325
2.4997637271881104 326
2.5056910514831543 326
2.5160627365112305 326
2.5229995250701904 326
2.529960870742798 326
2.535885810852051 327
2.5429625511169434 327
2.550942897796631 328
2.5567922592163086 328
2.5633108615875244 328
2.5701165199279785 328
2.576092004776001 328
2.5828857421875 328
2.58970308303833 329
2.5956599712371826 329
2.6035096645355225 329
2.6105339527130127 329
2.6161551475524902 330
2.6230170726776123 330
2.6298747062683105 330
2.635838270187378 330
2.6426215171813965 330
2.649430751800537 330
2.656019449234009 330
2.663005828857422 331
2.669867753982544 331
2.6757991313934326 331
2.6825881004333496 332
2.689396619796753 332
2.695302724838257 332
2.7029685974121094 332
2.7097814083099365 332
2.7156741619110107 332
2.7226123809814453 332
2.729647636413574 333
2.735588550567627 333
2.742116689682007 333
2.749189615249634 333
2.755887746810913 334
2.7627081871032715 334
2.769568681716919 334
2.7755041122436523 334
2.7824807167053223 334
2.789308547973633 334
2.795250654220581 335
2.801774024963379 335
2.809624433517456 335
2.8155770301818848 335
2.8221352100372314 335
2.829216241836548 336
2.8352060317993164 336
2.8418991565704346 336
2.849020481109619 336
2.855746269226074 336
2.862657070159912 336
2.869490385055542 336
2.8754241466522217 337
2.882009744644165 337
2.8890278339385986 337
2.894960880279541 337
2.9016406536102295 338
2.909575939178467 338
2.9200799465179443 338
2.92600154876709 338
2.9329819679260254 338
2.939932346343994 338
2.945869207382202 338
2.952648639678955 339
2.9607632160186768 339
2.966580390930176 339
2.9730892181396484 339
2.9798877239227295 340
2.9858102798461914 340
2.992771863937378 340
2.9996228218078613 340
3.006556272506714 340
3.0131101608276367 340
3.020050048828125 340
3.026017665863037 340
3.032860517501831 340
3.0396690368652344 340
3.0456247329711914 340
3.0524351596832275 340
3.059966802597046 340
3.06589674949646 340
3.072636127471924 341
3.079601526260376 341
3.0855116844177246 341
3.092108726501465 341
3.0991876125335693 341
3.105138063430786 341
3.1125693321228027 342
3.119580030441284 342
3.125514507293701 342
3.132052183151245 342
3.1392507553100586 342
3.1451871395111084 342
3.1517722606658936 342
3.159531354904175 342
3.1654748916625977 342
3.1720499992370605 342
3.1791129112243652 342
3.185058355331421 342
3.19158935546875 342
3.1981687545776367 343
3.2045655250549316 343
3.2120134830474854 343
3.219057559967041 343
3.2249979972839355 343
3.2315547466278076 344
3.2381935119628906 344
3.2441155910491943 344
3.2513439655303955 344
3.257995367050171 344
3.265319585800171 344
3.271885395050049 344
3.2789227962493896 344
3.2847909927368164 344
3.2914130687713623 344
3.2980501651763916 344
3.30401873588562 345
3.311715602874756 345
3.322542428970337 345
3.3295376300811768 345
3.335482120513916 345
3.342146873474121 345
3.3492093086242676 345
3.3551857471466064 345
3.36279296875 345
3.3696420192718506 345
3.3755881786346436 346
3.383275032043457 346
3.3900511264801025 346
3.3959808349609375 346
3.4027762413024902 346
3.4095919132232666 346
3.416620969772339 346
3.4231417179107666 346
3.429919481277466 346
3.4358339309692383 347
3.4428205490112305 347
3.449650526046753 347
3.455597162246704 347
3.462148666381836 347
3.4699862003326416 347
3.475897789001465 347
3.482895851135254 347
3.489717483520508 347
3.495652198791504 347
3.502591609954834 347
3.509587526321411 347
3.516195058822632 347
3.523012638092041 347
3.5297963619232178 347
3.535675048828125 347
3.5424842834472656 347
3.549342155456543 347
3.555269479751587 347
3.561905860900879 347
3.5697906017303467 347
3.575695276260376 347
3.582465887069702 347
3.589273452758789 347
3.5952370166778564 347
3.6017825603485107 347
3.608821392059326 347
3.6146504878997803 347
3.622525691986084 347
3.6293835639953613 347
3.6352899074554443 347
3.6419880390167236 347
3.649045944213867 347
3.6549746990203857 347
3.661548614501953 347
3.6693825721740723 347
3.675283432006836 347
3.6819188594818115 347
3.6890509128570557 347
3.694988965988159 347
3.7015042304992676 347
3.708125352859497 347
3.7140469551086426 347
3.725268840789795 347
3.7319042682647705 347
3.7392144203186035 347
3.745151996612549 347
3.7518553733825684 347
3.7589266300201416 347
3.7648353576660156 347
3.772071361541748 347
3.779120922088623 347
3.7850468158721924 347
3.791576385498047 347
3.798194408416748 347
3.80466628074646 347
3.8113884925842285 347
3.818021535873413 347
3.825080633163452 347
3.831599712371826 347
3.8384220600128174 347
3.844113826751709 347
3.851106882095337 347
3.8573217391967773 347
3.8638548851013184 347
3.871636390686035 347
3.8784403800964355 347
3.88413143157959 347
3.891125440597534 347
3.8973336219787598 347
3.9038493633270264 347
3.910757303237915 347
3.916529893875122 347
3.924511432647705 347
3.931187391281128 347
3.9373996257781982 347
3.9437241554260254 347
3.9507200717926025 347
3.956529140472412 347
3.9630532264709473 347
3.9698591232299805 347
3.976893663406372 347
3.9837067127227783 347
3.990734577178955 347
3.9965529441833496 347
4.003067970275879 347
4.009861946105957 347
4.0157790184021 347
4.0235443115234375 347
4.030726194381714 347
4.036527633666992 347
4.043182611465454 347
4.049967288970947 347
4.055843353271484 347
4.062592267990112 347
4.06941556930542 347
4.076131343841553 347
4.082951545715332 347
4.089818954467773 347
4.095727920532227 347
4.102625131607056 347
4.109418153762817 347
4.115341663360596 347
4.126677513122559 347
4.133325099945068 347
4.140608787536621 347
4.1461920738220215 347
4.15308952331543 347
4.160078763961792 347
4.1659932136535645 347
4.172779560089111 347
4.180609703063965 347
4.186427354812622 347
4.192962169647217 347
4.199795961380005 347
4.205702066421509 347
4.212455987930298 347
4.219424486160278 347
4.226111650466919 347
4.232921838760376 347
4.243945360183716 347
4.251500606536865 347
4.258123874664307 347
4.264036655426025 347
4.270972490310669 347
4.278940916061401 347
4.2848803997039795 347
4.291578769683838 347
4.2981648445129395 347
4.304030656814575 347
4.3109612464904785 347
4.316767692565918 347
4.3232526779174805 347
4.331242322921753 347
4.337429046630859 347
4.34391188621521 347
4.350825548171997 347
4.356625080108643 347
4.363158464431763 347
4.369966745376587 347
4.3758697509765625 347
4.389589786529541 347
4.3994433879852295 347
4.409876823425293 347
4.416057825088501 347
4.426809310913086 347
4.434527397155762 347
4.441593647003174 347
4.4517600536346436 347
4.459058523178101 347
4.465030193328857 347
4.471943378448486 347
4.481817007064819 347
4.489008665084839 347
4.4968390464782715 347
4.50384259223938 347
4.510777950286865 347
4.52097749710083 347
4.529080152511597 347
4.5391011238098145 347
4.545099973678589 347
4.5518810749053955 347
4.559555292129517 347
4.569340705871582 347
4.577839374542236 347
4.587446451187134 347
4.593788146972656 347
4.60265851020813 347
4.609460830688477 347
4.615447521209717 347
4.626063823699951 347
4.635941982269287 347
4.642972707748413 347
4.649781703948975 347
4.65877890586853 347
4.664630889892578 347
4.671294212341309 347
4.6791136264801025 347
4.689283847808838 347
4.697907447814941 347
4.704017162322998 347
4.710997104644775 347
4.718439817428589 347
4.724162578582764 347
4.7340247631073 347
4.7409892082214355 347
4.746877431869507 347
4.761080980300903 347
4.767338037490845 347
4.773853302001953 347
4.7815775871276855 347
4.7899229526519775 347
4.805964946746826 347
4.819593191146851 347
4.828199148178101 347
4.835412502288818 347
4.845582723617554 347
4.855456113815308 347
4.864187002182007 347
4.8714516162872314 347
4.880790710449219 347
4.889712333679199 347
4.895645618438721 347
4.905828952789307 347
4.9132304191589355 347
4.925840616226196 347
4.933150053024292 347
4.945070266723633 347
4.9516379833221436 347
4.96074104309082 347
4.9665446281433105 347
4.973072528839111 347
4.9818761348724365 347
4.989737033843994 347
4.995651006698608 347
5.00323486328125 347
5.011998414993286 347
5.019284009933472 347
5.027926921844482 347
5.033892869949341 347
5.041640043258667 347
5.05073356628418 347
5.069875478744507 347
5.077324390411377 347
5.083846569061279 347
5.091489553451538 347
5.100721120834351 347
5.106552362442017 347
5.1132872104644775 347
5.122633695602417 347
5.129438877105713 347
5.135409832000732 347
5.14370322227478 347
5.152559280395508 347
5.159367799758911 347
5.16526985168457 347
5.172666311264038 347
5.183272361755371 347
5.191204786300659 347
5.19998836517334 347
5.208095073699951 347
5.216111183166504 347
5.2229297161102295 347
5.229774236679077 347
5.242003917694092 347
5.249115467071533 347
5.255036354064941 347
5.2620391845703125 347
5.272669315338135 347
5.2795090675354 347
5.285449981689453 347
5.293842792510986 347
5.301593542098999 347
5.311677694320679 347
5.31866717338562 347
5.329973459243774 347
5.339197397232056 347
5.345923185348511 347
5.352905988693237 347
5.360867738723755 347
5.372647523880005 347
5.381245136260986 347
5.3874828815460205 347
5.396592617034912 347
5.403280973434448 347
5.411999225616455 347
5.419248819351196 347
5.425170421600342 347
5.431712865829468 347
5.451064825057983 347
5.464594125747681 347
5.4714720249176025 347
5.4792258739471436 347
5.489267587661743 347
5.499736070632935 347
5.505841493606567 347
5.515717029571533 347
5.52327561378479 347
5.534569501876831 347
5.541548013687134 347
5.549412250518799 347
5.558039903640747 347
5.563945293426514 347
5.570887088775635 347
5.58016562461853 347
5.586134195327759 347
5.5938708782196045 347
5.603148698806763 347
5.609945058822632 347
5.618999481201172 347
5.624929666519165 347
5.631481885910034 347
5.640705823898315 347
5.646533489227295 347
5.65643048286438 347
5.663210868835449 347
5.669992923736572 347
5.679245471954346 347
5.685150384902954 347
5.691834211349487 347
5.701865911483765 347
5.709067106246948 347
5.715087175369263 347
5.7289958000183105 347
5.7348949909210205 347
5.741572856903076 347
5.751611948013306 347
5.758427381515503 347
5.764116525650024 347
5.774708271026611 347
5.781522989273071 347
5.7890355587005615 347
5.798966646194458 347
5.80570912361145 347
5.8145482540130615 347
5.8225319385528564 347
5.831362009048462 347
5.8379998207092285 347
5.844036817550659 347
5.852769136428833 347
5.863274097442627 347
5.870057821273804 347
5.879164457321167 347
5.885127544403076 347
5.891653299331665 347
5.900999546051025 347
5.908864974975586 347
5.914682865142822 347
5.9219419956207275 347
5.93138313293457 347
5.940037727355957 347
5.9459617137908936 347
5.953732013702393 347
5.9615254402160645 347
5.970540761947632 347
5.976155042648315 347
5.983090162277222 347
5.996081829071045 347
6.0039801597595215 347
6.011070966720581 347
6.018990516662598 347
6.032789707183838 347
6.042502403259277 347
6.0501768589019775 347
6.059216737747192 347
6.069013595581055 347
6.07680869102478 347
6.08380913734436 347
6.091127395629883 347
6.100543260574341 347
6.1100523471832275 347
6.115980625152588 347
6.129940748214722 347
6.136918306350708 347
6.146475076675415 347
6.153198719024658 347
6.161174297332764 347
6.169946908950806 347
6.1758339405059814 347
6.182624578475952 347
6.191892862319946 347
6.200954914093018 347
6.208790302276611 347
6.214592695236206 347
6.221238136291504 347
6.227468252182007 347
6.2337658405303955 347
6.240867376327515 347
6.24666428565979 347
6.253215312957764 347
6.261309385299683 347
6.267946720123291 347
6.273834466934204 347
6.280749082565308 347
6.286540985107422 347
6.293075323104858 347
6.2998573780059814 347
6.305779457092285 347
6.313325643539429 347
6.320560693740845 347
6.32617712020874 347
6.332947492599487 347
6.339738845825195 347
6.345651388168335 347
6.352463245391846 347
6.360050678253174 347
6.3659827709198 347
6.372962236404419 347
6.380992889404297 347
6.386800765991211 347
6.3932859897613525 347
6.400017261505127 347
6.405935287475586 347
6.413691520690918 347
6.420646667480469 347
6.426437854766846 347
6.4330151081085205 347
6.439986705780029 347
6.445895433425903 347
6.45263409614563 347
6.459473133087158 347
6.46610164642334 347
6.472887992858887 347
6.479706287384033 347
6.485647439956665 347
6.4921698570251465 347
6.499403953552246 347
6.505296945571899 347
6.5129218101501465 347
6.521351337432861 347
6.53173041343689 347
6.538894176483154 347
6.544787883758545 347
6.551490783691406 347
6.558148145675659 347
6.565487861633301 347
6.572021961212158 347
6.579076290130615 347
6.584984064102173 347
6.591543912887573 347
6.598155975341797 347
6.604087591171265 347
6.6110594272613525 347
6.6190712451934814 347
6.62505030632019 347
6.631742000579834 347
6.638727188110352 347
6.644525051116943 347
6.651206970214844 347
6.6574437618255615 347
6.664936542510986 347
6.671483278274536 347
6.678137302398682 347
6.6845221519470215 347
6.691225290298462 347
6.697425842285156 347
6.703696012496948 347
6.710677146911621 347
6.71810245513916 347
6.724019527435303 347
6.730937242507935 347
6.736757755279541 347
6.743948459625244 347
6.751222133636475 347
6.757428407669067 347
6.7640299797058105 347
6.771752834320068 347
6.77878737449646 347
6.784612417221069 347
6.79128623008728 347
6.79789400100708 347
6.803961992263794 347
6.810863256454468 347
6.818482398986816 347
6.8241822719573975 347
6.831153631210327 347
6.837427377700806 347
6.843742370605469 347
6.850698232650757 347
6.856531381607056 347
6.863178730010986 347
6.870966672897339 347
6.8767852783203125 347
6.883244276046753 347
6.890182733535767 347
6.896097421646118 347
6.902896881103516 347
6.909696102142334 347
6.915624618530273 347
6.9232587814331055 347
6.933837413787842 347
6.940887689590454 347
6.946714639663696 347
6.953479051589966 347
6.9606029987335205 347
6.966196775436401 347
6.973802804946899 347
6.980886459350586 347
6.986680030822754 347
6.993185758590698 347
6.999956846237183 347
7.00589394569397 347
7.012605905532837 347
7.0206708908081055 347
7.026483058929443 347
7.033002614974976 347
7.040017604827881 347
7.045934677124023 347
7.052712678909302 347
7.059493064880371 347
7.066940069198608 347
7.074843406677246 347
7.08142614364624 347
7.088024854660034 347
7.093945741653442 347
7.101032257080078 347
7.106842517852783 347
7.113360643386841 347
7.120101690292358 347
7.12787652015686 347
7.1337995529174805 347
7.140732526779175 347
7.146524667739868 347
7.1537251472473145 347
7.160879373550415 347
7.166668891906738 347
7.1741321086883545 347
7.181135654449463 347
7.187398910522461 347
7.19370698928833 347
7.200655460357666 347
7.2064385414123535 347
7.213008403778076 347
7.220000743865967 347
7.226848602294922 347
7.233469247817993 347
7.240167617797852 347
7.24616265296936 347
7.252978563308716 347
7.259822607040405 347
7.265735149383545 347
7.272470235824585 347
7.280550003051758 347
7.286156415939331 347
7.292950868606567 347
7.299755811691284 347
7.305692911148071 347
7.312472820281982 347
7.319383859634399 347
7.3260297775268555 347
7.336626768112183 347
7.34350061416626 347
7.3506927490234375 347
7.356473684310913 347
7.363164186477661 347
7.3699400424957275 347
7.376808404922485 347
7.384514570236206 347
7.391169786453247 347
7.397397756576538 347
7.403861999511719 347
7.410901069641113 347
7.4167046546936035 347
7.423237323760986 347
7.431221008300781 347
7.437426567077637 347
7.443711519241333 347
7.4507200717926025 347
7.456570863723755 347
7.463258504867554 347
7.4699928760528564 347
7.47693657875061 347
7.483668804168701 347
7.490630865097046 347
7.49643611907959 347
7.50298285484314 347
7.509785890579224 347
7.515700101852417 347
7.522605895996094 347
7.530136346817017 347
7.536100149154663 347
7.543032169342041 347
7.549872398376465 347
7.5557780265808105 347
7.562523126602173 347
7.56933069229126 347
7.575278997421265 347
7.582964897155762 347
7.589772939682007 347
7.5956621170043945 347
7.602418899536133 347
7.609276294708252 347
7.615220069885254 347
7.62173318862915 347
7.628730297088623 347
7.635469436645508 347
7.642150163650513 347
7.649241924285889 347
7.655188322067261 347
7.661704778671265 347
7.668874979019165 347
7.6747026443481445 347
7.682140350341797 347
7.689216613769531 347
7.695184230804443 347
7.701873064041138 347
7.708878993988037 347
7.714698791503906 347
7.7213380336761475 347
7.727981328964233 347
7.739387035369873 347
7.745300054550171 347
7.751967906951904 347
7.759273529052734 347
7.771669626235962 347
7.778693675994873 347
7.785449981689453 347
7.791945934295654 347
7.799161672592163 347
7.805134296417236 347
7.811643123626709 347
7.818490743637085 347
7.8246400356292725 347
7.831343173980713 347
7.839081525802612 347
7.845084190368652 347
7.851604700088501 347
7.861198902130127 347
7.867434740066528 347
7.873916387557983 347
7.881164789199829 347
7.889056444168091 347
7.89497447013855 347
7.901516914367676 347
7.908161878585815 347
7.914068222045898 347
7.921027660369873 347
7.926845073699951 347
7.934886932373047 347
7.9415974617004395 347
7.94847846031189 347
7.954148530960083 347
7.961176633834839 347
7.96744179725647 347
7.973705768585205 347
7.980656385421753 347
7.98806619644165 347
7.9939799308776855 347
8.001069068908691 347
8.006919622421265 347
8.013644456863403 347
8.02058482170105 347
8.026187896728516 347
8.032965183258057 347
8.04088807106018 347
8.046701908111572 347
8.053187370300293 347
8.060169219970703 347
8.066095352172852 347
8.072889804840088 347
8.079681158065796 347
8.085679292678833 347
8.09317946434021 347
8.099932670593262 347
8.105836629867554 347
8.112577676773071 347
8.119567394256592 347
8.125462293624878 347
8.135817050933838 347
8.143619537353516 347
8.150755643844604 347
8.157847166061401 347
8.163912773132324 347
8.170886993408203 347
8.17672324180603 347
8.183356285095215 347
8.19135594367981 347
8.19798469543457 347
8.20395040512085 347
8.210840702056885 347
8.216652154922485 347
8.223160028457642 347
8.229961395263672 347
8.235874652862549 347
8.243783473968506 347
8.250765800476074 347
8.256565570831299 347
8.263127565383911 347
8.269901514053345 347
8.27582573890686 347
8.282804012298584 347
8.289629459381104 347
8.296619653701782 347
8.303276300430298 347
8.310008764266968 347
8.315939664840698 347
8.322922706604004 347
8.329744577407837 347
8.33564567565918 347
8.34326720237732 347
8.350014686584473 347
8.355952978134155 347
8.36291241645813 347
8.369727611541748 347
8.375654220581055 347
8.390128135681152 347
8.401329278945923 347
8.410752534866333 347
8.419633150100708 347
8.425557136535645 347
8.432120323181152 347
8.439811706542969 347
8.44991421699524 347
8.455831050872803 347
8.462784767150879 347
8.470702171325684 347
8.479618072509766 347
8.485515117645264 347
8.49207592010498 347
8.500876665115356 347
8.509622573852539 347
8.515552043914795 347
8.522114753723145 347
8.529801607131958 347
8.540893793106079 347
8.549962282180786 347
8.555855512619019 347
8.565929174423218 347
8.574876546859741 347
8.585193395614624 347
8.591778755187988 347
8.599740743637085 347
8.610996723175049 347
8.616819143295288 347
8.623471736907959 347
8.6326584815979 347
8.639530658721924 347
8.646479368209839 347
8.655305624008179 347
8.662023305892944 347
8.669071435928345 347
8.678872108459473 347
8.684848546981812 347
8.693511247634888 347
8.70138430595398 347
8.707968473434448 347
8.716158390045166 347
8.72310495376587 347
8.729891061782837 347
8.741671800613403 347
8.74975299835205 347
8.758894443511963 347
8.764789581298828 347
8.771391153335571 347
8.788131713867188 347
8.794059991836548 347
8.802031755447388 347
8.813043117523193 347
8.820060014724731 347
8.829288959503174 347
8.838045835494995 347
8.844513177871704 347
8.858478307723999 347
8.864784240722656 347
8.871540307998657 347
8.87967300415039 347
8.888757944107056 347
8.894588470458984 347
8.902432203292847 347
8.909692525863647 347
8.920087575912476 347
8.926045179367065 347
8.93901515007019 347
8.944960355758667 347
8.953135251998901 347
8.960188627243042 347
8.966135025024414 347
8.973029851913452 347
8.97984766960144 347
8.98574185371399 347
8.99249529838562 347
8.999335289001465 347
9.006111860275269 347
9.012929439544678 347
9.019911289215088 347
9.02579665184021 347
9.032564163208008 347
9.039354801177979 347
9.045321226119995 347
9.051878213882446 347
9.059758186340332 347
9.065652132034302 347
9.072187662124634 347
9.079406976699829 347
9.085299015045166 347
9.091806650161743 347
9.098979949951172 347
9.105744361877441 347
9.112487316131592 347
9.119304180145264 347
9.125252723693848 347
9.131787300109863 347
9.13895058631897 347
9.14488172531128 347
9.151419878005981 347
9.159193754196167 347
9.16566514968872 347
9.17218804359436 347
9.179237604141235 347
9.185143947601318 347
9.191648006439209 347
9.198482513427734 347
9.205520391464233 347
9.212112426757812 347
9.219227075576782 347
9.22515869140625 347
9.231863737106323 347
9.238905191421509 347
9.249574184417725 347
9.255484342575073 347
9.264049053192139 347
9.272195100784302 347
9.279274940490723 347
9.285213470458984 347
9.291736364364624 347
9.298726081848145 347
9.304429054260254 347
9.311924695968628 347
9.319110870361328 347
9.325045824050903 347
9.33158254623413 347
9.342003345489502 347
9.349172592163086 347
9.355128526687622 347
9.362946033477783 347
9.369774341583252 347
9.375669717788696 347
9.383317947387695 347
9.390080451965332 347
9.39603042602539 347
9.402800798416138 347
9.41079044342041 347
9.416632175445557 347
9.423166275024414 347
9.429912090301514 347
9.435801029205322 347
9.442744493484497 347
9.44955325126648 347
9.455546855926514 347
9.463210105895996 347
9.469953298568726 347
9.475813865661621 347
9.48253846168518 347
9.48949146270752 347
9.495413303375244 347
9.502091407775879 347
9.509159564971924 347
9.515865802764893 347
9.522630453109741 347
9.529438734054565 347
9.535330057144165 347
9.541857242584229 347
9.54892110824585 347
9.554846286773682 347
9.56258487701416 347
9.569400787353516 347
9.575357675552368 347
9.581886768341064 347
9.588911533355713 347
9.594703197479248 347
9.601377487182617 347
9.607996940612793 347
9.615169286727905 347
9.621902227401733 347
9.62895679473877 347
9.63490080833435 347
9.641450643539429 347
9.648055791854858 347
9.653998136520386 347
9.660930156707764 347
9.668850660324097 347
9.674635171890259 347
9.68142819404602 347
9.687993049621582 347
9.693935871124268 347
9.700868129730225 347
9.706681728363037 347
9.713162422180176 347
9.721055030822754 347
9.726954936981201 347
9.733627319335938 347
9.744029521942139 347
9.751210927963257 347
9.757450580596924 347
9.763877153396606 347
9.772130489349365 347
9.77921175956726 347
9.785196542739868 347
9.791714906692505 347
9.798919439315796 347
9.804875135421753 347
9.811423063278198 347
9.819268226623535 347
9.825241327285767 348
9.831790447235107 348
9.838855743408203 348
9.84483790397644 348
9.851374864578247 348
9.858007669448853 348
9.864171504974365 348
9.871785402297974 348
9.8790283203125 348
9.884997129440308 348
9.891525030136108 348
9.898122072219849 348
9.904075622558594 348
9.91107988357544 348
9.916926145553589 348
9.92488408088684 348
9.931464195251465 348
9.938113451004028 349
9.944055080413818 349
9.951059341430664 349
9.95693826675415 349
9.963708639144897 349
9.97140622138977 349
9.978030681610107 350
9.984129428863525 350
9.991142272949219 350
9.99739670753479 350
