00
0.010560035705566406 0
0.017755985260009766 0
0.023831844329833984 1
0.03670072555541992 3
0.04275798797607422 4
0.04961824417114258 7
0.05759859085083008 10
0.06361532211303711 13
0.07050156593322754 16
0.07757425308227539 20
0.08359193801879883 23
0.09050107002258301 27
0.09742093086242676 33
0.10344505310058594 37
0.11098146438598633 41
0.11785483360290527 46
0.12395572662353516 51
0.1308591365814209 55
0.1379392147064209 62
0.14393305778503418 66
0.15082526206970215 71
0.1588592529296875 78
0.16479182243347168 84
0.17159056663513184 89
0.17885661125183105 95
0.1852400302886963 101
0.19167041778564453 107
0.19884204864501953 112
0.2047891616821289 119
0.21290302276611328 124
0.21954607963562012 131
0.22670793533325195 137
0.2327735424041748 142
0.2394096851348877 149
0.24657416343688965 155
0.25252485275268555 160
0.2605292797088623 167
0.26749181747436523 175
0.27354955673217773 180
0.280487060546875 186
0.2873806953430176 193
0.2933950424194336 199
0.3003842830657959 204
0.3074820041656494 211
0.31460094451904297 217
0.3215348720550537 222
0.32868051528930664 227
0.3346724510192871 233
0.34148383140563965 237
0.34861040115356445 242
0.35460710525512695 248
0.362807035446167 252
0.3694877624511719 257
0.3767428398132324 261
0.3828859329223633 264
0.3895561695098877 269
0.3967914581298828 273
0.4028768539428711 276
0.4097483158111572 280
0.41774964332580566 284
0.4238123893737793 287
0.4357926845550537 291
0.44243764877319336 293
0.4493587017059326 296
0.4560573101043701 298
0.4634416103363037 302
0.4703643321990967 304
0.47730588912963867 307
0.48334813117980957 309
0.4900548458099365 311
0.4974253177642822 314
0.5035068988800049 316
0.5104820728302002 318
0.5186171531677246 321
0.5245802402496338 322
0.5312023162841797 323
0.5384111404418945 325
0.5444233417510986 327
0.5511150360107422 329
0.558441162109375 330
0.5659646987915039 331
0.5724709033966064 331
0.5792117118835449 332
0.5859408378601074 333
0.5919785499572754 334
0.599097728729248 335
0.6058971881866455 337
0.6119472980499268 338
0.6200218200683594 339
0.6271605491638184 340
0.6333174705505371 341
0.6399440765380859 342
0.6471774578094482 343
0.6532707214355469 343
0.6599047183990479 343
0.6678817272186279 343
0.673973560333252 344
0.681056022644043 345
0.687899112701416 345
0.693925142288208 346
0.7009842395782471 347
0.707911491394043 347
0.713972806930542 348
0.7218418121337891 348
0.7288527488708496 347
0.7347559928894043 348
0.7417395114898682 348
0.748767614364624 349
0.7547218799591064 349
0.7614881992340088 349
0.769364595413208 350
0.7765340805053711 351
0.7825520038604736 351
0.7893328666687012 352
0.7963323593139648 352
0.8034086227416992 352
0.8100550174713135 352
0.817286491394043 353
0.824303150177002 354
0.8368625640869141 354
0.8429925441741943 354
0.849872350692749 354
0.8572719097137451 355
0.863330602645874 355
0.8709585666656494 356
0.8778567314147949 357
0.8839004039764404 357
0.8908162117004395 358
0.8977377414703369 357
0.9037439823150635 357
0.9106016159057617 357
0.9176325798034668 357
0.9247868061065674 358
0.9316146373748779 359
0.9387030601501465 359
0.944648265838623 359
0.9513609409332275 359
0.9587061405181885 359
0.9646399021148682 359
0.9725136756896973 359
0.9794900417327881 359
0.9866030216217041 359
0.9926438331604004 360
0.9993665218353271 360
1.0060372352600098 360
1.0120487213134766 360
1.0190718173980713 360
1.0269849300384521 360
1.0330348014831543 360
1.0398426055908203 360
1.0469529628753662 360
1.0529868602752686 360
1.0595777034759521 360
1.0667085647583008 360
1.0735225677490234 360
1.080387830734253 360
1.087409496307373 360
1.0933961868286133 360
1.1003897190093994 360
1.1072747707366943 360
1.1132957935333252 360
1.1198832988739014 360
1.1277835369110107 360
1.1337575912475586 360
1.1405715942382812 360
1.1474735736846924 360
1.1534614562988281 360
1.1604537963867188 360
1.1673188209533691 360
1.1743273735046387 360
1.1809580326080322 360
1.1878108978271484 360
1.1937713623046875 360
1.2006373405456543 360
1.2075066566467285 360
1.213470458984375 360
1.2204995155334473 360
1.2284953594207764 360
1.239408016204834 360
1.2460591793060303 360
1.2524943351745605 360
1.259336233139038 360
1.2660236358642578 360
1.2719929218292236 360
1.279808521270752 360
1.2869765758514404 360
1.2930002212524414 360
1.2998332977294922 360
1.306945562362671 360
1.312924861907959 360
1.3195312023162842 360
1.327284812927246 360
1.3333053588867188 360
1.3403539657592773 360
1.3473880290985107 360
1.353435754776001 360
1.360018253326416 360
1.3671040534973145 360
1.3731114864349365 360
1.3806638717651367 360
1.3875348567962646 360
1.3935697078704834 360
1.4005577564239502 360
1.4074223041534424 360
1.4134242534637451 360
1.4200210571289062 360
1.4278767108917236 360
1.433908224105835 360
1.4407615661621094 360
1.447645902633667 360
1.4535901546478271 360
1.4605607986450195 360
1.4674229621887207 360
1.473428726196289 360
1.4813838005065918 360
1.4884603023529053 360
1.4943389892578125 360
1.5009310245513916 360
1.5077972412109375 360
1.5137596130371094 360
1.5207421779632568 360
1.5276215076446533 360
1.5347678661346436 360
1.5414819717407227 360
1.5484652519226074 360
1.554356575012207 360
1.5609304904937744 360
1.5678067207336426 360
1.573775291442871 360
1.5817837715148926 360
1.5887646675109863 360
1.5946850776672363 360
1.6014072895050049 360
1.6086692810058594 360
1.6145665645599365 360
1.6211555004119873 360
1.6279819011688232 360
1.6396291255950928 360
1.6468689441680908 360
1.6529109477996826 360
1.6636285781860352 360
1.6704754829406738 360
1.6773433685302734 360
1.6843082904815674 360
1.6909258365631104 360
1.6980054378509521 360
1.7040019035339355 360
1.7108800411224365 360
1.7177200317382812 360
1.7237019538879395 360
1.7305383682250977 360
1.738708734512329 360
1.7445926666259766 360
1.751154899597168 360
1.7584373950958252 360
1.764333963394165 360
1.7709574699401855 360
1.7777860164642334 360
1.7847871780395508 360
1.7915539741516113 360
1.7993700504302979 360
1.8060455322265625 360
1.8120102882385254 360
1.8192203044891357 360
1.8259098529815674 360
1.8318946361541748 360
1.8397114276885986 360
1.8467903137207031 360
1.8527793884277344 360
1.859407901763916 360
1.8660600185394287 360
1.8729872703552246 360
1.8803434371948242 360
1.887873888015747 360
1.8938586711883545 360
1.9007110595703125 360
1.907573938369751 360
1.9135618209838867 360
1.9204096794128418 360
1.9272661209106445 360
1.933225154876709 360
1.9409101009368896 360
1.9477779865264893 360
1.95375657081604 360
1.960580825805664 360
1.9674315452575684 360
1.973417043685913 360
1.980058193206787 360
1.9877898693084717 360
1.9937922954559326 360
2.002415895462036 360
2.009169816970825 360
2.0158262252807617 360
2.0217580795288086 360
2.028728485107422 360
2.039886713027954 360
2.0471293926239014 360
2.0531563758850098 360
2.060029983520508 360
2.0671546459198 360
2.0731472969055176 360
2.0797667503356934 360
2.0868330001831055 360
2.0936779975891113 360
2.1005024909973145 360
2.1073663234710693 360
2.1133387088775635 360
2.120055675506592 360
2.127347469329834 360
2.1334002017974854 360
2.1410980224609375 360
2.1479108333587646 360
2.153919219970703 360
2.1607606410980225 360
2.167621374130249 360
2.173590660095215 360
2.1805496215820312 360
2.187490463256836 360
2.19453763961792 360
2.2011024951934814 360
2.2079286575317383 360
2.2139453887939453 360
2.220797538757324 360
2.2277567386627197 360
2.233719825744629 360
2.2416739463806152 360
2.2487003803253174 360
2.254582643508911 360
2.2614777088165283 360
2.268467903137207 360
2.274355411529541 360
2.280956745147705 360
2.287795066833496 360
2.294814109802246 360
2.3017055988311768 360
2.3087141513824463 360
2.314589738845825 360
2.321167230606079 360
2.3280017375946045 360
2.333956718444824 360
2.3408100605010986 360
2.348707675933838 360
2.3545970916748047 360
2.361416816711426 360
2.3684747219085693 360
2.3743343353271484 360
2.38092041015625 360
2.3879377841949463 360
2.3952527046203613 360
2.4016151428222656 360
2.4086086750030518 360
2.414487361907959 360
2.4211764335632324 360
2.428060293197632 360
2.43778920173645 360
2.446950674057007 360
2.452986478805542 360
2.459695816040039 360
2.4669463634490967 360
2.472954273223877 360
2.4860076904296875 360
2.49202561378479 360
2.499884843826294 360
2.506993532180786 360
2.512998342514038 360
2.519807815551758 360
2.526942253112793 360
2.532928228378296 360
2.5396840572357178 360
2.547590970993042 360
2.5535619258880615 360
2.560380697250366 360
2.567274808883667 360
2.5732672214508057 360
2.579890012741089 360
2.5870206356048584 360
2.593045949935913 360
2.6008493900299072 360
2.607743501663208 360
2.6137192249298096 360
2.620532989501953 360
2.6274209022521973 360
2.6334102153778076 360
2.640044927597046 360
2.648019313812256 360
2.654038429260254 360
2.661067008972168 360
2.6679491996765137 360
2.673936128616333 360
2.680788278579712 360
2.6876542568206787 360
2.693612575531006 360
2.701350212097168 360
2.7080602645874023 360
2.714303493499756 360
2.7210962772369385 360
2.727973461151123 360
2.733938217163086 360
2.7407872676849365 360
2.74766206741333 360
2.7546958923339844 360
2.761363983154297 360
2.768389940261841 360
2.7743008136749268 360
2.781128406524658 360
2.787942409515381 360
2.7939155101776123 360
2.8029685020446777 360
2.8095309734344482 360
2.8166701793670654 360
2.822556495666504 360
2.829284191131592 360
2.839042901992798 360
2.84708309173584 360
2.8538856506347656 360
2.860919237136841 360
2.867915630340576 360
2.87393856048584 360
2.880803108215332 360
2.88773775100708 360
2.8937129974365234 360
2.901611328125 360
2.908902883529663 360
2.9148178100585938 360
2.9215645790100098 360
2.928630828857422 360
2.934506416320801 360
2.9411165714263916 360
2.9479217529296875 360
2.9553120136260986 360
2.961862564086914 360
2.9688498973846436 360
2.974749803543091 360
2.981506586074829 360
2.9885365962982178 360
2.9944236278533936 360
3.0011041164398193 360
3.0090715885162354 360
3.0157053470611572 360
3.0218665599823 360
3.028850555419922 360
3.034759283065796 360
3.0416653156280518 360
3.0486793518066406 360
3.056610107421875 360
3.0625123977661133 360
3.0692405700683594 360
3.075913429260254 360
3.0820510387420654 360
3.089142084121704 360
3.0957696437835693 360
3.1017582416534424 360
3.109564781188965 360
3.116713285446167 360
3.1226654052734375 360
3.129337787628174 360
3.135988473892212 360
3.142423629760742 360
3.14915132522583 360
3.1570332050323486 360
3.1630499362945557 360
3.169825792312622 360
3.176994800567627 360
3.182983160018921 360
3.189551830291748 360
3.1968138217926025 360
3.202814817428589 360
3.210484743118286 360
3.2173635959625244 360
3.223360776901245 360
3.2299811840057373 360
3.240635871887207 360
3.2476656436920166 360
3.2536284923553467 360
3.261665105819702 360
3.268794536590576 360
3.274670124053955 360
3.2813706398010254 360
3.2884039878845215 360
3.2943501472473145 360
3.301135540008545 360
3.309074878692627 360
3.3156912326812744 360
3.3218750953674316 360
3.3288843631744385 360
3.334808349609375 360
3.341562271118164 360
3.3486075401306152 360
3.354496479034424 360
3.361938714981079 360
3.3689863681793213 360
3.3752710819244385 360
3.381838083267212 360
3.388854742050171 360
3.394749641418457 360
3.401409864425659 360
3.408473253250122 360
3.4159915447235107 360
3.422011137008667 360
3.429243564605713 360
3.435915946960449 360
3.4423043727874756 360
3.4491567611694336 360
3.455791711807251 360
3.4629695415496826 360
3.4695796966552734 360
3.4767119884490967 360
3.4827072620391846 360
3.489353895187378 360
3.4960381984710693 360
3.5024523735046387 360
3.509167432785034 360
3.517047166824341 360
3.52304744720459 360
3.5296473503112793 360
3.536773443222046 360
3.5427651405334473 360
3.549400568008423 360
3.5560543537139893 360
3.563474655151367 360
3.5703318119049072 360
3.5772440433502197 360
3.583202600479126 360
3.5898125171661377 360
3.5969669818878174 360
3.6029739379882812 360
3.609558582305908 360
3.617628574371338 360
3.62357759475708 360
3.6304378509521484 360
3.6373045444488525 360
3.6479873657226562 360
3.6539735794067383 360
3.660947799682617 360
3.6692333221435547 360
3.6759016513824463 360
3.6820175647735596 360
3.6892333030700684 360
3.6959056854248047 360
3.7024505138397217 360
3.7091503143310547 360
3.7170841693878174 360
3.7230987548828125 360
3.7296946048736572 360
3.736912965774536 360
3.7429540157318115 360
3.7495346069335938 360
3.756622314453125 360
3.7625200748443604 360
3.769866943359375 360
3.7770442962646484 360
3.7830464839935303 360
3.78963303565979 360
3.796894073486328 360
3.8035879135131836 360
3.8104047775268555 360
3.818472146987915 360
3.8243629932403564 360
3.83095121383667 360
3.8377811908721924 360
3.843749523162842 360
3.850531816482544 360
3.8575782775878906 360
3.863604784011841 360
3.871135950088501 360
3.8779399394989014 360
3.883915901184082 360
3.890791893005371 360
3.8976738452911377 360
3.903630018234253 360
3.9104251861572266 360
3.9185659885406494 360
3.9244754314422607 360
3.9310994148254395 360
3.937920093536377 360
3.9439127445220947 360
3.950923442840576 360
3.9578001499176025 360
3.963756799697876 360
3.9715611934661865 360
3.9787697792053223 360
3.9847049713134766 360
3.9914138317108154 360
3.9985175132751465 360
4.004365921020508 360
4.010951995849609 360
4.017803192138672 360
4.025230407714844 360
4.031619310379028 360
4.0387842655181885 360
4.0492377281188965 360
4.055901050567627 360
4.062027931213379 360
4.069975852966309 360
4.077347278594971 360
4.083364486694336 360
4.089967727661133 360
4.097253799438477 360
4.1032874584198 360
4.10988974571228 360
4.116995334625244 360
4.123767852783203 360
4.130553960800171 360
4.137495517730713 360
4.14349889755249 360
4.1503167152404785 360
4.157336950302124 360
4.163357257843018 360
4.169964790344238 360
4.177846908569336 360
4.183818817138672 360
4.190666437149048 360
4.197556972503662 360
4.203575611114502 360
4.21058988571167 360
4.217644691467285 360
4.2245917320251465 360
4.231166362762451 360
4.2380311489105225 360
4.244065046310425 360
4.250899791717529 360
4.257795095443726 360
4.26374626159668 360
4.2706077098846436 360
4.278774976730347 360
4.284679174423218 360
4.291222333908081 360
4.298069477081299 360
4.304068326950073 360
4.3109307289123535 360
4.317803382873535 360
4.324839353561401 360
4.331585645675659 360
4.338897943496704 360
4.345201730728149 360
4.351622581481934 360
4.3586390018463135 360
4.364508152008057 360
4.371110200881958 360
4.379492521286011 360
4.3865647315979 360
4.392449617385864 360
4.39932107925415 360
4.406037330627441 360
4.4120192527771 360
4.419060707092285 360
4.426756143569946 360
4.432779788970947 360
4.439413547515869 360
4.4499053955078125 360
4.457268953323364 360
4.4633095264434814 360
4.470380544662476 360
4.477942228317261 360
4.486325263977051 360
4.492433309555054 360
4.499168157577515 360
4.505864858627319 360
4.511861085891724 360
4.518986940383911 360
4.525309801101685 360
4.532905578613281 360
4.539513111114502 360
4.546566009521484 360
4.552495241165161 360
4.559199571609497 360
4.565880537033081 360
4.571838140487671 360
4.579747676849365 360
4.586950778961182 360
4.593009948730469 360
4.599819898605347 360
4.606942415237427 360
4.612969160079956 360
4.619544506072998 360
4.626646995544434 360
4.63347601890564 360
4.640456199645996 360
4.647361516952515 360
4.653353929519653 360
4.659984588623047 360
4.667171478271484 360
4.673189163208008 360
4.680837631225586 360
4.6877241134643555 360
4.693765163421631 360
4.700754165649414 360
4.707678318023682 360
4.713666200637817 360
4.720478057861328 360
4.727469444274902 360
4.734456539154053 360
4.741038799285889 360
4.7479248046875 360
4.753925323486328 360
4.76094126701355 360
4.7678093910217285 360
4.773790121078491 360
4.780657768249512 360
4.788673639297485 360
4.794594049453735 360
4.802295446395874 360
4.809092044830322 360
4.815719842910767 360
4.821903467178345 360
4.828899383544922 360
4.836839437484741 360
4.847487926483154 360
4.853503942489624 360
4.860596656799316 360
4.867592096328735 360
4.873563289642334 360
4.880589246749878 360
4.888624429702759 360
4.894484043121338 360
4.901164770126343 360
4.907993793487549 360
4.913989067077637 360
4.920835494995117 360
4.927698135375977 360
4.93473744392395 360
4.941746711730957 360
4.948730945587158 360
4.954594373703003 360
4.961151361465454 360
4.967958450317383 360
4.973951578140259 360
4.9808337688446045 360
4.9889304637908936 360
5.010890245437622 360
5.0177788734436035 360
5.023781061172485 360
5.030647039413452 360
5.03859543800354 360
5.044506072998047 360
5.051074028015137 360
5.058072090148926 360
5.064067125320435 360
5.070939540863037 360
5.077777862548828 360
5.083768367767334 360
5.091593027114868 360
5.0986409187316895 360
5.10456919670105 360
5.111146688461304 360
5.118509531021118 360
5.124420642852783 360
5.1310248374938965 360
5.139051675796509 360
5.14573335647583 360
5.151697158813477 360
5.158671140670776 360
5.164536476135254 360
5.171133995056152 360
5.178470849990845 360
5.184371471405029 360
5.191919565200806 360
5.19895339012146 360
5.205239295959473 360
5.211634874343872 360
5.218647241592407 360
5.224514961242676 360
5.231107711791992 360
5.238392114639282 360
5.249783039093018 360
5.257081508636475 360
5.263136386871338 360
5.269885540008545 360
5.277155876159668 360
5.283161163330078 360
5.290767669677734 360
5.297826051712036 360
5.303793430328369 360
5.310658931732178 360
5.317526578903198 360
5.323496103286743 360
5.330394744873047 360
5.337281227111816 360
5.343909740447998 360
5.350789546966553 360
5.357837915420532 360
5.363795518875122 360
5.3706581592559814 360
5.3776936531066895 360
5.383675813674927 360
5.390533208847046 360
5.398515462875366 360
5.404380559921265 360
5.411005735397339 360
5.418057441711426 360
5.424302577972412 360
5.430915355682373 360
5.437778472900391 360
5.444823265075684 360
5.451745986938477 360
5.458728075027466 360
5.464597225189209 360
5.471148729324341 360
5.478450536727905 360
5.484362363815308 360
5.4909491539001465 360
5.4989728927612305 360
5.505309581756592 360
5.511834621429443 360
5.5187883377075195 360
5.52470064163208 360
5.531354665756226 360
5.538626194000244 360
5.546305179595947 360
5.552300214767456 360
5.55908465385437 360
5.565751314163208 360
5.571707010269165 360
5.578681945800781 360
5.584571838378906 360
5.591159343719482 360
5.599348783493042 360
5.606014251708984 360
5.612038612365723 360
5.619070529937744 360
5.625332832336426 360
5.631705284118652 360
5.6388421058654785 360
5.649068117141724 360
5.65750527381897 360
5.6635119915008545 360
5.670546770095825 360
5.67757511138916 360
5.6836042404174805 360
5.690459489822388 360
5.698007345199585 360
5.704044818878174 360
5.71091103553772 360
5.717941522598267 360
5.723933458328247 360
5.730786561965942 360
5.737673759460449 360
5.743628740310669 360
5.751419544219971 360
5.758499383926392 360
5.764379501342773 360
5.7711262702941895 360
5.778459548950195 360
5.784371614456177 360
5.790958881378174 360
5.799542188644409 360
5.806703329086304 360
5.812650203704834 360
5.8193206787109375 360
5.825989246368408 360
5.831977605819702 360
5.8392109870910645 360
5.845880746841431 360
5.853107690811157 360
5.859678268432617 360
5.866821050643921 360
5.872838020324707 360
5.87942361831665 360
5.886293649673462 360
5.8922975063323975 360
5.899338722229004 360
5.907241582870483 360
5.913225173950195 360
5.91980767250061 360
5.926976919174194 360
5.932979345321655 360
5.939584970474243 360
5.94671106338501 360
5.953493356704712 360
5.960524559020996 360
5.967423439025879 360
5.973428249359131 360
5.980041742324829 360
5.987176418304443 360
5.993175268173218 360
5.9997804164886475 360
6.0077433586120605 360
6.01373553276062 360
6.020786285400391 360
6.02780556678772 360
6.033752918243408 360
6.040589332580566 360
6.051005840301514 360
6.059178829193115 360
6.065876007080078 360
6.072010517120361 360
6.0793163776397705 360
6.085988283157349 360
6.091964483261108 360
6.09907341003418 360
6.106963634490967 360
6.1129560470581055 360
6.119558095932007 360
6.126630067825317 360
6.132516622543335 360
6.139415264129639 360
6.146068334579468 360
6.152298927307129 360
6.160045385360718 360
6.167168617248535 360
6.173174142837524 360
6.179795980453491 360
6.186949014663696 360
6.192986488342285 360
6.199738502502441 360
6.207503318786621 360
6.21349024772644 360
6.220349073410034 360
6.227282762527466 360
6.233291387557983 360
6.239914178848267 360
6.247014045715332 360
6.252994775772095 360
6.260692119598389 360
6.2675721645355225 360
6.273557662963867 360
6.2803802490234375 360
6.28745698928833 360
6.29343843460083 360
6.300039291381836 360
6.3078296184539795 360
6.313841819763184 360
6.320875406265259 360
6.32776141166687 360
6.333715438842773 360
6.34081506729126 360
6.347675561904907 360
6.353655815124512 360
6.361483097076416 360
6.368483543395996 360
6.374359846115112 360
6.381176710128784 360
6.3880228996276855 360
6.394057273864746 360
6.400927305221558 360
6.408950328826904 360
6.415260553359985 360
6.421827554702759 360
6.428793430328369 360
6.434671640396118 360
6.4416468143463135 360
6.452011346817017 360
6.459986686706543 360
6.467310667037964 360
6.4733076095581055 360
6.480302095413208 360
6.4871745109558105 360
6.493212461471558 360
6.499966382980347 360
6.507094621658325 360
6.513927221298218 360
6.52078104019165 360
6.527683734893799 360
6.533634424209595 360
6.54043436050415 360
6.547463655471802 360
6.553456783294678 360
6.5613555908203125 360
6.568460702896118 360
6.574338436126709 360
6.580940246582031 360
6.587789297103882 360
6.593763589859009 360
6.600605487823486 360
6.60746693611145 360
6.614514112472534 360
6.62135124206543 360
6.628072023391724 360
6.634061336517334 360
6.640902757644653 360
6.647788047790527 360
6.653756618499756 360
6.666627645492554 360
6.672532558441162 360
6.679442882537842 360
6.686309576034546 360
6.692401170730591 360
6.6991331577301025 360
6.705801248550415 360
6.711759090423584 360
6.719546318054199 360
6.726650714874268 360
6.732574462890625 360
6.739435911178589 360
6.746335029602051 360
6.752424478530884 360
6.759161710739136 360
6.767122030258179 360
6.773114442825317 360
6.779696702957153 360
6.786790609359741 360
6.792802333831787 360
6.800461530685425 360
6.8074729442596436 360
6.813498020172119 360
6.821129560470581 360
6.827997207641602 360
6.833995819091797 360
6.840864181518555 360
6.847790718078613 360
6.858767032623291 360
6.86463475227356 360
6.872571706771851 360
6.8797712326049805 360
6.887170076370239 360
6.893165588378906 360
6.899781703948975 360
6.906966686248779 360
6.912973642349243 360
6.920748233795166 360
6.927625894546509 360
6.93358302116394 360
6.940593004226685 360
6.9474687576293945 360
6.9534502029418945 360
6.960026979446411 360
6.967156171798706 360
6.973919868469238 360
6.980931997299194 360
6.987788677215576 360
6.993757247924805 360
7.0006091594696045 360
7.008886098861694 360
7.014822006225586 360
7.022794723510742 360
7.0294129848480225 360
7.036060810089111 360
7.042513370513916 360
7.049240827560425 360
7.055908441543579 360
7.061914682388306 360
7.069833040237427 360
7.0769572257995605 360
7.082981824874878 360
7.089576482772827 360
7.096819639205933 360
7.102808237075806 360
7.109414100646973 360
7.116296768188477 360
7.123364210128784 360
7.129985809326172 360
7.13712477684021 360
7.143134593963623 360
7.1497721672058105 360
7.157044410705566 360
7.1630377769470215 360
7.169631004333496 360
7.177432298660278 360
7.183456182479858 360
7.190058469772339 360
7.197329521179199 360
7.203343629837036 360
7.209947347640991 360
7.217256784439087 360
7.2240149974823 360
7.230897665023804 360
7.2377800941467285 360
7.243799686431885 360
7.253551959991455 360
7.261350393295288 360
7.268611907958984 360
7.2762956619262695 360
7.282721757888794 360
7.289348840713501 360
7.296058416366577 360
7.302394151687622 360
7.309145450592041 360
7.3157923221588135 360
7.3217713832855225 360
7.32979154586792 360
7.337106227874756 360
7.343116283416748 360
7.34968376159668 360
7.356789827346802 360
7.362778902053833 360
7.36937141418457 360
7.3773157596588135 360
7.383316993713379 360
7.38989520072937 360
7.397157907485962 360
7.403187036514282 360
7.4097981452941895 360
7.416968107223511 360
7.422942876815796 360
7.430638313293457 360
7.4375128746032715 360
7.443509578704834 360
7.450374603271484 360
7.457431793212891 360
7.463417053222656 360
7.470018148422241 360
7.477871417999268 360
7.483857870101929 360
7.490715265274048 360
7.497591018676758 360
7.503573179244995 360
7.5104286670684814 360
7.517459154129028 360
7.523444414138794 360
7.530994892120361 360
7.5378618240356445 360
7.549972772598267 360
7.557138442993164 360
7.563165903091431 360
7.569833040237427 360
7.5778422355651855 360
7.583890199661255 360
7.5909342765808105 360
7.5978240966796875 360
7.603861331939697 360
7.61076283454895 360
7.617636203765869 360
7.6235809326171875 360
7.631349086761475 360
7.6385908126831055 360
7.64446496963501 360
7.651026725769043 360
7.661819934844971 360
7.669061660766602 360
7.675719261169434 360
7.683016061782837 360
7.689613342285156 360
7.696914911270142 360
7.702908992767334 360
7.709500074386597 360
7.716750144958496 360
7.722771406173706 360
7.73046350479126 360
7.737317800521851 360
7.743313312530518 360
7.749938488006592 360
7.757204532623291 360
7.763203144073486 360
7.76979923248291 360
7.776953935623169 360
7.783716917037964 360
7.79053807258606 360
7.798393249511719 360
7.804348945617676 360
7.810926914215088 360
7.817929983139038 360
7.823910474777222 360
7.831619739532471 360
7.838673114776611 360
7.844568252563477 360
7.851486444473267 360
7.858464241027832 360
7.864351511001587 360
7.871020793914795 360
7.878035306930542 360
7.885884761810303 360
7.891878366470337 360
7.898897647857666 360
7.904839038848877 360
7.911739826202393 360
7.918737411499023 360
7.924620628356934 360
7.931220769882202 360
7.939369201660156 360
7.9460225105285645 360
7.952305555343628 360
7.959143161773682 360
7.965773820877075 360
7.971771717071533 360
7.978916883468628 360
7.986810684204102 360
7.992847681045532 360
7.9996178150177 360
8.006752014160156 360
8.012758731842041 360
8.019398927688599 360
8.0262930393219 360
8.032068967819214 360
8.039867639541626 360
8.049302816390991 360
8.059973955154419 360
8.067274808883667 360
8.07329535484314 360
8.08034634590149 360
8.088485717773438 360
8.094375133514404 360
8.1009521484375 360
8.10800290107727 360
8.11398196220398 360
8.120957851409912 360
8.127794981002808 360
8.133774518966675 360
8.141559362411499 360
8.148608684539795 360
8.154495000839233 360
8.161121129989624 360
8.167950630187988 360
8.173915386199951 360
8.180945634841919 360
8.188862085342407 360
8.19477367401123 360
8.201568841934204 360
8.208606719970703 360
8.214491844177246 360
8.221128225326538 360
8.227948665618896 360
8.241830110549927 360
8.254535675048828 360
8.261189699172974 360
8.268060207366943 360
8.277754306793213 360
8.283740043640137 360
8.291572093963623 360
8.305289268493652 360
8.311736822128296 360
8.320643663406372 360
8.327539443969727 360
8.333953857421875 360
8.341747760772705 360
8.348742485046387 360
8.354622840881348 360
8.361495018005371 360
8.368692874908447 360
8.375939846038818 360
8.38191556930542 360
8.388898611068726 360
8.396778345108032 360
8.402793407440186 360
8.409386157989502 360
8.416038274765015 360
8.42249321937561 360
8.42916750907898 360
8.435795307159424 360
8.443089008331299 360
8.449692487716675 360
8.460364818572998 360
8.467411994934082 360
8.473414659500122 360
8.480520486831665 360
8.48755693435669 360
8.494587421417236 360
8.501477718353271 360
8.508489847183228 360
8.514381170272827 360
8.520953178405762 360
8.527837991714478 360
8.533846139907837 360
8.54088830947876 360
8.548768997192383 360
8.554666996002197 360
8.561378479003906 360
8.568435430526733 360
8.574326276779175 360
8.58093523979187 360
8.587795495986938 360
8.595251321792603 360
8.601772785186768 360
8.608740091323853 360
8.614657640457153 360
8.621347904205322 360
8.628556728363037 360
8.634413480758667 360
8.641015529632568 360
8.649065017700195 360
8.655731678009033 360
8.66189956665039 360
8.668936967849731 360
8.675227403640747 360
8.681693315505981 360
8.688640117645264 360
8.696322202682495 360
8.70242691040039 360
8.709172010421753 360
8.71582818031311 360
8.721981048583984 360
8.729028463363647 360
8.73533296585083 360
8.741883039474487 360
8.749650716781616 360
8.756912469863892 360
8.763008117675781 360
8.773928880691528 360
8.78102731704712 360
8.788021802902222 360
8.794301986694336 360
8.80316972732544 360
8.809811353683472 360
8.816946744918823 360
8.823539018630981 360
8.83037805557251 360
8.837422132492065 360
8.84342074394226 360
8.851150751113892 360
8.861754179000854 360
8.868874549865723 360
8.874787092208862 360
8.88173532485962 360
8.888970851898193 360
8.895296812057495 360
8.90310549736023 360
8.90972638130188 360
8.91684079170227 360
8.922837972640991 360
8.929468393325806 360
8.936354160308838 360
8.942453861236572 360
8.949907779693604 360
8.957188606262207 360
8.963208436965942 360
8.969829320907593 360
8.976960182189941 360
8.982953786849976 360
8.989546298980713 360
8.99667763710022 360
9.003539085388184 360
9.010411739349365 360
9.01747465133667 360
9.02344536781311 360
9.030041217803955 360
9.037167072296143 360
9.043160915374756 360
9.05076551437378 360
9.057720422744751 360
9.063730239868164 360
9.070541381835938 360
9.077576398849487 360
9.083574056625366 360
9.09040355682373 360
9.097317457199097 360
9.10435938835144 360
9.11094069480896 360
9.117787599563599 360
9.12380599975586 360
9.130651712417603 360
9.13769268989563 360
9.143670320510864 360
9.150672435760498 360
9.15865969657898 360
9.16454553604126 360
9.171125173568726 360
9.177982091903687 360
9.184020042419434 360
9.19092845916748 360
9.197936534881592 360
9.205250978469849 360
9.21162223815918 360
9.218654155731201 360
9.224519968032837 360
9.231061697006226 360
9.237889766693115 360
9.243879079818726 360
9.25074577331543 360
9.262559175491333 360
9.26943826675415 360
9.2763032913208 360
9.282763004302979 360
9.289486646652222 360
9.296555042266846 360
9.302489042282104 360
9.310030698776245 360
9.317335367202759 360
9.323339462280273 360
9.329923868179321 360
9.337079048156738 360
9.3430814743042 360
9.349675178527832 360
9.357511043548584 360
9.36352801322937 360
9.370376110076904 360
9.377395868301392 360
9.383399486541748 360
9.390005111694336 360
9.39776873588562 360
9.403746366500854 360
9.411560773849487 360
9.41861367225647 360
9.424499750137329 360
9.43111777305603 360
9.438435077667236 360
9.444336652755737 360
9.4509437084198 360
9.458927869796753 360
9.46520185470581 360
9.471599102020264 360
9.478674411773682 360
9.484567642211914 360
9.491130352020264 360
9.4983811378479 360
9.504323720932007 360
9.511908531188965 360
9.518932819366455 360
9.524839639663696 360
9.531597137451172 360
9.538818120956421 360
9.54706859588623 360
9.553117036819458 360
9.560765266418457 360
9.567670345306396 360
9.573682069778442 360
9.580518007278442 360
9.58739709854126 360
9.593398809432983 360
9.600294828414917 360
9.60717487335205 360
9.614003658294678 360
9.620988130569458 360
9.627815008163452 360
9.633800029754639 360
9.640655517578125 360
9.647528886795044 360
9.6535165309906 360
9.665789127349854 360
9.672447681427002 360
9.679426431655884 360
9.68633222579956 360
9.692567110061646 360
9.699408054351807 360
9.706315279006958 360
9.713324785232544 360
9.719966411590576 360
9.727116584777832 360
9.73311972618103 360
9.73984408378601 360
9.746995210647583 360
9.752991199493408 360
9.759592056274414 360
9.767545223236084 360
9.773555517196655 360
9.780455827713013 360
9.787329196929932 360
9.793354749679565 360
9.806304216384888 360
9.817138671875 360
9.827132940292358 360
9.836621046066284 360
9.844555377960205 360
9.85115933418274 360
9.858497142791748 360
9.866315364837646 360
9.874522686004639 360
9.881366729736328 360
9.890600681304932 360
9.897707223892212 360
9.903695106506348 360
9.9129798412323 360
9.920877933502197 360
9.927913427352905 360
9.933915376663208 360
9.943665981292725 360
9.950520515441895 360
9.957432508468628 360
9.969009637832642 360
9.97528862953186 360
9.981822490692139 360
9.990816593170166 360
9.999164819717407 360
