00
0.011992692947387695 0
0.018697261810302734 0
0.025960445404052734 1
0.034636735916137695 2
0.04063057899475098 2
0.047489166259765625 3
0.05531024932861328 4
0.06408071517944336 6
0.07005763053894043 8
0.07676291465759277 10
0.08466935157775879 12
0.09379148483276367 14
0.0998392105102539 16
0.10646343231201172 20
0.11419129371643066 23
0.12312626838684082 26
0.12922239303588867 29
0.136368989944458 33
0.14439129829406738 37
0.1556239128112793 42
0.16520953178405762 48
0.1710801124572754 51
0.17785406112670898 57
0.1867382526397705 61
0.19410395622253418 66
0.20016121864318848 70
0.20769572257995605 75
0.21676421165466309 82
0.22394394874572754 86
0.22994685173034668 90
0.2374274730682373 97
0.24624276161193848 104
0.2530961036682129 110
0.2593047618865967 114
0.2666049003601074 121
0.2758042812347412 128
0.28246426582336426 134
0.28842759132385254 140
0.29605579376220703 147
0.30477476119995117 154
0.3108053207397461 159
0.31778454780578613 165
0.32632875442504883 174
0.33422183990478516 181
0.34021663665771484 186
0.34716057777404785 192
0.35403919219970703 200
0.3599975109100342 205
0.3665478229522705 211
0.37381792068481445 216
0.37979769706726074 224
0.3874366283416748 229
0.39427661895751953 237
0.40024352073669434 242
0.4068148136138916 248
0.41390323638916016 254
0.41989755630493164 260
0.42649126052856445 267
0.43456363677978516 275
0.4404935836791992 281
0.44727611541748047 286
0.4541018009185791 294
0.46005892753601074 300
0.4777398109436035 315
0.4860880374908447 325
0.4927835464477539 331
0.5012712478637695 340
0.507788896560669 344
0.515568733215332 352
0.5295822620391846 366
0.53714919090271 373
0.5439834594726562 383
0.554053544998169 391
0.5646655559539795 400
0.5706360340118408 406
0.5776519775390625 412
0.5858078002929688 420
0.592076301574707 428
0.5990731716156006 434
0.6060130596160889 442
0.6126358509063721 447
0.6187114715576172 453
0.6257860660552979 459
0.6325075626373291 467
0.6397783756256104 472
0.6464099884033203 480
0.6535036563873291 486
0.6594903469085693 492
0.6661849021911621 500
0.6730706691741943 506
0.6793363094329834 511
0.6870849132537842 518
0.6940302848815918 526
0.7000184059143066 532
0.7068243026733398 537
0.713937520980835 542
0.7199480533599854 548
0.7265965938568115 555
0.733870267868042 560
0.7407176494598389 567
0.747565507888794 572
0.7544360160827637 578
0.7604272365570068 583
0.7672708034515381 588
0.7741677761077881 594
0.7801706790924072 599
0.788156270980835 605
0.7954099178314209 609
0.8012692928314209 615
0.8078761100769043 619
0.8146865367889404 623
0.8206841945648193 627
0.8275563716888428 631
0.8344132900238037 636
0.8414864540100098 641
0.8481616973876953 644
0.855393648147583 648
0.8612668514251709 652
0.8679943084716797 655
0.8752243518829346 658
0.881101131439209 661
0.8877274990081787 664
0.8957164287567139 667
0.9019761085510254 670
0.9085018634796143 672
0.9156537055969238 675
0.9220037460327148 678
0.9283816814422607 679
0.9354698657989502 681
0.9433314800262451 683
0.9492409229278564 684
0.9559609889984131 686
0.9668078422546387 688
0.9744970798492432 689
0.9804985523223877 690
0.9874978065490723 690
0.9957101345062256 691
1.001979112625122 692
1.0083513259887695 692
1.0196256637573242 692
1.0264208316802979 692
1.0337252616882324 692
1.0397703647613525 691
1.0475692749023438 690
1.0544264316558838 690
1.0605206489562988 689
1.0677452087402344 688
1.0745949745178223 687
1.08064603805542 686
1.0875272750854492 685
1.095695972442627 683
1.101963996887207 681
1.1084949970245361 680
1.1154825687408447 678
1.1213421821594238 676
1.1281864643096924 674
1.1352434158325195 672
1.141103744506836 669
1.1486876010894775 667
1.1559221744537354 664
1.1626100540161133 661
1.1685965061187744 659
1.1756796836853027 656
1.1819875240325928 651
1.1936802864074707 648
1.2004711627960205 644
1.2072956562042236 641
1.2143404483795166 636
1.2203378677368164 633
1.227161169052124 630
1.2341070175170898 625
1.2401127815246582 622
1.2478699684143066 617
1.2552735805511475 613
1.2611970901489258 608
1.2678008079528809 604
1.2747883796691895 600
1.2808270454406738 596
1.287717580795288 592
1.294569730758667 586
1.3020248413085938 580
1.308500051498413 576
1.3154771327972412 571
1.3213813304901123 565
1.3290748596191406 561
1.3360893726348877 554
1.3427486419677734 550
1.3498647212982178 545
1.3564205169677734 538
1.3666186332702637 530
1.3738481998443604 525
1.379866600036621 520
1.3866665363311768 513
1.3939528465270996 508
1.400721788406372 501
1.4075396060943604 495
1.4143970012664795 488
1.4203474521636963 483
1.4271316528320312 478
1.4339706897735596 472
1.4399793148040771 465
1.4465579986572266 460
1.4546382427215576 452
1.4606094360351562 447
1.4675264358520508 441
1.474416971206665 434
1.4803485870361328 428
1.48714280128479 423
1.493990421295166 415
1.500716209411621 410
1.5075819492340088 404
1.5145537853240967 397
1.5205302238464355 391
1.527364730834961 386
1.534243106842041 378
1.5401690006256104 372
1.5467517375946045 367
1.554624080657959 359
1.5605900287628174 354
1.5673928260803223 348
1.5744316577911377 340
1.5804228782653809 335
1.5872631072998047 329
1.5941517353057861 322
1.6001508235931396 316
1.6078734397888184 308
1.6146647930145264 303
1.6207263469696045 297
1.6276044845581055 292
1.6346797943115234 284
1.6407051086425781 279
1.6477179527282715 273
1.6556851863861084 266
1.6620275974273682 259
1.6684985160827637 254
1.6754992008209229 248
1.6814007759094238 241
1.6879935264587402 236
1.6953661441802979 230
1.7012403011322021 224
1.7086820602416992 219
1.7157704830169678 214
1.7220830917358398 207
1.7284512519836426 202
1.7354490756988525 198
1.7413580417633057 191
1.7479279041290283 186
1.7561383247375488 180
1.7665455341339111 173
1.7739739418029785 167
1.7799899578094482 163
1.786740779876709 158
1.7940397262573242 153
1.8000824451446533 149
1.8077976703643799 144
1.8147778511047363 140
1.8208045959472656 136
1.82767653465271 132
1.8345391750335693 128
1.8404903411865234 124
1.847334623336792 121
1.8542137145996094 116
1.8612492084503174 112
1.8678593635559082 110
1.874830961227417 107
1.8808331489562988 104
1.8876993656158447 101
1.894550085067749 98
1.9005310535430908 95
1.9085521697998047 92
1.9156370162963867 90
1.9215772151947021 87
1.9283244609832764 86
1.9356234073638916 84
1.9414916038513184 81
1.9481618404388428 80
1.95524263381958 78
1.962756633758545 76
1.9687473773956299 75
1.9758124351501465 74
1.982511281967163 73
1.9884943962097168 72
1.9967854022979736 71
2.0039021968841553 70
2.0107343196868896 70
2.017596483230591 70
2.0244367122650146 69
2.0304672718048096 69
2.0374860763549805 69
2.044481039047241 69
2.0504236221313477 69
2.057401657104492 70
2.065389633178711 70
2.071258544921875 71
2.077850580215454 72
2.0846691131591797 72
2.0906553268432617 73
2.097529172897339 74
2.1044068336486816 75
2.111389636993408 76
2.118252992630005 78
2.1252450942993164 79
2.131133794784546 80
2.137708902359009 82
2.1445577144622803 84
2.150519847869873 86
2.157348155975342 87
2.169191837310791 91
2.1761765480041504 94
2.183128833770752 96
2.1893422603607178 98
2.1961939334869385 101
2.2030537128448486 104
2.20906400680542 106
2.216477870941162 110
2.2236082553863525 112
2.2296152114868164 115
2.236344814300537 119
2.2435591220855713 122
2.249589681625366 125
2.256196975708008 129
2.2639694213867188 133
2.269986629486084 136
2.276562452316284 140
2.283714532852173 143
2.2897138595581055 147
2.2965896129608154 152
2.3037109375 155
2.309727668762207 159
2.3172459602355957 164
2.324098587036133 169
2.330751895904541 173
2.3376030921936035 177
2.3444936275482178 182
2.350451946258545 186
2.357473373413086 191
2.365532398223877 196
2.3714334964752197 202
2.3781092166900635 206
2.385183572769165 211
2.390824794769287 215
2.397665500640869 220
2.4045181274414062 226
2.410471200942993 230
2.418428421020508 236
2.4256231784820557 241
2.431488037109375 248
2.4381370544433594 252
2.44524884223938 257
2.451087474822998 262
2.457650661468506 267
2.464510679244995 273
2.4715046882629395 280
2.4784631729125977 285
2.485495090484619 290
2.491382598876953 296
2.4979236125946045 302
2.5047526359558105 306
2.5107266902923584 312
2.5185673236846924 318
2.5256459712982178 323
2.531572103500366 330
2.6471359729766846 427
2.655285358428955 434
2.6612043380737305 440
2.6678595542907715 445
2.6758437156677246 450
2.682569980621338 456
2.689568281173706 461
2.6963415145874023 468
2.703481912612915 472
2.709520101547241 476
2.7162716388702393 482
2.7242472171783447 488
2.7302324771881104 492
2.7370798587799072 496
2.743952989578247 500
2.7499663829803467 504
2.7566123008728027 510
2.763789176940918 513
2.7698004245758057 518
2.7776401042938232 522
2.784553289413452 527
2.790583372116089 530
2.7974092960357666 534
2.8042733669281006 538
2.810262680053711 541
2.8171210289001465 544
2.826141834259033 549
2.833129644393921 552
2.839420795440674 555
2.8461177349090576 558
2.852795362472534 561
2.85880184173584 563
2.8659110069274902 566
2.8725953102111816 569
2.879875421524048 571
2.886443853378296 574
2.8937361240386963 576
2.8997838497161865 578
2.906435251235962 580
2.9135491847991943 582
2.919555425643921 584
2.927212715148926 586
2.934089422225952 588
2.940086841583252 589
2.9466726779937744 590
2.953951835632324 591
2.959959030151367 592
2.970447301864624 594
2.9784021377563477 594
2.9855871200561523 595
2.991502285003662 596
2.998433828353882 596
3.0054216384887695 596
3.0113162994384766 597
3.018172025680542 597
3.025975465774536 597
3.032757043838501 597
3.038745641708374 597
3.045828342437744 597
3.0525341033935547 596
3.058546304702759 596
3.065513849258423 596
3.0714192390441895 595
3.0796523094177246 594
3.0864906311035156 594
3.09360671043396 593
3.099609375 592
3.1062166690826416 591
3.1133131980895996 590
3.1192471981048584 589
3.125976085662842 588
3.134104013442993 586
3.1400837898254395 584
3.146782636642456 583
3.153942584991455 582
3.1599366664886475 580
3.166538715362549 578
3.173736333847046 576
3.1805763244628906 574
3.187505006790161 572
3.1946749687194824 570
3.200690269470215 568
3.2076070308685303 566
3.214679479598999 563
3.2207024097442627 561
3.2275869846343994 558
3.235532760620117 556
3.241396427154541 552
3.2479331493377686 550
3.25537109375 548
3.261253595352173 544
3.2678864002227783 542
3.274709939956665 539
3.282540798187256 535
3.288552761077881 532
3.29559588432312 530
3.301513195037842 526
3.3082687854766846 522
3.3154823780059814 520
3.321402072906494 516
3.3292274475097656 511
3.3367760181427 508
3.344118118286133 504
3.3501346111297607 500
3.3567748069763184 497
3.363961935043335 491
3.3746225833892822 486
3.3825175762176514 482
3.3886613845825195 478
3.3958849906921387 475
3.4025299549102783 470
3.4085443019866943 466
3.4156367778778076 462
3.4215281009674072 458
3.4282948970794678 454
3.436245918273926 448
3.443323850631714 445
3.4492013454437256 441
3.4559578895568848 437
3.462639570236206 432
3.4686124324798584 428
3.4758529663085938 424
3.4825072288513184 418
3.489769220352173 414
3.496480941772461 409
3.5036158561706543 405
3.5096640586853027 401
3.5162978172302246 396
3.523454189300537 392
3.529348611831665 388
3.537142515182495 382
3.5440399646759033 377
3.5500452518463135 373
3.5567939281463623 369
3.563961982727051 365
3.569979429244995 359
3.576570749282837 355
3.5837292671203613 350
3.5905208587646484 346
3.5973734855651855 342
3.604445457458496 336
3.610433340072632 332
3.617455005645752 328
3.624368906021118 323
3.630354642868042 319
3.6378889083862305 314
3.6447603702545166 310
3.650822639465332 306
3.657710552215576 302
3.6645846366882324 297
3.67059326171875 294
3.677676200866699 290
3.6845476627349854 285
3.6920764446258545 280
3.698441743850708 276
3.7054457664489746 272
3.711308240890503 268
3.7179276943206787 264
3.724818229675293 261
3.7310678958892822 257
3.738832950592041 253
3.745985746383667 248
3.7526822090148926 245
3.758681535720825 242
3.765765905380249 236
3.776308059692383 232
3.783522367477417 229
3.790330410003662 225
3.7975335121154785 222
3.8044188022613525 218
3.810502052307129 216
3.817319393157959 213
3.8242063522338867 210
3.8302111625671387 207
3.8371517658233643 204
3.8448264598846436 201
3.851076126098633 199
3.857842445373535 196
3.865180730819702 193
3.8711061477661133 191
3.8777074813842773 189
3.8845953941345215 186
3.8920252323150635 184
3.898514986038208 182
3.905515193939209 180
3.9114115238189697 178
3.9182755947113037 176
3.9253532886505127 175
3.9312620162963867 173
3.9378559589385986 172
3.9458751678466797 170
3.952564001083374 168
3.95857572555542 167
3.9656174182891846 166
3.9715285301208496 165
3.97849178314209 164
3.9855237007141113 163
3.99354887008667 162
3.9995265007019043 162
4.0061187744140625 161
4.012829303741455 161
4.0188117027282715 160
4.025898456573486 160
4.032541275024414 160
4.038657188415527 159
4.046337842941284 159
4.053442716598511 159
4.059296131134033 159
4.066012382507324 159
4.072665214538574 159
4.078689813613892 160
4.085746765136719 160
4.093663215637207 160
4.0996787548065186 160
4.106297969818115 161
4.113356351852417 162
4.119260787963867 162
4.126123428344727 163
4.132798433303833 164
4.138825416564941 164
4.146523714065552 166
4.153815746307373 167
4.159846782684326 168
4.166465997695923 169
4.177277088165283 171
4.184305429458618 172
4.190301179885864 174
4.198281288146973 176
4.205333471298218 177
4.211219310760498 179
4.2179601192474365 180
4.225234508514404 182
4.231126546859741 184
4.237701177597046 185
4.245643138885498 188
4.25200343132019 190
4.2585837841033936 192
4.2656238079071045 194
4.271521329879761 197
4.278420686721802 199
4.285438299179077 201
4.291325807571411 204
4.299163579940796 206
4.3059210777282715 208
4.312635898590088 212
4.318582773208618 214
4.326317071914673 218
4.333665609359741 220
4.339667558670044 222
4.347343683242798 226
4.35426926612854 230
4.360252380371094 232
4.367099046707153 235
4.374029874801636 239
4.380030870437622 242
4.386743783950806 245
4.3940348625183105 249
4.4008190631866455 252
4.407721757888794 254
4.414576053619385 259
4.4205615520477295 262
4.4273903369903564 265
4.434277534484863 269
4.440240144729614 272
4.446823835372925 276
4.454793214797974 280
4.460824489593506 283
4.467677593231201 286
4.474523305892944 291
4.480492353439331 294
4.48734188079834 298
4.494220733642578 302
4.501103401184082 305
4.507709741592407 309
4.514696359634399 313
4.520700693130493 317
4.5275866985321045 320
4.5344719886779785 325
4.540453910827637 328
4.547350883483887 332
4.55537748336792 336
4.561196804046631 341
4.567742824554443 343
4.578510999679565 350
4.585637092590332 354
4.591566801071167 358
4.598417282104492 362
4.606234788894653 366
4.6133434772491455 370
4.619228363037109 373
4.626145839691162 378
4.632791519165039 381
4.639268636703491 385
4.647662162780762 389
4.655641317367554 394
4.661587953567505 398
4.668307781219482 402
4.675402641296387 405
4.681301593780518 409
4.687891721725464 412
4.695200204849243 416
4.701093912124634 420
4.7085981369018555 423
4.715580940246582 426
4.721482038497925 430
4.728172540664673 434
4.735314846038818 436
4.7412192821502686 440
4.747796058654785 444
4.755839109420776 446
4.762561082839966 450
4.768540859222412 453
4.775742769241333 456
4.782056570053101 460
4.7885143756866455 462
4.795534372329712 465
4.801441669464111 468
4.809411525726318 471
4.81623911857605 474
4.8233513832092285 477
4.8292436599731445 479
4.835968732833862 482
4.842670202255249 485
4.848684072494507 487
4.856592416763306 490
4.8637375831604 492
4.869781255722046 494
4.876556158065796 497
4.883731126785278 499
4.889753580093384 500
4.896440267562866 503
4.903709650039673 505
4.910530090332031 507
4.917389631271362 508
4.924302101135254 511
4.930307149887085 512
4.9373273849487305 514
4.944239139556885 515
4.950226068496704 516
4.957919359207153 518
4.964786767959595 519
4.975543975830078 521
4.981444597244263 522
4.988327503204346 523
4.9956769943237305 524
5.001971244812012 525
5.009703636169434 526
5.01626181602478 526
5.023319721221924 527
5.029173851013184 527
5.036087512969971 528
5.04278564453125 528
5.048778772354126 528
5.055971622467041 528
5.063984155654907 528
5.070064067840576 529
5.07667875289917 529
5.08378267288208 529
5.089801549911499 528
5.096460580825806 528
5.103559255599976 528
5.110365152359009 528
5.11733341217041 528
5.124229907989502 527
5.130212306976318 526
5.136816740036011 526
5.143949747085571 526
5.1499855518341064 525
5.157270431518555 524
5.17108941078186 523
5.177884101867676 522
5.185678005218506 521
5.192004919052124 520
5.198501110076904 519
5.205509185791016 518
5.213452577590942 517
5.219422101974487 516
5.226096153259277 514
5.232802152633667 513
5.239285469055176 512
5.246007680892944 510
5.252688646316528 509
5.258677959442139 508
5.266458511352539 506
5.273585081100464 504
5.279605150222778 503
5.286279916763306 501
5.293513298034668 499
5.299579620361328 498
5.306168079376221 495
5.314010381698608 493
5.320038795471191 491
5.327648639678955 489
5.334559917449951 486
5.340559720993042 485
5.3475000858306885 483
5.354616403579712 480
5.36064887046814 478
5.368512392044067 475
5.379198312759399 471
5.386107683181763 468
5.392811059951782 466
5.399266004562378 464
5.406117677688599 461
5.412789583206177 458
5.420223236083984 455
5.4272541999816895 453
5.434115886688232 449
5.440136432647705 447
5.446786165237427 444
5.45393180847168 442
5.459954261779785 439
5.467544078826904 436
5.474553823471069 432
5.480576038360596 430
5.487409591674805 427
5.494361877441406 423
5.500325918197632 420
5.507169485092163 418
5.514103651046753 414
5.521144390106201 412
5.527723789215088 408
5.5347185134887695 405
5.540769577026367 402
5.54763388633728 399
5.554675579071045 396
5.560710430145264 393
5.568551063537598 389
5.575622081756592 386
5.581578016281128 382
5.588304042816162 379
5.595498085021973 376
5.601409912109375 373
5.607988119125366 370
5.615184307098389 367
5.622660160064697 363
5.6286821365356445 360
5.6357409954071045 357
5.642029762268066 354
5.648501873016357 351
5.655633211135864 348
5.6615705490112305 344
5.669639348983765 341
5.676231384277344 338
5.683129072189331 335
5.689494609832764 332
5.6961143016815186 328
5.702790021896362 326
5.708789348602295 323
5.71597695350647 320
5.723935127258301 317
5.729939222335815 314
5.736541986465454 310
5.743932485580444 308
5.749993324279785 304
5.75657320022583 302
5.763723134994507 300
5.7704856395721436 296
5.781257629394531 291
5.78798770904541 289
5.795377969741821 286
5.801262140274048 283
5.8081347942352295 281
5.81537127494812 279
5.8228278160095215 276
5.8302061557769775 273
5.8372437953948975 271
5.8441197872161865 268
5.850136995315552 266
5.8567421436309814 264
5.863898754119873 262
5.869950532913208 259
5.877466440200806 257
5.884331464767456 255
5.890333652496338 253
5.897345781326294 252
5.904284238815308 249
5.910281419754028 248
5.91709566116333 246
5.924644947052002 244
5.930662393569946 242
5.93752646446228 241
5.944658041000366 239
5.950659513473511 238
5.95768666267395 236
5.964565277099609 235
5.970530986785889 234
5.978241920471191 232
5.985279083251953 231
5.991207599639893 230
5.997847557067871 229
6.004677057266235 228
6.010693311691284 227
6.017681837081909 226
6.025743722915649 225
6.032048225402832 224
6.038500547409058 224
6.045473337173462 223
6.051385879516602 222
6.057918548583984 222
6.064754009246826 222
6.070713043212891 222
6.078695297241211 221
6.085778474807739 221
6.092029333114624 221
6.098370552062988 220
6.10541296005249 220
6.111296653747559 220
6.1178693771362305 220
6.124657154083252 220
6.132081985473633 220
6.138603210449219 221
6.145631790161133 221
6.15152907371521 221
6.158173084259033 221
6.1652443408966064 221
6.171142101287842 222
6.183486461639404 222
6.194414138793945 223
6.200425148010254 223
6.20760440826416 224
6.214488506317139 224
6.2204673290252686 225
6.22841215133667 226
6.235448598861694 226
6.241339206695557 227
6.247909784317017 228
6.255213022232056 229
6.261089324951172 230
6.2676732540130615 230
6.274529218673706 232
6.281532287597656 233
6.288302183151245 234
6.2953715324401855 235
6.301226854324341 237
6.307793378829956 238
6.31478214263916 239
6.32080602645874 240
6.329683542251587 242
6.3364646434783936 244
6.3435773849487305 245
6.349593639373779 246
6.356212615966797 248
6.363128423690796 250
6.369190692901611 252
6.376099348068237 254
6.383980751037598 255
6.389965295791626 257
6.396557331085205 259
6.403679370880127 261
6.409721851348877 263
6.416254997253418 265
6.423298120498657 267
6.429163217544556 270
6.437092065811157 271
6.4439537525177 273
6.449968099594116 275
6.456564903259277 278
6.4638683795928955 280
6.46988582611084 282
6.4764416217803955 285
6.484328985214233 288
6.490288972854614 290
6.497262001037598 292
6.5041139125823975 295
6.51011061668396 297
6.516663551330566 299
6.523735761642456 301
6.529761791229248 304
6.537319183349609 306
6.544207334518433 310
6.550221681594849 312
6.557204961776733 314
6.564087629318237 318
6.570069074630737 320
6.580507755279541 324
6.588366985321045 327
6.595630645751953 329
6.601496934890747 332
6.608462572097778 335
6.615602254867554 337
6.621499538421631 340
6.628159999847412 342
6.636080026626587 346
6.6427693367004395 348
6.648806810379028 350
6.655841112136841 353
6.662492513656616 356
6.668474912643433 358
6.675634145736694 361
6.681488990783691 364
6.689506769180298 366
6.69611668586731 370
6.7027976512908936 372
6.708822965621948 374
6.715919017791748 377
6.722612619400024 380
6.728738307952881 382
6.736787557601929 386
6.743929624557495 388
6.74993634223938 390
6.7565248012542725 393
6.7636823654174805 395
6.769766569137573 397
6.77634859085083 400
6.78343939781189 402
6.790253400802612 405
6.797251224517822 408
6.8041369915008545 410
6.81013560295105 412
6.81675910949707 414
6.823895454406738 416
6.829914808273315 418
6.836542129516602 421
6.844411134719849 424
6.8505120277404785 426
6.857593536376953 428
6.864484071731567 430
6.8704752922058105 432
6.877292633056641 434
6.884158372879028 436
6.8912670612335205 438
6.897875785827637 440
6.904675483703613 442
6.910655498504639 443
6.91771388053894 444
6.92458176612854 446
6.930588245391846 448
6.937446594238281 450
6.9454240798950195 452
6.951348543167114 453
6.957932233810425 455
6.964766263961792 456
6.970761299133301 457
6.980457782745361 460
6.988505601882935 460
6.996435165405273 462
7.003733158111572 463
7.009782791137695 464
7.0164337158203125 465
7.023536920547485 466
7.029522180557251 467
7.0362865924835205 468
7.044229745864868 469
7.05018949508667 470
7.056741237640381 470
7.063878774642944 471
7.06990647315979 472
7.076509952545166 472
7.08356499671936 473
7.089547872543335 473
7.097346544265747 474
7.104207515716553 474
7.110210418701172 474
7.117143392562866 474
7.12397027015686 475
7.130015850067139 475
7.136595010757446 475
7.144542455673218 475
7.150539398193359 475
7.157594680786133 475
7.164467811584473 475
7.172748804092407 475
7.178740978240967 475
7.185862302780151 475
7.192516326904297 475
7.199803113937378 475
7.206399440765381 474
7.213654518127441 474
7.219678163528442 474
7.226269721984863 474
7.233360052108765 474
7.239286422729492 473
7.2472288608551025 473
7.254127502441406 472
7.260117292404175 472
7.266759872436523 471
7.274047136306763 471
7.280064582824707 470
7.286702394485474 470
7.293831825256348 469
7.300616502761841 468
7.307512998580933 468
7.314427852630615 466
7.3205246925354 466
7.328268051147461 465
7.3354878425598145 464
7.341353893280029 463
7.349159479141235 462
7.355947017669678 461
7.362658739089966 460
7.368655443191528 458
7.375875234603882 458
7.386328458786011 455
7.3938257694244385 454
7.400686740875244 453
7.407688856124878 452
7.414527654647827 450
7.420486688613892 448
7.427324295043945 447
7.4342076778411865 446
7.440180540084839 444
7.447976589202881 442
7.4554078578948975 441
7.461277008056641 439
7.4678661823272705 438
7.474670171737671 436
7.480692148208618 434
7.487607717514038 433
7.494471073150635 431
7.501493453979492 429
7.50846529006958 427
7.515592813491821 426
7.521496534347534 423
7.528247594833374 422
7.535265922546387 420
7.541158676147461 418
7.547733783721924 416
7.5557451248168945 414
7.562052249908447 412
7.568466663360596 410
7.575615167617798 408
7.5852296352386475 405
7.591091156005859 403
7.597919464111328 401
7.60610032081604 398
7.612776279449463 396
7.619256973266602 394
7.625975608825684 392
7.632660388946533 390
7.639148950576782 388
7.645907163619995 386
7.654141664505005 383
7.660633325576782 381
7.667543888092041 379
7.67440938949585 376
7.680397272109985 375
7.687183856964111 373
7.694257736206055 370
7.700260877609253 368
7.707919359207153 366
7.714757680892944 364
7.783884286880493 342
7.789957523345947 340
7.79669976234436 338
7.8045814037323 335
7.8106184005737305 333
7.817692756652832 331
7.826744556427002 328
7.833899259567261 326
7.8399693965911865 324
7.846590757369995 322
7.854402780532837 320
7.860482931137085 319
7.867300987243652 317
7.8743391036987305 315
7.880296468734741 313
7.887136459350586 312
7.893996238708496 310
7.900051832199097 308
7.9078662395477295 306
7.914675951004028 304
7.920703887939453 303
7.927589654922485 302
7.934638500213623 300
7.9406349658966064 298
7.947511911392212 297
7.954386949539185 296
7.961532354354858 294
7.968284368515015 292
7.975318670272827 291
7.981204986572266 290
7.987815856933594 289
7.9948296546936035 288
8.00108289718628 286
8.008682250976562 285
8.015752792358398 284
8.022077322006226 283
8.028457880020142 282
8.03560757637024 281
8.041540145874023 280
8.048263549804688 279
8.055507183074951 278
8.063495635986328 277
8.069529056549072 276
8.076153039932251 275
8.083062171936035 275
8.08914566040039 274
8.095880270004272 274
8.102604866027832 273
8.109867095947266 272
8.116584539413452 272
8.123703718185425 271
8.129697561264038 271
8.136255264282227 270
8.143412828445435 270
8.149323463439941 270
8.156022787094116 269
8.164114952087402 269
8.170151710510254 269
8.177105188369751 268
8.187572240829468 268
8.194733142852783 268
8.200770378112793 268
8.20770788192749 268
8.215753316879272 268
8.222028493881226 268
8.228488445281982 268
8.235618114471436 268
8.241469383239746 268
8.248116493225098 268
8.255161762237549 268
8.262624740600586 268
8.268576622009277 268
8.275507688522339 268
8.281412363052368 268
8.287978172302246 268
8.295368194580078 268
8.30122971534729 268
8.307776689529419 268
8.315823316574097 269
8.322521448135376 269
8.329625606536865 270
8.336219549179077 270
8.343061447143555 270
8.34919023513794 270
8.356067657470703 271
8.364017724990845 272
8.36999225616455 272
8.3765709400177 273
8.38371729850769 273
8.389729738235474 274
8.396314144134521 275
8.403350830078125 275
8.409270524978638 276
8.417079210281372 277
8.42411208152771 278
8.430089473724365 279
8.436678171157837 280
8.443848133087158 280
8.449845790863037 281
8.45639705657959 282
8.464232683181763 284
8.470266342163086 285
8.477222919464111 286
8.484095573425293 287
8.490087747573853 288
8.49665379524231 289
8.503756761550903 290
8.509809494018555 291
8.517493963241577 293
8.524476289749146 294
8.530479192733765 296
8.537477731704712 297
8.544375896453857 298
8.550337553024292 300
8.557324886322021 301
8.564213514328003 302
8.571171045303345 304
8.577730178833008 305
8.588350296020508 308
8.595649003982544 310
8.601505994796753 311
8.608347415924072 313
8.6161527633667 315
8.623127937316895 316
8.629144668579102 318
8.635882139205933 319
8.64249873161316 321
8.64850926399231 322
8.655619859695435 324
8.661525249481201 326
8.66952633857727 328
8.676140308380127 330
8.682799339294434 331
8.68922734260559 333
8.695920705795288 334
8.702529668807983 336
8.708478212356567 338
8.715615034103394 340
8.72351861000061 342
8.729428052902222 343
8.736067056655884 345
8.742773294448853 347
8.748780012130737 348
8.75582504272461 350
8.762493133544922 352
8.76964521408081 354
8.77640151977539 356
8.78347635269165 358
8.78934121131897 359
8.796068906784058 362
8.802767992019653 363
8.80879807472229 364
8.815990447998047 367
8.823940992355347 368
8.831196546554565 371
8.837937355041504 372
8.844765186309814 374
8.850786209106445 375
8.857638120651245 377
8.86452603340149 379
8.871553182601929 381
8.878312826156616 382
8.885347127914429 384
8.891223192214966 386
8.897987127304077 387
8.905162334442139 389
8.910831928253174 390
8.917680740356445 392
8.925708770751953 394
8.931965589523315 395
8.938359022140503 396
8.945552825927734 398
8.951488971710205 400
8.958365201950073 401
8.965445518493652 402
8.973307132720947 404
8.97922945022583 405
8.989726066589355 407
8.996461868286133 409
9.003714561462402 410
9.009732723236084 411
9.016538381576538 413
9.024324417114258 414
9.030279636383057 415
9.03710150718689 416
9.043973207473755 417
9.049979448318481 418
9.056539535522461 419
9.063690662384033 420
9.069703817367554 421
9.077416181564331 422
9.084275722503662 424
9.090250253677368 424
9.096829175949097 425
9.103983163833618 426
9.10998272895813 427
9.116575956344604 428
9.124370098114014 428
9.1303551197052 429
9.137287378311157 430
9.14416241645813 430
9.150113344192505 431
9.156746625900269 432
9.16389536857605 432
9.169881105422974 432
9.177501201629639 433
9.18436074256897 434
9.190360307693481 434
9.197338581085205 434
9.204350471496582 435
9.210298538208008 435
9.217092037200928 435
9.223974704742432 435
9.230770826339722 436
9.237600088119507 436
9.244494199752808 436
9.250446319580078 436
9.257452964782715 436
9.264282703399658 436
9.270272016525269 436
9.27791690826416 436
9.284825563430786 436
9.290807247161865 435
9.297693014144897 435
9.30450987815857 435
9.310508966445923 435
9.31751275062561 436
9.325451135635376 436
9.33347487449646 436
9.339512825012207 436
9.346165418624878 436
9.352808952331543 436
9.358793258666992 435
9.365833759307861 435
9.372556209564209 435
9.379932165145874 435
9.39034628868103 435
9.397296905517578 435
9.404327630996704 435
9.41028881072998 435
9.417255878448486 435
9.424132823944092 435
9.431245565414429 434
9.437984704971313 434
9.445194959640503 434
9.451066732406616 434
9.457699537277222 433
9.46471619606018 432
9.470716714859009 432
9.477582931518555 431
9.485504865646362 431
9.491415739059448 430
9.498310565948486 430
9.50538182258606 429
9.5112624168396 428
9.51785945892334 427
9.524710416793823 427
9.532047033309937 426
9.53850531578064 425
9.54549789428711 424
9.551382780075073 423
9.558277368545532 422
9.565277814865112 422
9.571152210235596 421
9.577723741531372 420
9.585838794708252 419
9.592464685440063 418
9.59863543510437 417
9.605656623840332 416
9.611599683761597 414
9.618540287017822 414
9.62554383277893 412
9.633502006530762 411
9.639518976211548 410
9.64613151550293 408
9.652788162231445 408
9.659065961837769 406
9.665886163711548 405
9.67251706123352 404
9.678638935089111 402
9.686443090438843 401
9.693544864654541 400
9.69956922531128 399
9.706174850463867 397
9.712825298309326 396
9.719074726104736 395
9.726054906845093 393
9.734050989151001 391
9.740072965621948 390
9.746641397476196 389
9.753758907318115 388
9.759777307510376 386
9.766380310058594 384
9.773584127426147 383
9.78078317642212 382
9.79380989074707 379
9.799820184707642 378
9.806565523147583 376
9.813835859298706 374
9.819871664047241 373
9.826461553573608 372
9.833548545837402 370
9.840340852737427 368
9.847157955169678 367
9.854212045669556 366
9.860183000564575 364
9.866802453994751 363
9.873915910720825 362
9.87996220588684 360
9.887593984603882 358
9.894505262374878 356
9.900465488433838 355
9.907318830490112 354
9.914369821548462 352
9.920340299606323 351
9.927172183990479 350
9.934029340744019 348
9.941148281097412 347
9.947712182998657 346
9.954532146453857 344
9.960504293441772 342
9.967320442199707 341
9.974380254745483 340
9.98031759262085 338
9.988316535949707 337
9.99541711807251 336
