00
0.00906682014465332 0
0.015357494354248047 0
0.022950410842895508 1
0.028458118438720703 2
0.034859418869018555 3
0.040390729904174805 5
0.046991586685180664 7
0.05328202247619629 9
0.05888843536376953 11
0.06515908241271973 14
0.07265686988830566 18
0.07824492454528809 20
0.08454585075378418 23
0.09009575843811035 28
0.1039271354675293 36
0.1108558177947998 41
0.11794686317443848 47
0.1251537799835205 51
0.13143706321716309 55
0.13704490661621094 59
0.1433696746826172 64
0.1491255760192871 68
0.15572762489318848 73
0.1620655059814453 77
0.16791033744812012 82
0.17505621910095215 88
0.18143272399902344 93
0.1914358139038086 101
0.19720458984375 106
0.20405125617980957 111
0.20936369895935059 115
0.21594023704528809 120
0.22336912155151367 127
0.22903680801391602 132
0.23526477813720703 137
0.24190187454223633 141
0.24728846549987793 147
0.25394296646118164 152
0.25925564765930176 157
0.2657148838043213 161
0.2729341983795166 169
0.27849483489990234 173
0.28494906425476074 179
0.2908952236175537 183
0.2968308925628662 189
0.30318331718444824 194
0.308788537979126 199
0.31507134437561035 204
0.3214263916015625 211
0.328204870223999 214
0.33455872535705566 221
0.3418457508087158 226
0.34743642807006836 231
0.354156494140625 237
0.35974717140197754 242
0.3659400939941406 247
0.3724861145019531 254
0.3788268566131592 259
0.38515162467956543 264
0.39168524742126465 269
0.39708518981933594 275
0.4039113521575928 279
0.4092409610748291 285
0.41591310501098633 290
0.4224822521209717 297
0.42888736724853516 302
0.4351773262023926 307
0.441741943359375 313
0.4471242427825928 318
0.45343995094299316 323
0.459092378616333 328
0.4657261371612549 333
0.47210025787353516 339
0.4787406921386719 345
0.4849860668182373 351
0.4913151264190674 356
0.5019662380218506 365
0.5073573589324951 369
0.5140724182128906 374
0.5193743705749512 378
0.5269310474395752 383
0.5332901477813721 386
0.5388391017913818 389
0.5452897548675537 391
0.5518941879272461 393
0.5572876930236816 394
0.5639562606811523 395
0.5692431926727295 396
0.5757100582122803 396
0.5832457542419434 396
0.5945305824279785 395
0.6001145839691162 394
0.606487512588501 393
0.6132142543792725 391
0.618804931640625 389
0.6251177787780762 386
0.6327333450317383 383
0.6383650302886963 381
0.6448273658752441 377
0.6507720947265625 374
0.6567471027374268 371
0.6631908416748047 367
0.6687548160552979 363
0.6751816272735596 359
0.682744026184082 355
0.6882946491241455 353
0.6946609020233154 349
0.7002213001251221 347
0.7065544128417969 345
0.7130744457244873 343
0.7186176776885986 342
0.7248926162719727 341
0.7324833869934082 341
0.73799729347229 341
0.7443509101867676 342
0.7499191761016846 343
0.7560727596282959 344
0.7627630233764648 346
0.7683043479919434 347
0.7745840549468994 350
0.7819416522979736 352
0.7873334884643555 355
0.7939841747283936 358
0.7992856502532959 361
0.8059132099151611 363
0.8124678134918213 366
0.8180696964263916 368
0.8246049880981445 370
0.8319025039672852 371
0.8376755714416504 373
0.8441066741943359 373
0.8494257926940918 373
0.8558211326599121 373
0.8624238967895508 372
0.8679063320159912 371
0.8742828369140625 369
0.8798401355743408 367
0.8870072364807129 365
0.8933439254760742 363
0.899019718170166 361
0.9051897525787354 359
0.9117758274078369 357
0.9171738624572754 355
0.9237861633300781 353
0.9291887283325195 352
0.9364821910858154 351
0.9431140422821045 351
0.9486792087554932 351
0.9549403190612793 351
0.9608268737792969 352
0.9667706489562988 353
0.9731268882751465 355
0.978703498840332 356
0.9860124588012695 357
0.996821403503418 361
1.0037562847137451 363
1.009159803390503 364
1.0157275199890137 365
1.0220472812652588 366
1.027677059173584 366
1.034832239151001 367
1.0403931140899658 366
1.0466816425323486 366
1.0531249046325684 365
1.0586886405944824 364
1.0651814937591553 363
1.0717442035675049 362
1.077089786529541 361
1.0833735466003418 359
1.0901148319244385 358
1.0962519645690918 357
1.1027352809906006 357
1.1082487106323242 356
1.1145446300506592 356
1.120124101638794 355
1.126450538635254 356
1.1329421997070312 356
1.1394007205963135 357
1.145789623260498 357
1.1521403789520264 358
1.1578307151794434 359
1.1641805171966553 360
1.1697149276733398 361
1.175903081893921 361
1.1826260089874268 362
1.1891558170318604 363
1.1957647800445557 363
1.2020671367645264 363
1.207719087600708 363
1.214141845703125 363
1.219665288925171 363
1.2258281707763672 362
1.2321381568908691 361
1.2387337684631348 361
1.2451727390289307 360
1.2517180442810059 359
1.2570898532867432 359
1.2633769512176514 359
1.2690191268920898 358
1.2752041816711426 358
1.2817273139953613 358
1.2871005535125732 358
1.2945594787597656 359
1.3000967502593994 359
1.3064298629760742 359
1.312934398651123 359
1.3184568881988525 360
1.3250422477722168 360
1.3313896656036377 361
1.3380944728851318 361
1.345158576965332 361
1.3517444133758545 361
1.3571083545684814 361
1.363882064819336 361
1.3692004680633545 361
1.3753750324249268 361
1.3819823265075684 361
1.3873438835144043 361
1.398390293121338 361
1.4048547744750977 361
1.4107835292816162 361
1.4169337749481201 360
1.4237987995147705 360
1.4291658401489258 360
1.4353370666503906 359
1.4428703784942627 359
1.448439121246338 359
1.4549164772033691 359
1.460813045501709 359
1.4667482376098633 359
1.4732122421264648 360
1.4787580966949463 360
1.4851438999176025 360
1.491753339767456 360
1.4982547760009766 361
1.504565715789795 361
1.5100882053375244 361
1.5162343978881836 361
1.5227854251861572 360
1.5284290313720703 360
1.5347118377685547 360
1.540236234664917 360
1.5479037761688232 359
1.5542151927947998 359
1.559727430343628 359
1.5658559799194336 359
1.5723590850830078 360
1.5778908729553223 360
1.5843887329101562 360
1.5899364948272705 360
1.5970170497894287 360
1.603774070739746 360
1.6091408729553223 360
1.6152865886688232 360
1.621795654296875 360
1.627161979675293 360
1.6334407329559326 360
1.6391072273254395 360
1.6463322639465332 360
1.6527976989746094 359
1.6583788394927979 359
1.6648409366607666 360
1.670379400253296 360
1.6765100955963135 360
1.6830050945281982 360
1.6885294914245605 360
1.6948027610778809 360
1.7021262645721436 360
1.7077267169952393 360
1.7143094539642334 360
1.7198269367218018 360
1.7261576652526855 360
1.7326622009277344 360
1.7381792068481445 360
1.7444417476654053 360
1.7513885498046875 360
1.7569739818572998 360
1.7632484436035156 360
1.768766164779663 360
1.774980068206787 360
1.7812507152557373 360
1.7870149612426758 360
1.7978870868682861 360
1.8044030666351318 360
1.8099215030670166 360
1.816244125366211 360
1.8228428363800049 360
1.8283629417419434 360
1.834629774093628 360
1.8401153087615967 360
1.8464422225952148 360
1.854060173034668 360
1.8593308925628662 360
1.8656938076019287 360
1.8719782829284668 360
1.8773150444030762 360
1.883955717086792 360
1.8892176151275635 360
1.8954064846038818 360
1.9037857055664062 360
1.909151315689087 360
1.9152934551239014 360
1.9218318462371826 360
1.9271612167358398 360
1.933415174484253 360
1.9390549659729004 360
1.9451920986175537 360
1.9527842998504639 360
1.9583168029785156 360
1.964754581451416 360
1.9702847003936768 360
1.9767494201660156 360
1.9830951690673828 360
1.9886183738708496 360
1.9948546886444092 360
2.003793478012085 360
2.009147882461548 360
2.015284299850464 360
2.021796941757202 360
2.0273711681365967 360
2.0340497493743896 360
2.0392982959747314 360
2.0454251766204834 360
2.052947759628296 360
2.0584583282470703 360
2.064741611480713 360
2.0702579021453857 360
2.0763816833496094 360
2.083021879196167 360
2.088548421859741 360
2.094855308532715 360
2.100851058959961 360
2.108112335205078 360
2.114351272583008 360
2.1198956966400146 360
2.126011371612549 360
2.132512331008911 360
2.1379826068878174 360
2.1444976329803467 360
2.150097370147705 360
2.157203197479248 360
2.1637589931488037 360
2.169132709503174 360
2.1752688884735107 360
2.1817986965179443 360
2.187126874923706 360
2.1970603466033936 360
2.2047266960144043 360
2.210278034210205 360
2.2165796756744385 360
2.2232115268707275 360
2.2287328243255615 360
2.2351410388946533 360
2.241410970687866 360
2.247036933898926 360
2.2533044815063477 360
2.259979009628296 360
2.2662832736968994 360
2.2727508544921875 360
2.2843821048736572 360
2.2899630069732666 360
2.296090602874756 360
2.3026201725006104 360
2.308823347091675 360
2.315138339996338 360
2.321652412414551 360
2.3271844387054443 360
2.333740472793579 360
2.34008526802063 360
2.3462188243865967 360
2.352733612060547 360
2.359163761138916 360
2.365717649459839 360
2.3720040321350098 360
2.377385139465332 360
2.384186029434204 360
2.389761447906494 360
2.3958568572998047 360
2.402343273162842 360
2.408653497695923 360
2.4148948192596436 360
2.420806407928467 360
2.426546573638916 360
2.433061122894287 360
2.438587188720703 360
2.4450089931488037 360
2.451296091079712 360
2.456815481185913 360
2.464235305786133 360
2.4697883129119873 360
2.475963592529297 360
2.4824609756469727 360
2.487919569015503 360
2.494399309158325 360
2.4999074935913086 360
2.5062432289123535 360
2.5137693881988525 360
2.5191421508789062 360
2.5253982543945312 360
2.5319268703460693 360
2.5372841358184814 360
2.5439562797546387 360
2.5492637157440186 360
2.555417537689209 360
2.563072919845581 360
2.5686023235321045 360
2.5749776363372803 360
2.581299066543579 360
2.5868101119995117 360
2.5967776775360107 360
2.6032819747924805 360
2.6088571548461914 360
2.61623215675354 360
2.6370773315429688 360
2.652449131011963 360
2.657909870147705 360
2.6649343967437744 360
2.6708216667175293 360
2.6767468452453613 360
2.683260440826416 360
2.688833475112915 360
2.6950931549072266 360
2.702479362487793 360
2.7079272270202637 360
2.7150344848632812 360
2.7213549613952637 360
2.726924180984497 360
2.733208417892456 360
2.7387523651123047 360
2.7451648712158203 360
2.751441240310669 360
2.7571511268615723 360
2.7646825313568115 360
2.770209312438965 360
2.776367425918579 360
2.782832622528076 360
2.7883589267730713 360
2.7946300506591797 360
2.8001303672790527 360
2.8064420223236084 360
2.8129241466522217 360
2.8193705081939697 360
2.825766086578369 360
2.83206844329834 360
2.8374369144439697 360
2.844062089920044 360
2.8493199348449707 360
2.8557112216949463 360
2.8620717525482178 360
2.86881422996521 360
2.875094175338745 360
2.8813998699188232 360
2.88718318939209 360
2.8937597274780273 360
2.8991541862487793 360
2.90531849861145 360
2.9118430614471436 360
2.9184348583221436 360
2.9248526096343994 360
2.9303770065307617 360
2.936535596847534 360
2.9430413246154785 360
2.9486117362976074 360
2.9548730850219727 360
2.9607625007629395 360
2.9678709506988525 360
2.9742562770843506 360
2.97976016998291 360
2.986083507537842 360
2.9926130771636963 360
3.0027804374694824 360
3.0083110332489014 360
3.0148003101348877 360
3.022488594055176 360
3.0279738903045654 360
3.034332752227783 360
3.0398411750793457 360
3.0461950302124023 360
3.0526821613311768 360
3.058260202407837 360
3.0645270347595215 360
3.0718002319335938 360
3.077185869216919 360
3.0837061405181885 360
3.0891036987304688 360
3.095247745513916 360
3.1018214225769043 360
3.1073293685913086 360
3.1139755249023438 360
3.1202898025512695 360
3.126429796218872 360
3.1329991817474365 360
3.1385016441345215 360
3.1497302055358887 360
3.156014919281006 360
3.162766218185425 360
3.1682963371276855 360
3.1756973266601562 360
3.1819827556610107 360
3.1873562335968018 360
3.1940245628356934 360
3.2001538276672363 360
3.2063162326812744 360
3.212782859802246 360
3.2183125019073486 360
3.2254018783569336 360
3.231992244720459 360
3.2373528480529785 360
3.2440433502197266 360
3.249311923980713 360
3.255422592163086 360
3.2619717121124268 360
3.267333507537842 360
3.2748606204986572 360
3.280386209487915 360
3.286815881729126 360
3.293156623840332 360
3.2987029552459717 360
3.3049416542053223 360
3.3108134269714355 360
3.316563606262207 360
3.324153423309326 360
3.3296663761138916 360
3.336557626724243 360
3.343233108520508 360
3.3487749099731445 360
3.355041742324829 360
3.361330270767212 360
3.3668441772460938 360
3.3743817806243896 360
3.3799259662628174 360
3.386082410812378 360
3.3926055431365967 360
3.4030938148498535 360
3.408627986907959 360
3.415045738220215 360
3.421325445175171 360
3.428276538848877 360
3.434532403945923 360
3.440062999725342 360
3.446197509765625 360
3.452690362930298 360
3.45822811126709 360
3.464634656906128 360
3.4701249599456787 360
3.477196216583252 360
3.4837398529052734 360
3.489118814468384 360
3.49526047706604 360
3.501765251159668 360
3.507110118865967 360
3.5133397579193115 360
3.519031524658203 360
3.5265448093414307 360
3.533291816711426 360
3.5388333797454834 360
3.5451252460479736 360
3.5514285564422607 360
3.5569870471954346 360
3.5632779598236084 360
3.5688188076019287 360
3.575146198272705 360
3.5828142166137695 360
3.588332176208496 360
3.594540596008301 360
3.6000568866729736 360
3.6062207221984863 360
3.612713098526001 360
3.618211269378662 360
3.6244757175445557 360
3.631838798522949 360
3.637197256088257 360
3.64402174949646 360
3.6492772102355957 360
3.6554160118103027 360
3.6619746685028076 360
3.6677441596984863 360
3.674147129058838 360
3.6807637214660645 360
3.686530828475952 360
3.693122148513794 360
3.698643684387207 360
3.7050440311431885 360
3.7113327980041504 360
3.71694016456604 360
3.723262310028076 360
3.729846954345703 360
3.735987663269043 360
3.7424864768981934 360
3.7479772567749023 360
3.7543091773986816 360
3.7598159313201904 360
3.7661564350128174 360
3.7727012634277344 360
3.7782492637634277 360
3.7852866649627686 360
3.791825532913208 360
3.8019392490386963 360
3.8076791763305664 360
3.814277172088623 360
3.819801092147827 360
3.8262276649475098 360
3.833430290222168 360
3.839055299758911 360
3.8451976776123047 360
3.851442813873291 360
3.8570077419281006 360
3.863340377807617 360
3.868882417678833 360
3.875131845474243 360
3.8827903270721436 360
3.88834547996521 360
3.89459490776062 360
3.9001002311706543 360
3.906235694885254 360
3.912712574005127 360
3.9182655811309814 360
3.9246740341186523 360
3.9301626682281494 360
3.9371726512908936 360
3.9440484046936035 360
3.949374198913574 360
3.955759048461914 360
3.9620180130004883 360
3.9674174785614014 360
3.9740498065948486 360
3.979344367980957 360
3.9865496158599854 360
3.993046283721924 360
3.9986026287078857 360
4.005017042160034 360
4.0113396644592285 360
4.016906499862671 360
4.023190259933472 360
4.028743743896484 360
4.0360167026519775 360
4.042633771896362 360
4.048166036605835 360
4.054601192474365 360
4.060103893280029 360
4.066441535949707 360
4.072934865951538 360
4.078454971313477 360
4.085770130157471 360
4.092068433761597 360
4.097674608230591 360
4.1040871143341064 360
4.109323740005493 360
4.115700960159302 360
4.122018814086914 360
4.127832889556885 360
4.1342267990112305 360
4.141309022903442 360
4.146822929382324 360
4.153185844421387 360
4.158724069595337 360
4.164963006973267 360
4.171248912811279 360
4.176819801330566 360
4.183355808258057 360
4.190013408660889 360
4.19612979888916 360
4.2061731815338135 360
4.21280837059021 360
4.2183308601379395 360
4.224721670150757 360
4.23026442527771 360
4.237364053726196 360
4.244186162948608 360
4.249749183654785 360
4.255890130996704 360
4.262428283691406 360
4.2678821086883545 360
4.2741992473602295 360
4.281916856765747 360
4.2884604930877686 360
4.294729232788086 360
4.300270318984985 360
4.306746244430542 360
4.313253164291382 360
4.318818807601929 360
4.325103998184204 360
4.3313775062561035 360
4.338855028152466 360
4.345125436782837 360
4.351438283920288 360
4.356989622116089 360
4.36342453956604 360
4.369051456451416 360
4.375227689743042 360
4.381779193878174 360
4.387125253677368 360
4.394553899765015 360
4.400060415267944 360
4.406234979629517 360
4.413314342498779 360
4.418832540512085 360
4.4252917766571045 360
4.431851148605347 360
4.437205791473389 360
4.444725275039673 360
4.450281620025635 360
4.45644211769104 360
4.462944269180298 360
4.4684576988220215 360
4.474719285964966 360
4.480253219604492 360
4.486581325531006 360
4.494081020355225 360
4.499337673187256 360
4.505701541900635 360
4.511996269226074 360
4.517384052276611 360
4.524141073226929 360
4.529709577560425 360
4.535873889923096 360
4.543298006057739 360
4.548878192901611 360
4.555135011672974 360
4.561432123184204 360
4.567020654678345 360
4.573773622512817 360
4.5791285037994385 360
4.5853111743927 360
4.592763900756836 360
4.614531993865967 360
4.620062351226807 360
4.6263508796691895 360
4.6330482959747314 360
4.638590335845947 360
4.645869255065918 360
4.652382850646973 360
4.657855987548828 360
4.66436243057251 360
4.669939041137695 360
4.676079034805298 360
4.682640790939331 360
4.688172817230225 360
4.695141553878784 360
4.701687812805176 360
4.707207679748535 360
4.71377158164978 360
4.719152927398682 360
4.725698471069336 360
4.73198127746582 360
4.737322568893433 360
4.744021892547607 360
4.750321626663208 360
4.756449222564697 360
4.762940168380737 360
4.7684643268585205 360
4.774815559387207 360
4.7802863121032715 360
4.786741018295288 360
4.79308009147644 360
4.799790143966675 360
4.805935621261597 360
4.812496900558472 360
4.817984104156494 360
4.824315786361694 360
4.8298327922821045 360
4.8361945152282715 360
4.842818260192871 360
4.849224805831909 360
4.855386972427368 360
4.861969947814941 360
4.867320537567139 360
4.873961925506592 360
4.8792431354522705 360
4.885436534881592 360
4.891987085342407 360
4.898613214492798 360
4.905051946640015 360
4.911302804946899 360
4.916842699050903 360
4.923183441162109 360
4.928721904754639 360
4.934959411621094 360
4.940823316574097 360
4.946735143661499 360
4.954198122024536 360
4.959750175476074 360
4.966084718704224 360
4.97262978553772 360
4.978249549865723 360
4.984480619430542 360
4.990007638931274 360
4.996142625808716 360
