00
0.009432792663574219 0
0.016309022903442383 0
0.022925376892089844 0
0.029094696044921875 1
0.03634810447692871 2
0.04418683052062988 3
0.05011153221130371 5
0.05662655830383301 8
0.06376266479492188 10
0.06958246231079102 13
0.07623505592346191 17
0.08286404609680176 20
0.0900106430053711 23
0.09666848182678223 29
0.10375738143920898 32
0.10958361625671387 37
0.11628961563110352 42
0.12289166450500488 47
0.12879228591918945 51
0.13572430610656738 56
0.14307260513305664 62
0.14899086952209473 67
0.15665507316589355 73
0.1637101173400879 78
0.16952061653137207 83
0.1762406826019287 89
0.18290138244628906 95
0.18877935409545898 101
0.19667625427246094 107
0.20375418663024902 113
0.20959186553955078 118
0.21640729904174805 125
0.22602510452270508 133
0.23480892181396484 142
0.24181556701660156 149
0.24867010116577148 155
0.2557976245880127 160
0.26161646842956543 167
0.2681465148925781 173
0.2750563621520996 179
0.281017541885376 184
0.28782129287719727 190
0.29576563835144043 197
0.3015305995941162 205
0.3080329895019531 209
0.314816951751709 217
0.3207988739013672 222
0.32775425910949707 228
0.3347170352935791 235
0.3406550884246826 243
0.34819769859313965 249
0.3550131320953369 255
0.3609499931335449 260
0.36777210235595703 266
0.374605655670166 274
0.3805687427520752 279
0.3870835304260254 285
0.3950324058532715 293
0.4010295867919922 299
0.4078330993652344 305
0.41465020179748535 312
0.4205610752105713 318
0.4273340702056885 324
0.434171199798584 329
0.4401576519012451 335
0.4477813243865967 343
0.4547572135925293 351
0.4607360363006592 357
0.46749210357666016 363
0.47436094284057617 371
0.4803328514099121 376
0.486863374710083 382
0.4939401149749756 390
0.5007014274597168 396
0.5074572563171387 401
0.5144147872924805 409
0.5203602313995361 415
0.5269129276275635 421
0.5339910984039307 427
0.5399229526519775 433
0.5475077629089355 441
0.5543813705444336 448
0.560356855392456 454
0.5668599605560303 460
0.574101448059082 468
0.5807113647460938 473
0.5876524448394775 479
0.5944733619689941 487
0.6014602184295654 495
0.6079897880554199 499
0.6147768497467041 507
0.6207003593444824 513
0.6313409805297852 522
0.6381521224975586 530
0.6450552940368652 536
0.6529006958007812 544
0.6589298248291016 549
0.6659224033355713 555
0.6717531681060791 563
0.6782517433166504 569
0.685032844543457 575
0.6909568309783936 581
0.6988203525543213 589
0.7057688236236572 595
0.7115890979766846 602
0.718254804611206 608
0.725088357925415 614
0.7310400009155273 620
0.737865686416626 626
0.744675874710083 633
0.751492977142334 641
0.7581570148468018 647
0.7649087905883789 653
0.7708659172058105 659
0.7776627540588379 665
0.7844839096069336 673
0.7903831005096436 679
0.796910285949707 685
0.8047678470611572 692
0.8106613159179688 698
0.8175232410430908 704
0.8243007659912109 712
0.8303501605987549 718
0.8368773460388184 724
0.8441421985626221 729
0.8509023189544678 737
0.8578512668609619 743
0.8647177219390869 751
0.8706998825073242 756
0.8776977062225342 761
0.8845617771148682 768
0.89060378074646 773
0.8974406719207764 777
0.9054973125457764 783
0.9113864898681641 786
0.9180119037628174 789
0.9248509407043457 793
0.9308032989501953 795
0.9378557205200195 797
0.9447059631347656 799
0.9506664276123047 801
0.9582066535949707 801
0.9650335311889648 801
0.9709980487823486 801
0.9779539108276367 801
0.9847469329833984 799
0.9907596111297607 798
0.997786283493042 797
1.0057921409606934 795
1.0116596221923828 791
1.0181653499603271 789
1.0249381065368652 784
1.036303997039795 780
1.0429630279541016 776
1.0490620136260986 773
1.0573484897613525 767
1.0641758441925049 763
1.0701866149902344 759
1.0767579078674316 753
1.0838260650634766 749
1.0897650718688965 744
1.0963270664215088 738
1.1029574871063232 733
1.1102707386016846 727
1.1169404983520508 722
1.1240074634552002 717
1.1299879550933838 712
1.1365344524383545 705
1.1435575485229492 700
1.1493237018585205 695
1.1567718982696533 688
1.1639654636383057 683
1.1699552536010742 677
1.1766610145568848 670
1.1837761402130127 665
1.189744472503662 659
1.1963109970092773 652
1.2029364109039307 647
1.2101497650146484 641
1.216695785522461 634
1.223771333694458 629
1.2295889854431152 623
1.236447811126709 616
1.2430713176727295 610
1.2490108013153076 605
1.2560651302337646 597
1.2639663219451904 591
1.2699434757232666 586
1.2764852046966553 579
1.2835571765899658 573
1.2893991470336914 567
1.2963042259216309 560
1.3029067516326904 554
1.3100731372833252 548
1.3166484832763672 541
1.323716640472412 535
1.3295342922210693 529
1.3361716270446777 524
1.3427863121032715 516
1.3487040996551514 511
1.3558416366577148 505
1.364001750946045 497
1.3699791431427002 491
1.3765294551849365 484
1.383568286895752 478
1.3890912532806396 472
1.3960809707641602 467
1.4023425579071045 459
1.4086098670959473 453
1.4165318012237549 446
1.4235572814941406 440
1.43843674659729 425
1.4456675052642822 419
1.451491355895996 411
1.4582247734069824 405
1.466264009475708 398
1.472888708114624 392
1.4789600372314453 387
1.4860508441925049 381
1.4922974109649658 373
1.4987990856170654 367
1.5057454109191895 361
1.5137982368469238 354
1.519906997680664 348
1.5264625549316406 341
1.5330712795257568 335
1.5394866466522217 329
1.546182632446289 323
1.552769660949707 315
1.5586888790130615 310
1.566415786743164 302
1.5730805397033691 297
1.5801920890808105 291
1.5867981910705566 283
1.5940463542938232 277
1.6000075340270996 271
1.6065683364868164 264
1.614375114440918 256
1.620354175567627 250
1.6270771026611328 245
1.6341826915740967 239
1.6401565074920654 233
1.6466686725616455 225
1.6538734436035156 220
1.6598386764526367 214
1.6674778461456299 206
1.6743526458740234 199
1.6802937984466553 193
1.6868159770965576 187
1.6939501762390137 181
1.699894905090332 175
1.7064683437347412 168
1.7130587100982666 162
1.7203755378723145 155
1.7269606590270996 149
1.7340376377105713 143
1.7399966716766357 137
1.7465276718139648 129
1.7537286281585693 124
1.7596063613891602 118
1.767045021057129 110
1.7743077278137207 103
1.7802422046661377 97
1.786797285079956 91
1.7938685417175293 85
1.799797773361206 79
1.8063416481018066 72
1.8129332065582275 66
1.820159673690796 61
1.826678991317749 53
1.8375108242034912 43
1.844496488571167 35
1.8503894805908203 30
1.8570752143859863 24
1.8641636371612549 18
1.8708863258361816 11
1.8778018951416016 5
1.8847355842590332 -3
1.8906466960906982 -9
1.897550106048584 -15
1.9043877124786377 -22
1.9103338718414307 -28
1.9168660640716553 -34
1.9247503280639648 -41
1.9307060241699219 -47
1.9375298023223877 -53
1.9443531036376953 -61
1.950298547744751 -66
1.9570074081420898 -72
1.9641423225402832 -78
1.9708139896392822 -85
1.9776437282562256 -91
1.984468936920166 -99
1.990403175354004 -105
1.9987194538116455 -113
2.0056815147399902 -118
2.011531114578247 -126
2.0182597637176514 -131
2.0262022018432617 -137
2.032892942428589 -145
2.038900852203369 -151
2.045931577682495 -157
2.0518085956573486 -164
2.0585880279541016 -169
2.065631151199341 -174
2.073068141937256 -180
2.0794789791107178 -184
2.086216688156128 -188
2.0928781032562256 -192
2.0988855361938477 -195
2.1058995723724365 -197
2.1116998195648193 -200
2.1182312965393066 -202
2.1261744499206543 -203
2.132758378982544 -204
2.138829231262207 -204
2.1459267139434814 -204
2.1517834663391113 -204
2.158257246017456 -203
2.1650238037109375 -202
2.1709518432617188 -200
2.178722620010376 -198
2.1856260299682617 -195
2.191403865814209 -193
2.1980702877044678 -189
2.2048685550689697 -186
2.2107973098754883 -183
2.217616081237793 -179
2.225667953491211 -174
2.2366743087768555 -166
2.2438571453094482 -161
2.2497856616973877 -157
2.2565598487854004 -151
2.2635812759399414 -147
2.2694039344787598 -142
2.277050256729126 -135
2.284114122390747 -130
2.2900500297546387 -125
2.2966084480285645 -119
2.303617238998413 -113
2.309403896331787 -108
2.3162615299224854 -101
2.3229165077209473 -96
2.3300795555114746 -91
2.3366010189056396 -83
2.343632221221924 -78
2.34940505027771 -72
2.356133222579956 -67
2.362342357635498 -59
2.3686087131500244 -54
2.3763883113861084 -46
2.3830759525299072 -41
2.388972759246826 -35
2.395972728729248 -29
2.4023489952087402 -22
2.4087772369384766 -16
2.41572904586792 -11
2.4215087890625 -3
2.4358131885528564 9
2.4415979385375977 16
2.4481756687164307 22
2.4549474716186523 28
2.4608843326568604 33
2.4677560329437256 39
2.4745876789093018 47
2.481410264968872 53
2.4879229068756104 59
2.4948863983154297 67
2.5008325576782227 72
2.5076396465301514 78
2.514446973800659 86
2.5203664302825928 92
2.526895046234131 97
2.5349419116973877 105
2.540872573852539 111
2.5477283000946045 117
2.554692029953003 125
2.5605685710906982 131
2.567094087600708 137
2.574167251586914 145
2.581768751144409 152
2.588256359100342 158
2.5950679779052734 164
2.601036310195923 170
2.6079111099243164 176
2.614936351776123 184
2.620870590209961 189
2.627692699432373 195
2.639605760574341 207
2.6463992595672607 215
2.6530089378356934 221
2.6590943336486816 227
2.666684150695801 235
2.6742796897888184 243
2.681018352508545 249
2.6878578662872314 255
2.6946423053741455 262
2.7005650997161865 268
2.707090377807617 274
2.714175224304199 280
2.7201321125030518 286
2.726626396179199 294
2.7345688343048096 301
2.740509271621704 307
2.747030258178711 313
2.7541215419769287 319
2.7600972652435303 325
2.766617774963379 333
2.7736828327178955 339
2.7795064449310303 345
2.7868494987487793 353
2.79411244392395 359
2.800065755844116 365
2.806617498397827 373
2.813634157180786 379
2.819408416748047 384
2.8260903358459473 391
2.8327362537384033 398
2.8398077487945557 404
2.84635066986084 412
2.852931022644043 418
2.85899019241333 424
2.866032838821411 430
2.872246742248535 437
2.878744602203369 443
2.8865091800689697 451
2.8935799598693848 457
2.899090528488159 463
2.9060733318328857 469
2.9123473167419434 477
2.9187698364257812 483
2.925929307937622 489
2.9317567348480225 497
2.9396731853485107 503
2.9462881088256836 510
2.952932596206665 516
2.9588420391082764 522
2.96575665473938 528
2.971552610397339 536
2.9782297611236572 542
2.9850499629974365 548
2.9927549362182617 556
2.998626708984375 561
3.0056192874908447 567
3.011430025100708 573
3.017930269241333 579
3.0247483253479004 587
3.0306873321533203 593
3.0429019927978516 605
3.0489399433135986 611
3.056178569793701 617
3.062737464904785 625
3.068804979324341 631
3.0757949352264404 637
3.081585645675659 645
3.0890629291534424 650
3.096229314804077 656
3.102881669998169 664
3.1087920665740967 670
3.1157190799713135 676
3.121528387069702 684
3.128037929534912 688
3.134835720062256 695
3.141803026199341 703
3.1484134197235107 709
3.155679941177368 715
3.161486864089966 723
3.1679768562316895 727
3.1747539043426514 735
3.180677652359009 741
3.1875712871551514 749
3.1957976818084717 755
3.2016196250915527 763
3.208111524581909 769
3.215019464492798 774
3.220991849899292 780
3.2277724742889404 786
3.2346138954162598 794
3.241497039794922 802
3.2479939460754395 806
3.2547879219055176 814
3.2607033252716064 819
3.267489194869995 825
3.274441719055176 833
3.280348062515259 839
3.2869303226470947 845
3.294776678085327 853
3.30069637298584 859
3.3074629306793213 865
3.31445050239563 873
3.320361375808716 879
3.326878786087036 885
3.3340744972229004 891
3.340036392211914 899
3.3476507663726807 904
3.354457139968872 912
3.360375165939331 918
3.366917610168457 924
3.37395977973938 930
3.3799004554748535 936
3.3864529132843018 944
3.394430637359619 951
3.400352954864502 957
3.4069020748138428 963
3.4139511585235596 969
3.4198849201202393 975
3.4264426231384277 983
3.436753034591675 993
3.444932222366333 1001
3.4509329795837402 1007
3.458063840866089 1014
3.4650659561157227 1020
3.4713494777679443 1025
3.4779672622680664 1030
3.4848110675811768 1036
3.4908056259155273 1040
3.498781681060791 1044
3.5057272911071777 1047
3.511587142944336 1051
3.5183699131011963 1053
3.525482416152954 1055
3.531327486038208 1056
3.537907600402832 1057
3.5458762645721436 1057
3.5518507957458496 1057
3.5586020946502686 1057
3.565615177154541 1055
3.571437358856201 1054
3.5789973735809326 1052
3.58603835105896 1050
3.5922887325286865 1047
3.599823474884033 1045
3.606426954269409 1041
3.61307430267334 1037
3.6189935207366943 1034
3.6260619163513184 1030
3.6323349475860596 1025
3.638845205307007 1021
3.645867347717285 1016
3.653747320175171 1011
3.6595873832702637 1007
3.6662802696228027 1001
3.6729307174682617 996
3.6788620948791504 992
3.6858041286468506 987
3.691638231277466 980
3.6996865272521973 975
3.706472873687744 969
3.713092803955078 963
3.719048500061035 959
3.7260804176330566 953
3.732356309890747 946
3.7386791706085205 941
3.7456581592559814 936
3.7533302307128906 929
3.759493827819824 923
3.766172409057617 918
3.7727601528167725 911
3.778719186782837 905
3.7856576442718506 900
3.7915682792663574 892
3.7981374263763428 887
3.8060529232025146 881
3.81231427192688 874
3.818817377090454 869
3.825906991958618 863
3.8317673206329346 855
3.843320369720459 846
3.850342273712158 839
3.8570873737335205 833
3.864301919937134 825
3.8702452182769775 820
3.876945734024048 814
3.884030342102051 809
3.8899824619293213 803
3.896531820297241 795
3.904461622238159 787
3.9104418754577637 782
3.917062759399414 776
3.924154043197632 771
3.9301092624664307 765
3.9368302822113037 757
3.9439735412597656 751
3.9499435424804688 744
3.957561731338501 738
3.9645450115203857 731
3.9705166816711426 725
3.9770731925964355 719
3.9841675758361816 713
3.990154266357422 708
3.996859312057495 700
4.004720687866211 693
4.010733366012573 687
4.017516136169434 681
4.0243613719940186 673
4.030338764190674 668
4.036878347396851 662
4.043962001800537 656
4.049935817718506 651
4.0576560497283936 643
4.064542770385742 635
4.0704920291900635 629
4.077042818069458 624
4.084144115447998 618
4.090118408203125 612
4.09682822227478 605
4.1039276123046875 597
4.110706329345703 591
4.11767578125 585
4.124518394470215 578
4.130484104156494 572
4.137040138244629 566
4.144130706787109 561
4.150125741958618 555
4.157709836959839 547
4.164578914642334 539
4.170538425445557 533
4.177476644515991 528
4.184351205825806 520
4.190294027328491 515
4.196851491928101 509
4.203961133956909 503
4.210757493972778 495
4.217553615570068 489
4.224563360214233 482
4.230518579483032 476
4.240163564682007 469
4.248066425323486 459
4.255041837692261 453
4.262864589691162 445
4.2689526081085205 440
4.276025295257568 434
4.28229546546936 426
4.288629770278931 421
4.295778274536133 415
4.301628589630127 407
4.309469223022461 401
4.31618857383728 395
4.32283878326416 388
4.328805446624756 382
4.335764408111572 376
4.341561317443848 369
4.348100662231445 363
4.355066537857056 357
4.362889528274536 349
4.368840456008911 344
4.3757853507995605 338
4.381625413894653 330
4.3881213665008545 325
4.3949384689331055 319
4.400893449783325 313
4.407692909240723 305
4.415724754333496 300
4.4215898513793945 292
4.428159713745117 286
4.436561584472656 279
4.44365668296814 273
4.449524164199829 267
4.456176280975342 261
4.464003562927246 253
4.469968318939209 248
4.476654529571533 240
4.483906984329224 235
4.489832639694214 229
4.496379137039185 221
4.503008842468262 215
4.508978605270386 209
4.516839027404785 202
4.523951292037964 196
4.529890060424805 190
4.536595582962036 183
4.543632745742798 177
4.549409866333008 171
4.556138515472412 165
4.564033508300781 158
4.570027112960815 152
4.577456712722778 144
4.584282636642456 137
4.5902183055877686 133
4.59693169593811 125
4.604002237319946 119
4.6099653244018555 113
4.617705345153809 106
4.624547958374023 98
4.630518198013306 92
4.637026786804199 87
4.647883176803589 77
4.654957056045532 69
4.660928010940552 63
4.668741941452026 56
4.675649881362915 50
4.681457281112671 43
4.6880199909210205 39
4.694819927215576 31
4.700725555419922 25
4.707510232925415 19
4.715637922286987 12
4.72147274017334 4
4.727932691574097 0
4.7347092628479 -7
4.740641117095947 -13
4.74757719039917 -19
4.754396438598633 -27
4.7603559494018555 -33
4.768020868301392 -38
4.774954080581665 -46
4.780952453613281 -52
4.787768363952637 -57
4.794612169265747 -65
4.8005571365356445 -71
4.807092666625977 -77
4.814234018325806 -82
4.8210062980651855 -90
4.827872037887573 -96
4.834819555282593 -103
4.840776205062866 -109
4.847534418106079 -115
4.854368448257446 -123
4.860295295715332 -129
4.8679118156433105 -134
4.874939680099487 -142
4.880914926528931 -148
4.887796640396118 -153
4.894789695739746 -161
4.900755167007446 -167
4.913845062255859 -179
4.920553207397461 -186
4.927346229553223 -192
4.934229850769043 -197
4.940207242965698 -203
4.9468090534210205 -211
4.9540696144104 -217
4.960075378417969 -223
4.966634750366211 -230
4.974611520767212 -238
4.980548858642578 -244
4.987337589263916 -249
4.994185209274292 -255
5.000172853469849 -261
5.006857872009277 -269
5.014104843139648 -275
5.0208845138549805 -282
5.027801513671875 -288
5.034709215164185 -296
5.0444090366363525 -305
5.051357746124268 -311
5.058064699172974 -319
5.065026760101318 -325
5.072836875915527 -332
5.0790464878082275 -338
5.086096525192261 -344
5.092736721038818 -351
5.098694562911987 -357
5.105625867843628 -363
5.111447095870972 -369
5.118019104003906 -375
5.126035690307617 -382
5.132310628890991 -390
5.138862371444702 -395
5.145819187164307 -401
5.151660919189453 -409
5.158246755599976 -415
5.165457487106323 -421
5.17291784286499 -428
5.18000054359436 -433
5.1867334842681885 -441
5.194014072418213 -445
5.2000415325164795 -449
5.20665717124939 -455
5.213807582855225 -458
5.219747304916382 -461
5.226998805999756 -465
5.234110116958618 -467
5.240052938461304 -469
5.24665641784668 -470
5.253925561904907 -471
5.259872913360596 -471
5.266561508178711 -471
5.274230241775513 -471
5.2801833152771 -471
5.286755084991455 -469
5.293765544891357 -468
5.299577474594116 -466
5.306256532669067 -463
5.312886476516724 -461
5.319003105163574 -458
5.326797246932983 -453
5.333889961242676 -450
5.339799165725708 -447
5.3463592529296875 -442
5.35299277305603 -438
5.358912944793701 -433
5.365809440612793 -429
5.371615409851074 -423
5.379688024520874 -419
5.386301279067993 -413
5.3928844928741455 -407
5.398979187011719 -403
5.406061410903931 -398
5.412296533584595 -391
5.4185874462127686 -386
5.425609350204468 -379
5.433014631271362 -374
5.439328670501709 -369
5.449932336807251 -360
5.456608533859253 -353
5.463798999786377 -347
5.469685792922974 -342
5.477409362792969 -334
5.484250068664551 -327
5.490180730819702 -323
5.496864318847656 -316
5.503943920135498 -310
5.509869575500488 -305
5.5164477825164795 -297
5.523074150085449 -291
5.530368328094482 -284
5.536935567855835 -278
5.543975353240967 -272
5.54990816116333 -267
5.556602478027344 -259
5.563632965087891 -253
5.569468975067139 -247
5.5767974853515625 -240
5.584688186645508 -232
5.5906126499176025 -226
5.597370386123657 -220
5.6042211055755615 -215
5.610168695449829 -209
5.616844415664673 -201
5.623888254165649 -195
5.630591630935669 -187
5.637372255325317 -181
5.64423131942749 -175
5.650185823440552 -169
5.656871318817139 -162
5.6639299392700195 -156
5.669988632202148 -150
5.676691293716431 -142
5.68447208404541 -134
5.690371036529541 -129
5.696895360946655 -123
5.703965663909912 -117
5.709945440292358 -111
5.71648097038269 -103
5.723316669464111 -97
5.728986740112305 -91
5.73690128326416 -83
5.7439491748809814 -77
5.74988317489624 -71
5.756456136703491 -63
5.763074636459351 -58
5.769024133682251 -52
5.776036024093628 -46
5.784106016159058 -38
5.790055513381958 -32
5.796745538711548 -24
5.803761720657349 -18
5.809586763381958 -12
5.816253900527954 -5
5.822864055633545 1
5.828726768493652 7
5.836378812789917 15
5.845983266830444 23
5.853986501693726 31
5.859940052032471 37
5.866597652435303 45
5.8737547397613525 51
5.879568338394165 57
5.886958360671997 65
5.893974781036377 71
5.8998963832855225 77
5.9064414501190186 85
5.913049936294556 90
5.919499158859253 96
5.926136255264282 102
5.932715654373169 110
5.939893484115601 116
5.946469783782959 124
5.953048467636108 130
5.958959579467773 136
5.965875625610352 141
5.971665859222412 149
5.97852349281311 155
5.986269950866699 163
5.992892026901245 169
5.998801946640015 175
6.005725383758545 181
6.011523008346558 189
6.0180487632751465 193
6.024816989898682 201
6.030706882476807 207
6.038531541824341 215
6.045631647109985 221
6.051384925842285 226
6.05788779258728 232
6.0647056102752686 241
6.070663213729858 246
6.08479380607605 260
6.092251777648926 268
6.098698616027832 274
6.105620384216309 280
6.111392974853516 286
6.117896556854248 292
6.124685525894165 299
6.130558490753174 305
6.138174533843994 313
6.144989967346191 319
6.150904417037964 325
6.157918691635132 331
6.164722681045532 339
6.17060923576355 345
6.177525043487549 351
6.184340238571167 359
6.191064357757568 365
6.197887182235718 371
6.2046895027160645 379
6.210552453994751 385
6.217474937438965 391
6.224255561828613 398
6.230162620544434 402
6.236703872680664 410
6.248130559921265 422
6.255031108856201 428
6.260966777801514 434
6.267900228500366 440
6.27498197555542 447
6.2809154987335205 453
6.287786245346069 459
6.295694828033447 467
6.301523685455322 475
6.308208227157593 481
6.314973831176758 487
6.320887565612793 493
6.327663898468018 499
6.334609031677246 507
6.3415610790252686 515
6.348058223724365 521
6.354813575744629 527
6.360698461532593 533
6.367481708526611 538
6.374283075332642 546
6.3801798820495605 550
6.38669753074646 558
6.394659042358398 566
6.400554180145264 572
6.40704345703125 578
6.41413688659668 584
6.420054912567139 589
6.426604270935059 597
6.433782577514648 607
6.444995164871216 615
6.451376676559448 621
6.4580395221710205 627
6.464798927307129 635
6.470675945281982 641
6.477400541305542 647
6.484233140945435 653
6.490227699279785 659
6.497795581817627 667
6.504608154296875 675
6.51058292388916 681
6.517509698867798 686
6.5243048667907715 694
6.530181646347046 698
6.536691665649414 706
6.543755531311035 714
6.550483465194702 720
6.557001352310181 726
6.564188241958618 732
6.570159912109375 738
6.57785177230835 746
6.584669828414917 753
6.590560436248779 759
6.598235845565796 767
6.605034589767456 773
6.610959768295288 779
6.617763519287109 785
6.6245973110198975 793
6.630561351776123 799
6.637474298477173 805
6.644287109375 815
6.655981063842773 823
6.661854267120361 831
6.668677806854248 837
6.675760746002197 843
6.681543350219727 850
6.688072919845581 856
6.695027112960815 862
6.702792167663574 870
6.708685636520386 876
6.715680837631226 882
6.721486330032349 890
6.727994441986084 894
6.734778881072998 902
6.740703105926514 907
6.747445821762085 915
6.755452394485474 921
6.761043310165405 927
6.767866849899292 933
6.774688720703125 941
6.780634641647339 947
6.787379264831543 953
6.794180393218994 959
6.800808429718018 967
6.807613134384155 973
6.8145411014556885 981
6.8204591274261475 987
6.82740044593811 993
6.834227800369263 999
6.840198278427124 1005
6.846744775772095 1013
6.854634046554565 1020
6.860539436340332 1026
6.86703085899353 1032
6.8742592334747314 1040
6.880177974700928 1044
6.886735439300537 1052
6.893740653991699 1058
6.8995513916015625 1066
6.907026052474976 1074
6.915635585784912 1080
6.921407461166382 1085
6.927907943725586 1091
6.93492579460144 1099
6.940842628479004 1105
6.947597503662109 1111
6.955735921859741 1119
6.961584568023682 1127
6.968120813369751 1133
6.974880218505859 1139
6.980789661407471 1145
6.987501859664917 1151
6.994484901428223 1159
7.000396966934204 1165
7.007938861846924 1171
7.014749050140381 1179
7.020684242248535 1184
7.0274434089660645 1190
7.034235954284668 1196
7.040169954299927 1202
7.0506205558776855 1214
7.058417558670044 1222
7.065558195114136 1228
7.07134485244751 1233
7.078038930892944 1239
7.084953546524048 1247
7.090886354446411 1253
7.097696542739868 1259
7.105692148208618 1267
7.111497640609741 1275
7.118220567703247 1281
7.125052213668823 1287
7.131049871444702 1293
7.137948989868164 1299
7.14482307434082 1305
7.1507861614227295 1310
7.158597230911255 1316
7.16564416885376 1320
7.171476125717163 1325
7.178179025650024 1327
7.184946298599243 1330
7.190886497497559 1332
7.197725296020508 1334
7.2045488357543945 1335
7.2115256786346436 1336
7.218233585357666 1337
7.2250306606292725 1337
7.231015682220459 1336
7.237939834594727 1335
7.244739294052124 1333
7.2506654262542725 1332
7.258407354354858 1329
7.265439033508301 1327
7.271071434020996 1324
7.277919054031372 1321
7.284764766693115 1317
7.290778398513794 1313
7.2977330684661865 1310
7.30460786819458 1305
7.311612367630005 1299
7.318154811859131 1295
7.324923753738403 1291
7.330892086029053 1287
7.33768105506897 1282
7.34470796585083 1276
7.350680589675903 1271
7.357657194137573 1265
7.365653038024902 1260
7.371481418609619 1253
7.384458780288696 1243
7.390455961227417 1238
7.397012710571289 1233
7.404125452041626 1227
7.410866022109985 1221
7.417909622192383 1215
7.4247636795043945 1208
7.430697679519653 1203
7.4374377727508545 1197
7.444378614425659 1190
7.454761266708374 1181
7.461811304092407 1173
7.468749761581421 1168
7.475964784622192 1163
7.481834173202515 1155
7.488504648208618 1149
7.495514154434204 1144
7.501380920410156 1138
7.50794243812561 1133
7.5160231590271 1125
7.5222883224487305 1117
7.528649091720581 1112
7.535818338394165 1106
7.541633129119873 1099
7.548162221908569 1093
7.554961204528809 1087
7.560963153839111 1080
7.568698406219482 1074
7.580578804016113 1063
7.59033465385437 1053
7.600460767745972 1044
7.6081719398498535 1034
7.618072509765625 1027
7.625097751617432 1021
7.63417649269104 1013
7.640166282653809 1007
7.6467955112457275 1000
7.656215190887451 992
7.662822484970093 985
7.67019510269165 979
7.6778998374938965 971
7.687734365463257 961
7.694770812988281 954
7.700707674026489 946
7.7081615924835205 939
7.7182159423828125 931
7.7250494956970215 925
7.731051206588745 917
7.740569591522217 910
7.747369289398193 904
7.754245281219482 896
7.763916015625 889
7.770557403564453 879
7.780761480331421 871
7.789810419082642 864
7.79641580581665 856
7.803053379058838 850
7.81438946723938 839
7.821389436721802 833
7.8302531242370605 823
7.836977958679199 817
7.844046592712402 812
7.854634761810303 800
7.863954067230225 793
7.870706558227539 785
7.877674341201782 779
7.887571811676025 769
7.894591808319092 760
7.903738260269165 754
7.909573793411255 748
7.916271686553955 741
7.926229953765869 733
7.9328696727752686 725
7.938875198364258 719
7.950449228286743 708
7.958154201507568 698
7.967408657073975 691
7.975531578063965 685
7.98109245300293 677
7.996403217315674 662
8.005800485610962 656
8.014907360076904 646
8.023912906646729 639
8.031773805618286 629
8.042788982391357 619
8.048758506774902 614
8.057787656784058 606
8.068535327911377 594
8.077499866485596 587
8.088247776031494 575
8.095677137374878 569
8.10283088684082 562
8.110989093780518 552
8.118573665618896 545
8.127813577651978 539
8.138006687164307 529
8.147396802902222 519
8.154242277145386 511
8.160210371017456 508
8.166769742965698 500
8.174487829208374 492
8.18044376373291 487
8.187031269073486 481
8.194273233413696 473
8.20021939277649 469
8.206780910491943 461
8.213868618011475 456
8.219826459884644 450
8.22701621055603 442
8.234320163726807 435
8.240268468856812 429
8.246824264526367 423
8.257524967193604 413
8.264504432678223 405
8.270480871200562 400
8.278141498565674 392
8.284898519515991 386
8.29085636138916 381
8.297667741775513 375
8.304528951644897 367
8.310479640960693 361
8.317411422729492 355
8.325019359588623 348
8.330981969833374 342
8.337821960449219 336
8.344614744186401 329
8.350549697875977 323
8.357367753982544 317
8.364233255386353 311
8.370205640792847 305
8.37798261642456 298
8.384929180145264 290
8.390890836715698 284
8.39777398109436 279
8.404615879058838 271
8.410544633865356 265
8.41733455657959 259
8.42417311668396 253
8.430950403213501 246
8.437942266464233 240
8.444822788238525 232
8.450743198394775 227
8.45752763748169 221
8.465983867645264 213
8.47184944152832 205
8.479826211929321 199
8.486402988433838 192
8.493043422698975 186
8.49944019317627 180
8.506165266036987 175
8.512767314910889 167
8.518860101699829 161
8.52576994895935 155
8.53356122970581 147
8.539320945739746 142
8.546098470687866 136
8.552339553833008 128
8.558795928955078 123
8.565710306167603 117
8.571532726287842 109
8.580214023590088 103
8.586776971817017 95
8.593833684921265 90
8.59975290298462 84
8.606330871582031 76
8.612939596176147 71
8.618998765945435 65
8.625998497009277 59
8.63388991355896 51
8.639835596084595 45
8.64653992652893 38
8.656940698623657 28
8.664192199707031 22
8.670171022415161 17
8.676974534988403 9
8.684923648834229 1
8.69086480140686 -5
8.69767165184021 -10
8.704493522644043 -18
8.710421323776245 -24
8.717008590698242 -29
8.724159955978394 -35
8.730109930038452 -43
8.737913370132446 -49
8.744779348373413 -57
8.750710248947144 -62
8.75750732421875 -68
8.764357805252075 -76
8.770304203033447 -81
8.777009963989258 -87
8.784884691238403 -95
8.790852069854736 -101
8.797862529754639 -107
8.80467700958252 -114
8.810580730438232 -120
8.81740689277649 -126
8.824233055114746 -132
8.830196857452393 -137
8.837827205657959 -145
8.844680309295654 -153
8.850629806518555 -159
8.857551336288452 -165
8.864413261413574 -172
8.870360374450684 -178
8.876923084259033 -184
8.884666681289673 -191
8.890604496002197 -197
8.897388219833374 -203
8.904399871826172 -211
8.910362243652344 -217
8.917077541351318 -222
8.92415714263916 -228
8.930124759674072 -234
8.937778234481812 -241
8.944653034210205 -249
8.950587034225464 -255
8.957365274429321 -261
8.964252233505249 -269
8.97020149230957 -273
8.976916074752808 -280
8.983993530273438 -288
8.990736484527588 -294
8.997511625289917 -299
9.004342079162598 -307
9.010309934616089 -313
9.01688003540039 -319
9.023977041244507 -325
9.029947519302368 -330
9.037684440612793 -338
9.044536113739014 -346
9.050498962402344 -351
9.060890197753906 -361
9.067864656448364 -367
9.074827194213867 -375
9.080860376358032 -380
9.088874816894531 -388
9.096043109893799 -394
9.102294206619263 -401
9.10861086845398 -407
9.115656614303589 -413
9.12147307395935 -421
9.128000974655151 -425
9.134827613830566 -433
9.14228892326355 -440
9.148611307144165 -446
9.155769109725952 -451
9.161604404449463 -459
9.16840386390686 -465
9.175487995147705 -471
9.18133020401001 -477
9.188850402832031 -485
9.195849418640137 -490
9.201684474945068 -498
9.208252429962158 -504
9.215588569641113 -509
9.221418857574463 -515
9.227949857711792 -521
9.234797477722168 -529
9.241660594940186 -537
9.248162984848022 -542
9.254911661148071 -548
9.260895252227783 -554
9.267765998840332 -559
9.274820566177368 -567
9.28078556060791 -573
9.287525415420532 -579
9.295737504959106 -587
9.301555871963501 -594
9.30810546875 -600
9.314881324768066 -606
9.320886850357056 -611
9.32779335975647 -617
9.334805488586426 -625
9.34180998802185 -633
9.3485107421875 -639
9.35553526878357 -645
9.361353874206543 -650
9.36793041229248 -656
9.374764680862427 -663
9.383012294769287 -671
9.388976335525513 -677
9.39684796333313 -685
9.403951406478882 -691
9.409928798675537 -696
9.416506052017212 -704
9.423714399337769 -710
9.429604530334473 -715
9.436262845993042 -723
9.444172382354736 -728
9.450214624404907 -733
9.461398601531982 -741
9.468069791793823 -745
9.474998712539673 -748
9.480918407440186 -751
9.48787546157837 -753
9.495725393295288 -755
9.501519441604614 -757
9.508039474487305 -757
9.51502537727356 -758
9.52096152305603 -758
9.527766704559326 -757
9.53464674949646 -757
9.540536642074585 -756
9.548141717910767 -754
9.555045127868652 -752
9.560984134674072 -749
9.567784070968628 -747
9.581661939620972 -739
9.59235405921936 -733
9.600214719772339 -729
9.610610485076904 -721
9.617769956588745 -717
9.624619007110596 -711
9.633923530578613 -705
9.63987112045288 -701
9.64746356010437 -694
9.655808448791504 -688
9.664660930633545 -679
9.67060112953186 -674
9.677525043487549 -669
9.685442924499512 -662
9.6943359375 -653
9.701334238052368 -648
9.707906484603882 -643
9.715760946273804 -635
9.724486351013184 -627
9.730429410934448 -621
9.736990451812744 -615
9.746625900268555 -606
9.756521224975586 -597
9.764764070510864 -589
9.773881196975708 -582
9.77980923652649 -576
9.786404848098755 -568
9.797596454620361 -557
9.805593729019165 -551
9.81140947341919 -545
9.820571660995483 -536
9.827351331710815 -530
9.834237575531006 -522
9.8428373336792 -515
9.84992504119873 -509
9.860861778259277 -497
9.871007204055786 -487
9.877970218658447 -481
9.885898351669312 -473
9.894624948501587 -464
9.901520729064941 -456
9.908036470413208 -452
9.915772914886475 -444
9.927576065063477 -432
9.935706615447998 -424
9.9415283203125 -417
9.9516282081604 -407
9.958529949188232 -401
9.973872661590576 -387
9.981734037399292 -377
9.988375425338745 -371
9.9966402053833 -363
