00
0.013606071472167969 0
0.019636154174804688 0
0.027716875076293945 1
0.037398338317871094 3
0.04486680030822754 5
0.05076408386230469 7
0.05977344512939453 10
0.06666779518127441 13
0.07362890243530273 17
0.0823814868927002 21
0.08876371383666992 25
0.09552335739135742 29
0.10485339164733887 35
0.11080074310302734 40
0.1177973747253418 45
0.12619376182556152 51
0.13543343544006348 57
0.14222216606140137 63
0.14830279350280762 67
0.15605878829956055 74
0.16555428504943848 82
0.1768479347229004 91
0.183943510055542 99
0.19337177276611328 105
0.19948172569274902 109
0.20634770393371582 119
0.21550774574279785 124
0.22227048873901367 131
0.23080706596374512 140
0.2374880313873291 145
0.2449498176574707 151
0.25229525566101074 158
0.25835323333740234 165
0.2673659324645996 173
0.27425098419189453 178
0.2803325653076172 185
0.29026222229003906 193
0.2972297668457031 199
0.30411601066589355 206
0.3133583068847656 213
0.3194427490234375 219
0.3261692523956299 227
0.33394622802734375 234
0.3438293933868408 243
0.3498716354370117 249
0.35681915283203125 255
0.3637974262237549 263
0.36983442306518555 268
0.37766146659851074 275
0.3850703239440918 281
0.39100146293640137 289
0.39787793159484863 294
0.40515851974487305 299
0.41155123710632324 306
0.41801881790161133 311
0.4257657527923584 316
0.4329869747161865 319
0.43909144401550293 323
0.44582033157348633 327
0.45299649238586426 330
0.45908427238464355 333
0.4660179615020752 336
0.4739103317260742 339
0.48005008697509766 340
0.4870905876159668 341
0.49408388137817383 343
0.5001296997070312 344
0.5072817802429199 345
0.5142428874969482 348
0.5203399658203125 349
0.5286927223205566 351
0.535559892654419 351
0.542334794998169 352
0.5487685203552246 353
0.5555737018585205 354
0.5622942447662354 355
0.5687196254730225 355
0.5801701545715332 355
0.5873363018035889 355
0.5943825244903564 356
0.6007540225982666 357
0.6076755523681641 357
0.6148662567138672 357
0.6208183765411377 358
0.6288068294525146 358
0.6357338428497314 359
0.6430716514587402 359
0.6491413116455078 359
0.6558599472045898 358
0.6630115509033203 359
0.6690821647644043 359
0.6767981052398682 359
0.6837823390960693 360
0.6898562908172607 360
0.6967663764953613 360
0.7038857936859131 361
0.7099449634552002 360
0.7167928218841553 360
0.7236833572387695 360
0.7307581901550293 360
0.737328052520752 361
0.7442755699157715 361
0.7503533363342285 361
0.7572534084320068 361
0.7643563747406006 361
0.7706525325775146 361
0.7783310413360596 361
0.7855269908905029 362
0.7922849655151367 362
0.7987005710601807 361
0.8055460453033447 361
0.812222957611084 361
0.8182473182678223 361
0.8255405426025391 362
0.8334720134735107 362
0.839597225189209 361
0.8462345600128174 361
0.8533999919891357 361
0.8594470024108887 361
0.8661727905273438 362
0.873309850692749 362
0.8800737857818604 361
0.8872232437133789 361
0.8942716121673584 361
0.9003443717956543 361
0.9072446823120117 362
0.914196252822876 362
0.92024827003479 362
0.9272201061248779 362
0.9354376792907715 362
0.9421312808990479 362
0.9483661651611328 361
0.9554810523986816 361
0.9622602462768555 362
0.9683346748352051 362
0.9796781539916992 361
0.987816572189331 361
0.9950990676879883 360
1.0010614395141602 360
1.0081443786621094 361
1.0153074264526367 361
1.022038221359253 361
1.0282318592071533 361
1.0360639095306396 361
1.0432546138763428 361
1.0492887496948242 361
1.0559184551239014 362
1.0632987022399902 362
1.0694537162780762 362
1.0761234760284424 361
1.0840778350830078 361
1.0901474952697754 361
1.0970728397369385 361
1.1040520668029785 362
1.1100802421569824 362
1.1170201301574707 362
1.1251227855682373 362
1.1310667991638184 361
1.139141321182251 361
1.14579439163208 361
1.1530392169952393 361
1.159083604812622 362
1.1657733917236328 362
1.1729068756103516 362
1.1788315773010254 362
1.1868257522583008 361
1.193819284439087 361
1.1998424530029297 361
1.2067186832427979 362
1.2136542797088623 362
1.2196645736694336 362
1.2268424034118652 361
1.2337791919708252 361
1.2407619953155518 361
1.247549295425415 361
1.2548189163208008 362
1.2607901096343994 362
1.2674415111541748 362
1.2743163108825684 361
1.2806556224822998 361
1.2887790203094482 361
1.295548677444458 361
1.3022513389587402 362
1.308797836303711 362
1.3156132698059082 362
1.322307825088501 362
1.3283119201660156 362
1.3354036808013916 361
1.3433148860931396 361
1.349414587020874 361
1.3560879230499268 362
1.3634271621704102 362
1.3695042133331299 361
1.3799571990966797 361
1.3878185749053955 362
1.3951950073242188 362
1.4015429019927979 362
1.4081480503082275 362
1.4153709411621094 362
1.4220614433288574 362
1.4282984733581543 361
1.435455560684204 361
1.4434409141540527 362
1.4495844841003418 362
1.4562249183654785 362
1.4634373188018799 361
1.4695403575897217 361
1.4761545658111572 361
1.483438491821289 361
1.4902982711791992 362
1.497269868850708 362
1.5041382312774658 362
1.5102052688598633 361
1.517122745513916 361
1.5240702629089355 361
1.530123233795166 361
1.537090539932251 362
1.545314073562622 362
1.5520098209381104 362
1.5580739974975586 361
1.5651965141296387 361
1.5715596675872803 361
1.5780224800109863 361
1.585052251815796 361
1.5929856300354004 362
1.5990214347839355 362
1.6057915687561035 361
1.6129460334777832 361
1.619025707244873 361
1.6256859302520752 361
1.6329231262207031 362
1.6388821601867676 362
1.6467323303222656 362
1.653676986694336 361
1.659749984741211 361
1.6667943000793457 361
1.6739065647125244 361
1.6799242496490479 361
1.6867733001708984 362
1.6947546005249023 362
1.7006666660308838 361
1.707334280014038 361
1.7142362594604492 361
1.7207424640655518 361
1.7279314994812012 362
1.7350540161132812 362
1.7409694194793701 362
1.748788595199585 362
1.755504846572876 361
1.7622623443603516 361
1.7683405876159668 361
1.7796566486358643 362
1.7868876457214355 362
1.7951273918151855 362
1.8010761737823486 362
1.8081138134002686 362
1.8152246475219727 361
1.8216171264648438 361
1.8280017375946045 361
1.8350157737731934 362
1.8410210609436035 362
1.8492143154144287 361
1.8558592796325684 361
1.863168716430664 361
1.869213581085205 361
1.8758456707000732 361
1.8829967975616455 362
1.889075756072998 362
1.8967459201812744 362
1.9038679599761963 361
1.909926176071167 361
1.9168195724487305 361
1.9237699508666992 361
1.9298121929168701 362
1.9369099140167236 362
1.9438655376434326 362
1.9509868621826172 361
1.9577932357788086 361
1.965019702911377 361
1.9709596633911133 361
1.9776763916015625 362
1.9848620891571045 362
1.990800380706787 362
1.9993491172790527 361
2.0060997009277344 361
2.0132968425750732 361
2.0193350315093994 361
2.0261693000793457 362
2.0333659648895264 362
2.0394341945648193 362
2.046050548553467 361
2.0540151596069336 361
2.0600762367248535 361
2.067216157913208 361
2.074129819869995 362
2.0801949501037598 362
2.0873022079467773 362
2.0942091941833496 361
2.102064609527588 361
2.1081440448760986 361
2.115222692489624 361
2.1215603351593018 362
2.1291463375091553 362
2.1357998847961426 362
2.1430585384368896 362
2.14912486076355 361
2.1568076610565186 361
2.1637449264526367 361
2.1697986125946045 362
2.1815288066864014 362
2.1881775856018066 361
2.195573329925537 361
2.203744649887085 360
2.209811210632324 361
2.216715097427368 361
2.2236902713775635 361
2.229755401611328 361
2.236647367477417 361
2.24359393119812 361
2.249613046646118 362
2.2572021484375 362
2.264285087585449 362
2.2703592777252197 361
2.2772722244262695 361
2.284221887588501 361
2.290238857269287 361
2.297177314758301 361
2.3050734996795654 362
2.311077117919922 362
2.3178253173828125 362
2.3251094818115234 362
2.331590414047241 362
2.3380494117736816 361
2.3451030254364014 361
2.3510663509368896 361
2.3588409423828125 361
2.365631341934204 362
2.3723671436309814 362
2.3787014484405518 362
2.385650157928467 361
2.3923847675323486 361
2.3987534046173096 361
2.406266212463379 361
2.4134654998779297 361
2.4195218086242676 362
2.426204204559326 362
2.4333717823028564 361
2.439441204071045 361
2.4461817741394043 361
2.453491449356079 361
2.4603750705718994 362
2.4672813415527344 362
2.4742066860198975 362
2.4802587032318115 361
2.4872348308563232 361
2.4941115379333496 361
2.5001444816589355 361
2.508237361907959 362
2.5154261589050293 362
2.528113603591919 361
2.53521728515625 361
2.5415656566619873 361
2.547980308532715 361
2.555018901824951 361
2.5631346702575684 361
2.569171905517578 361
2.5758237838745117 361
2.5875141620635986 361
2.595001220703125 361
2.6009886264801025 362
2.6091854572296143 362
2.615863084793091 361
2.623342752456665 361
2.6294479370117188 361
2.6361186504364014 361
2.6433095932006836 362
2.6494154930114746 362
2.6560490131378174 361
2.6640279293060303 361
2.6700496673583984 361
2.6769022941589355 361
2.6840240955352783 362
2.6900694370269775 362
2.69701886177063 361
2.703942060470581 361
2.7109405994415283 361
2.7178726196289062 361
2.7250185012817383 362
2.7309622764587402 362
2.7376577854156494 361
2.7450807094573975 361
2.7510690689086914 361
2.7578370571136475 361
2.765712261199951 362
2.7728984355926514 362
2.7788782119750977 362
2.785676956176758 361
2.7926340103149414 361
2.7987582683563232 361
2.805724859237671 361
2.81374192237854 362
2.819857120513916 362
2.826746702194214 362
2.833682060241699 361
2.839724063873291 361
2.8468117713928223 361
2.8537485599517822 361
2.8597614765167236 362
2.8677315711975098 362
2.87491774559021 362
2.880833387374878 361
2.8874881267547607 361
2.894779920578003 361
2.9007256031036377 361
2.907423973083496 361
2.915466785430908 362
2.9222195148468018 362
2.928750514984131 362
2.935546398162842 362
2.942288875579834 361
2.9483518600463867 361
2.9554452896118164 361
2.9633095264434814 361
2.969444513320923 362
2.9762632846832275 362
2.987809181213379 361
2.9951586723327637 361
3.001150131225586 360
3.0081071853637695 360
3.015986680984497 361
3.023247003555298 361
3.029339551925659 361
3.036029100418091 361
3.0432965755462646 361
3.049356698989868 361
3.05600643157959 362
3.0631654262542725 362
3.070132255554199 361
3.0770537853240967 361
3.084083080291748 361
3.0900847911834717 361
3.096961259841919 361
3.104043483734131 361
3.1100971698760986 362
3.1181392669677734 362
3.125920295715332 362
3.1330976486206055 362
3.139166831970215 361
3.145845413208008 361
3.1529669761657715 361
3.158895969390869 361
3.166836738586426 362
3.1738553047180176 362
3.179901123046875 362
3.186802625656128 361
3.1937239170074463 361
3.199761390686035 361
3.2063820362091064 361
3.2135417461395264 362
3.2206907272338867 362
3.227504014968872 362
3.2349703311920166 361
3.2409234046936035 361
3.247541666030884 361
3.254761219024658 361
3.260704517364502 361
3.2682392597198486 362
3.2754087448120117 362
3.282114267349243 362
3.288313150405884 362
3.295447826385498 362
3.302189826965332 361
3.308241128921509 361
3.315329074859619 361
3.3232855796813965 362
3.3294124603271484 362
3.3360636234283447 362
3.3433995246887207 361
3.3494701385498047 361
3.3560943603515625 361
3.3634254932403564 361
3.3702552318573 362
3.3772168159484863 362
3.3880393505096436 361
3.395310401916504 361
3.4020164012908936 361
3.408729076385498 360
3.4156577587127686 361
3.423656940460205 361
3.4296860694885254 361
3.4363534450531006 361
3.443519115447998 361
3.449592351913452 361
3.45622181892395 361
3.463547468185425 361
3.4696102142333984 361
3.477325677871704 361
3.484224796295166 361
3.4902634620666504 362
3.4973435401916504 362
3.50427508354187 362
3.5102970600128174 361
3.517247200012207 361
3.525484800338745 361
3.532219409942627 361
3.538254737854004 362
3.545560598373413 362
3.5522990226745605 362
3.5583791732788086 362
3.565479040145874 362
3.573333978652954 361
3.57947039604187 361
3.586282730102539 361
3.5934619903564453 361
3.599545955657959 362
3.606178045272827 362
3.6133158206939697 361
3.6194169521331787 361
3.62725830078125 361
3.634122848510742 361
3.640200138092041 362
3.6472795009613037 362
3.65421462059021 361
3.660273790359497 361
3.667205572128296 361
3.675225257873535 361
3.6816022396087646 362
3.6880297660827637 362
3.695056676864624 362
3.7009875774383545 361
3.7079687118530273 361
3.7150368690490723 361
3.7209556102752686 361
3.728745698928833 362
3.735565423965454 362
3.7423386573791504 362
3.7486112117767334 361
3.7557032108306885 361
3.7629952430725098 361
3.7690727710723877 361
3.776780843734741 362
3.7863197326660156 362
3.7951624393463135 362
3.801560401916504 361
3.8081655502319336 361
3.81540846824646 361
3.822082042694092 361
3.8295905590057373 361
3.8362114429473877 362
3.8434224128723145 362
3.849515199661255 362
3.8561534881591797 361
3.863361358642578 361
3.8694355487823486 361
3.8760786056518555 361
3.884199857711792 362
3.8902976512908936 362
3.8972055912017822 362
3.9041006565093994 361
3.9101619720458984 361
3.917074680328369 361
3.9240665435791016 361
3.931511640548706 362
3.937974691390991 362
3.945204257965088 362
3.9515438079833984 361
3.957982063293457 361
3.9650349617004395 361
3.970942258834839 361
3.977663278579712 362
3.985647439956665 362
3.992382287979126 362
3.9987778663635254 361
4.005681753158569 361
4.012665033340454 361
4.019039154052734 361
4.025694131851196 362
4.033642768859863 362
4.039696931838989 362
4.046346426010132 361
4.053518056869507 361
4.0596020221710205 361
4.066619396209717 361
4.073586463928223 362
4.079638242721558 362
4.0873119831085205 362
4.0942161083221436 361
4.1003098487854 361
4.107262849807739 361
4.1141510009765625 361
4.120240211486816 361
4.128190279006958 362
4.135956287384033 362
4.143292427062988 361
4.14936375617981 361
4.156017780303955 361
4.163187265396118 361
4.169244050979614 361
4.175877094268799 362
4.1874308586120605 361
4.1948888301849365 361
4.2008373737335205 361
4.20771861076355 361
4.214969635009766 361
4.22223162651062 362
4.228280544281006 362
4.236086368560791 362
4.243469953536987 361
4.249538421630859 361
4.25617790222168 361
4.263326168060303 361
4.269394159317017 361
4.276227235794067 362
4.284174680709839 362
4.2902512550354 361
4.2972071170806885 361
4.304266452789307 361
4.310323715209961 361
4.317206859588623 362
4.324132919311523 362
4.330214500427246 362
4.338129997253418 362
4.345244407653809 361
4.351582765579224 361
4.35805869102478 361
4.365291595458984 361
4.371627569198608 362
4.378054141998291 362
4.385820388793945 361
4.393167018890381 361
4.399282693862915 361
4.406037092208862 361
4.413146257400513 361
4.419182777404785 361
4.426004886627197 362
4.433168411254883 362
4.440067291259766 362
4.446926116943359 361
4.453881025314331 361
4.459925174713135 361
4.46677041053772 361
4.473682641983032 362
4.479743480682373 362
4.4877824783325195 361
4.494913578033447 361
4.500868082046509 361
4.507504940032959 361
4.514715909957886 361
4.520679473876953 362
4.529134035110474 362
4.536008834838867 362
4.544271945953369 361
4.550340414047241 361
4.557254314422607 361
4.564127206802368 361
4.570189476013184 361
4.577103614807129 361
4.584029197692871 362
4.595669746398926 362
4.6026318073272705 362
4.609152793884277 362
4.615931272506714 361
4.6230878829956055 361
4.629132270812988 361
4.635795831680298 361
4.643683195114136 362
4.649783372879028 362
4.656669616699219 361
4.663839340209961 361
4.6698899269104 361
4.676718473434448 361
4.68361234664917 361
4.69036865234375 362
4.697312831878662 362
4.704239845275879 362
4.710292100906372 361
4.7172393798828125 361
4.724273443222046 361
4.730322599411011 361
4.737228155136108 361
4.745287895202637 362
4.752014636993408 362
4.758135080337524 362
4.76520562171936 361
4.771143913269043 361
4.777905225753784 361
4.785219192504883 361
4.793212652206421 362
4.7993457317352295 362
4.806006908416748 361
4.813164234161377 361
4.819276571273804 361
4.825929403305054 361
4.833062171936035 361
4.839080333709717 361
4.846776247024536 362
4.853702068328857 362
4.859736204147339 361
4.86664342880249 361
4.873638153076172 361
4.8796772956848145 361
4.886341571807861 361
4.8942577838897705 362
4.900341033935547 362
4.907454013824463 361
4.914317607879639 361
4.92036509513855 361
4.927369594573975 361
4.934225559234619 362
4.940309524536133 362
4.948211431503296 362
4.955366134643555 361
4.9620771408081055 361
4.968295335769653 361
4.975423574447632 361
4.982075929641724 362
4.998228311538696 362
5.005529165267944 362
5.012247800827026 361
5.018793344497681 361
5.025720119476318 361
5.032860994338989 361
5.0387938022613525 361
5.04555606842041 362
5.0537519454956055 362
5.059838533401489 362
5.066730499267578 361
5.073637962341309 361
5.096248626708984 363
5.104229211807251 364
5.110303640365601 364
5.1172590255737305 364
5.125293731689453 364
5.132079124450684 363
5.138171434402466 363
5.145456790924072 363
5.153438091278076 363
5.15954327583313 363
5.166186094284058 363
5.173376083374023 362
5.179460525512695 362
5.186329364776611 362
5.193500757217407 363
5.199629783630371 363
5.207443714141846 363
5.214348793029785 363
5.220632553100586 362
5.227293491363525 362
5.23425030708313 362
5.240267992019653 363
5.2471818923950195 363
5.255085468292236 363
5.261066913604736 363
5.26799750328064 362
5.275057792663574 362
5.281013488769531 362
5.287719964981079 362
5.294846296310425 362
5.300740480422974 363
5.30818247795105 363
5.315452575683594 363
5.322210073471069 363
5.328710079193115 362
5.335537433624268 362
5.342267036437988 363
5.348320007324219 363
5.356123685836792 363
5.363302946090698 363
5.369373321533203 362
5.376018047332764 362
5.383363962173462 362
5.39393162727356 362
5.399963855743408 362
5.408032417297363 362
5.415238857269287 362
5.422002792358398 362
5.428053617477417 362
5.43508243560791 362
5.441064834594727 362
5.448050498962402 361
5.455894470214844 361
5.46314549446106 362
5.469248533248901 362
5.475847959518433 361
5.4829933643341064 361
5.489075422286987 361
5.495702028274536 361
5.5026795864105225 362
5.509892702102661 362
5.516798973083496 362
5.5237157344818115 361
5.529788494110107 361
5.53667950630188 361
5.543594837188721 361
5.549644470214844 361
5.55741810798645 362
5.5647971630096436 361
5.570762395858765 361
5.5775465965271 361
5.584769010543823 361
5.59069561958313 361
5.5973076820373535 361
5.604251861572266 362
5.6121344566345215 362
5.618175029754639 361
5.625422716140747 361
5.632085084915161 361
5.6381309032440186 361
5.645145893096924 362
5.651138544082642 362
5.659164905548096 361
5.6658148765563965 361
5.67292046546936 361
5.678848028182983 361
5.685791969299316 361
5.69288444519043 362
5.6988365650177 362
5.705847501754761 362
5.713732957839966 361
5.7197535037994385 361
5.726618051528931 361
5.7335710525512695 361
5.7396275997161865 361
5.746766090393066 362
5.753689527511597 362
5.760700941085815 361
5.767327547073364 361
5.774232625961304 361
5.780248641967773 361
5.787189722061157 361
5.797841310501099 362
5.805215835571289 362
5.813302993774414 362
5.819365978240967 361
5.826051712036133 361
5.833437442779541 361
5.839484214782715 361
5.846133708953857 362
5.853296518325806 362
5.859422445297241 362
5.867269992828369 361
5.874176502227783 361
5.880223989486694 361
5.887177467346191 361
5.894087553024292 361
5.900140762329102 362
5.907058954238892 362
5.91510534286499 361
5.921100616455078 361
5.928062677383423 361
5.935065031051636 361
5.940980911254883 362
5.9477293491363525 362
5.954883575439453 362
5.960811614990234 361
5.968871593475342 361
5.9756269454956055 361
5.98236346244812 361
5.9888551235198975 361
5.995690107345581 362
6.002614974975586 362
6.008732557296753 361
6.016292095184326 361
6.02348518371582 361
6.02950644493103 361
6.0361387729644775 362
6.043497323989868 362
6.0495805740356445 362
6.056213140487671 361
6.0634050369262695 361
6.07026481628418 361
6.077223777770996 361
6.084103584289551 362
6.090185165405273 362
6.097266912460327 362
6.104372501373291 362
6.110653400421143 362
6.118285179138184 361
6.126056909561157 361
6.133278846740723 361
6.139335870742798 362
6.145983457565308 362
6.15313720703125 362
6.15920877456665 362
6.167073011398315 361
6.174084901809692 361
6.180105209350586 361
6.187024354934692 362
6.198156356811523 361
6.205439567565918 361
6.212154388427734 361
6.219632148742676 361
6.22675347328186 361
6.23371434211731 361
6.239745855331421 361
6.246654510498047 361
6.253596782684326 361
6.259612083435059 361
6.266785621643066 362
6.274890184402466 362
6.280889272689819 362
6.2877280712127686 361
6.294910430908203 361
6.30087947845459 361
6.3075172901153564 361
6.31476902961731 361
6.322243690490723 362
6.32827091217041 362
6.335376977920532 361
6.342096567153931 361
6.348280191421509 361
6.355533599853516 361
6.362221717834473 361
6.369465351104736 362
6.37615704536438 361
6.383315086364746 361
6.389395475387573 361
6.396025896072388 361
6.403355121612549 361
6.409408807754517 361
6.416037321090698 362
6.424072027206421 361
6.430123805999756 361
6.437039613723755 361
6.443965196609497 361
6.449969053268433 361
6.456836223602295 361
6.463980436325073 362
6.471027612686157 362
6.4778523445129395 362
6.485162734985352 361
6.491538047790527 361
6.498051881790161 361
6.505066394805908 361
6.510992527008057 361
6.517731666564941 361
6.525827884674072 362
6.5329811573028564 362
6.539017677307129 362
6.545690298080444 361
6.552635192871094 361
6.558761358261108 361
6.565533876419067 361
6.57339334487915 361
6.579508304595947 362
6.5863330364227295 362
6.597298622131348 361
6.60437798500061 361
6.610696792602539 361
6.617540597915649 361
6.625746965408325 361
6.632849454879761 362
6.63886570930481 362
6.645797491073608 362
6.652909517288208 361
6.658861875534058 361
6.665646553039551 361
6.672365665435791 361
6.67961049079895 361
6.6862640380859375 362
6.693462133407593 362
6.699557065963745 361
6.706625938415527 361
6.713601589202881 361
6.7196478843688965 361
6.727219104766846 362
6.735206604003906 362
6.741568088531494 362
6.748169422149658 361
6.75527548789978 361
6.761604309082031 361
6.768170595169067 361
6.775982618331909 362
6.783251762390137 362
6.78938364982605 362
6.796027183532715 361
6.803174734115601 361
6.80920672416687 361
6.815863370895386 361
6.823204755783081 361
6.8300511837005615 362
6.83691143989563 362
6.843836307525635 361
6.849902629852295 361
6.856761932373047 361
6.863702297210693 361
6.869751691818237 362
6.8776891231536865 362
6.885021686553955 362
6.8909502029418945 361
6.897679090499878 361
6.904914140701294 361
6.910849571228027 361
6.917480707168579 361
6.9243834018707275 362
6.932312726974487 362
6.9387047290802 362
6.945644855499268 362
6.952357053756714 361
6.9587242603302 361
6.965524911880493 361
6.972293138504028 361
6.979535818099976 362
6.986220359802246 362
6.9969871044158936 362
7.004210948944092 362
7.010285377502441 361
7.017301797866821 361
7.024351358413696 361
7.032212734222412 362
7.038276433944702 362
7.045381546020508 362
7.0521087646484375 361
7.058208703994751 361
7.065457105636597 361
7.072179079055786 361
7.078232526779175 362
7.086120843887329 362
7.094930648803711 362
7.100876331329346 361
7.107535362243652 361
7.114837646484375 361
7.120774745941162 361
7.128751754760742 361
7.136362075805664 362
7.1436169147491455 362
7.149655103683472 362
7.156310319900513 361
7.1634681224823 361
7.169502019882202 361
7.17614483833313 361
7.184107065200806 361
7.190213918685913 362
7.197206258773804 362
7.204139232635498 361
7.210187673568726 361
7.217086553573608 361
7.224008321762085 361
7.230052947998047 362
7.237929821014404 362
7.245242595672607 362
7.251586675643921 361
7.258090972900391 361
7.265333414077759 361
7.272047996520996 361
7.278059720993042 362
7.285888195037842 362
7.293092250823975 362
7.299138069152832 361
7.3059234619140625 361
7.313056707382202 361
7.319091558456421 361
7.3257246017456055 362
7.3328492641448975 362
7.339747667312622 361
7.346653938293457 361
7.353618144989014 361
7.359639644622803 361
7.366632461547852 361
7.3735339641571045 361
7.37954044342041 362
7.387279033660889 362
7.397972106933594 361
7.405242204666138 361
7.411615371704102 361
7.4182047843933105 361
7.425599575042725 361
7.432311296463013 361
7.439621210098267 361
7.446338653564453 362
7.4534711837768555 362
7.459500312805176 361
7.466151237487793 361
7.473309516906738 361
7.479343414306641 361
7.486119985580444 362
7.494075536727905 362
7.50011944770813 362
7.507054567337036 362
7.514115810394287 361
7.520161867141724 361
7.527262210845947 361
7.534188747406006 361
7.542078495025635 362
7.548325300216675 362
7.555437326431274 362
7.562204599380493 361
7.568243741989136 361
7.575323104858398 361
7.582000494003296 361
7.588064670562744 362
7.595950365066528 362
7.603267431259155 362
7.60935640335083 361
7.6160266399383545 361
7.62319016456604 361
7.629203796386719 361
7.63580584526062 362
7.643749237060547 362
7.649799823760986 362
7.656883955001831 361
7.669705152511597 361
7.676663875579834 362
7.68363356590271 362
7.689659118652344 362
7.697305917739868 362
7.704219818115234 362
7.710273742675781 362
7.720340728759766 362
7.727545738220215 362
7.734995365142822 362
7.7409303188323975 362
7.749095916748047 362
7.755723714828491 362
7.762676000595093 362
7.768815040588379 362
7.77560830116272 362
7.782328844070435 362
7.789024353027344 361
7.7994701862335205 362
7.807329416275024 362
7.814379930496216 362
7.8206493854522705 362
7.827452898025513 361
7.834373474121094 361
7.840632200241089 361
7.848698377609253 361
7.855502367019653 362
7.862324237823486 362
7.868368625640869 361
7.875495433807373 361
7.882223606109619 361
7.888240575790405 361
7.896129846572876 361
7.903442859649658 361
7.909481525421143 362
7.916306972503662 362
7.923543214797974 362
7.929600477218628 361
7.936227798461914 361
7.943466424942017 361
7.9503161907196045 361
7.957246541976929 361
7.964272499084473 362
7.970338821411133 362
7.977245092391968 361
7.984168529510498 361
7.9902215003967285 361
7.998214483261108 361
8.005282163619995 362
8.012038946151733 362
8.018129825592041 362
8.025386810302734 361
8.032073497772217 361
8.03814435005188 361
8.045413494110107 361
8.053381204605103 362
8.059459209442139 362
8.066126346588135 362
8.073326826095581 361
8.079451084136963 361
8.086262941360474 361
8.093463659286499 361
8.100314378738403 362
8.107449293136597 362
8.114343881607056 362
8.120670557022095 361
8.12820553779602 361
8.135324478149414 361
8.1420316696167 361
8.149416446685791 361
8.156054735183716 362
8.163268566131592 362
8.169348239898682 362
8.176173686981201 361
8.183319807052612 361
8.189399242401123 361
8.196053266525269 361
8.207863092422485 362
8.215100765228271 362
8.221070766448975 361
8.228102445602417 361
8.235332727432251 361
8.242003679275513 361
8.248060703277588 362
8.255931854248047 362
8.263216257095337 362
8.269275903701782 361
8.276046991348267 361
8.283304214477539 361
8.289437532424927 361
8.296058654785156 361
8.304161071777344 362
8.31024956703186 362
8.317237377166748 362
8.324266910552979 361
8.330296516418457 361
8.337230920791626 361
8.344143152236938 361
8.35020637512207 362
8.358147382736206 362
8.365272998809814 362
8.372018575668335 361
8.37809157371521 361
8.385340929031372 361
8.392052173614502 361
8.398113250732422 362
8.405892610549927 362
8.413106679916382 362
8.419162034988403 361
8.425814867019653 361
8.433095455169678 361
8.439148426055908 361
8.44590425491333 362
8.45379638671875 362
8.459915161132812 361
8.466855764389038 361
8.47379469871521 361
8.479785442352295 361
8.486650466918945 361
8.493610620498657 361
8.499645948410034 362
8.507699728012085 362
8.514834642410278 362
8.520769119262695 361
8.52746844291687 361
8.534367561340332 361
8.540653705596924 361
8.547304630279541 361
8.5542151927948 362
8.562092542648315 362
8.568381071090698 362
8.57547903060913 362
8.582204103469849 361
8.588261127471924 361
8.595372915267944 361
8.606838941574097 362
8.614003419876099 362
8.620067358016968 362
8.627227783203125 361
8.634122371673584 361
8.640186309814453 361
8.647108316421509 361
8.654000759124756 362
8.661105155944824 362
8.667920351028442 362
8.67500114440918 361
8.680956602096558 361
8.687911987304688 361
8.695138454437256 361
8.701128244400024 362
8.709066390991211 362
8.715746402740479 362
8.722872495651245 361
8.728834867477417 361
8.73564863204956 361
8.742346286773682 361
8.748840570449829 361
8.755597352981567 362
8.76362133026123 362
8.769662857055664 362
8.776324987411499 362
8.783475399017334 361
8.789531469345093 361
8.796206712722778 361
8.803481817245483 361
8.810310363769531 362
8.817249298095703 362
8.824337005615234 362
8.830641508102417 362
8.837262153625488 361
8.844204902648926 361
8.850271463394165 361
8.857215881347656 361
8.865346193313599 362
8.87216567993164 362
8.878225326538086 362
8.885337352752686 361
8.892074823379517 361
8.898152589797974 361
8.905225992202759 361
8.913204431533813 362
8.919291973114014 362
8.926126956939697 362
8.933281660079956 361
8.939365148544312 361
8.946046590805054 361
8.953397035598755 361
8.959452629089355 362
8.967183113098145 362
8.97413420677185 362
8.980214834213257 361
8.987292289733887 361
8.994257688522339 361
9.000289678573608 361
9.01311445236206 362
9.019187927246094 362
9.025964260101318 361
9.033269882202148 361
9.039329290390015 361
9.046139240264893 361
9.053281784057617 361
9.059386491775513 362
9.067089557647705 362
9.074002504348755 361
9.08005690574646 361
9.087175369262695 361
9.094129800796509 361
9.100184440612793 361
9.107286214828491 362
9.115391969680786 362
9.122117042541504 361
9.129353523254395 361
9.136028289794922 361
9.143168687820435 361
9.149217367172241 362
9.15606141090393 362
9.163483619689941 362
9.170332431793213 362
9.177244424819946 362
9.18414044380188 361
9.190204858779907 361
9.197118282318115 361
9.204005241394043 361
9.210030317306519 362
9.218136072158813 362
9.225346565246582 362
9.232047319412231 361
9.238059043884277 361
9.245563507080078 361
9.252273321151733 361
9.258307695388794 361
9.265405893325806 362
9.273419380187988 362
9.279493570327759 362
9.286320447921753 361
9.29351282119751 361
9.299590587615967 361
9.306215047836304 361
9.313347339630127 361
9.320173740386963 362
9.327112913131714 362
9.334094524383545 362
9.340161085128784 361
9.347276449203491 361
9.354175090789795 361
9.360211849212646 361
9.368101596832275 361
9.375298023223877 362
9.382007837295532 361
9.38805866241455 361
9.395098447799683 361
9.401042699813843 361
9.412342309951782 362
9.419715404510498 362
9.4268159866333 362
9.433910608291626 361
9.439939737319946 361
9.446770906448364 361
9.453711032867432 361
9.45974087715149 361
9.466796398162842 362
9.475038290023804 361
9.481045484542847 361
9.487803220748901 361
9.494859457015991 361
9.500786304473877 361
9.507389068603516 361
9.514270782470703 362
9.522146224975586 362
9.528348922729492 362
9.535509824752808 361
9.542337417602539 361
9.548377990722656 361
9.555475950241089 361
9.562165021896362 361
9.56822657585144 362
9.576173305511475 362
9.58345365524292 362
9.589495658874512 361
9.596153020858765 361
9.60346245765686 361
9.6095130443573 361
9.616142511367798 361
9.6240713596344 362
9.630126714706421 362
9.637046813964844 361
9.64412260055542 361
9.65021014213562 361
9.65714716911316 361
9.664090633392334 362
9.673546075820923 362
9.679635524749756 362
9.686301231384277 361
9.693471670150757 361
9.699519634246826 361
9.706306219100952 361
9.713471174240112 361
9.719541549682617 362
9.72725772857666 362
9.734292984008789 361
9.740610599517822 361
9.747260093688965 361
9.754147291183472 361
9.760220766067505 361
9.767273187637329 361
9.775371313095093 362
9.782085418701172 361
9.788145303726196 361
9.795210838317871 361
9.801145792007446 361
9.813211441040039 361
9.819288969039917 362
9.827266693115234 362
9.834343433380127 361
9.840692520141602 361
9.847295999526978 361
9.85417914390564 361
9.860199689865112 361
9.867282390594482 362
9.874226331710815 362
9.882099628448486 361
9.888320684432983 361
9.895410537719727 361
9.90208387374878 361
9.908082723617554 362
9.915163278579712 362
9.921141862869263 362
9.929184913635254 361
9.935836791992188 361
9.943068265914917 361
9.949088335037231 361
9.955708742141724 361
9.962674379348755 362
9.968817234039307 362
9.975584745407104 362
9.98719573020935 361
9.994370460510254 361
