00
0.009673118591308594 0
0.016972064971923828 0
0.02289557456970215 1
0.02948904037475586 2
0.03615427017211914 3
0.04208850860595703 5
0.04971194267272949 7
0.05669832229614258 10
0.06257033348083496 13
0.06911134719848633 15
0.07606315612792969 19
0.08204102516174316 23
0.08887410163879395 27
0.09677886962890625 32
0.10262870788574219 37
0.10921621322631836 41
0.11602950096130371 46
0.12201142311096191 50
0.12901973724365234 55
0.13603901863098145 61
0.14201664924621582 66
0.14983177185058594 72
0.15677714347839355 77
0.16266989707946777 84
0.16923308372497559 89
0.17604589462280273 94
0.18204522132873535 99
0.1888868808746338 105
0.1970653533935547 111
0.20764708518981934 122
0.21480107307434082 127
0.22077488899230957 133
0.22756576538085938 140
0.234421968460083 145
0.2401890754699707 151
0.24807047843933105 158
0.255385160446167 165
0.2613363265991211 169
0.2679719924926758 177
0.2751333713531494 182
0.2811472415924072 187
0.28776073455810547 195
0.29486799240112305 201
0.30166101455688477 208
0.30848264694213867 214
0.3154740333557129 221
0.3214890956878662 227
0.3280761241912842 233
0.3351457118988037 238
0.34115004539489746 244
0.3585817813873291 261
0.3654651641845703 271
0.37526583671569824 277
0.38182520866394043 284
0.3901360034942627 291
0.39868807792663574 299
0.4080338478088379 305
0.41605138778686523 310
0.4220588207244873 314
0.42899489402770996 318
0.4360771179199219 323
0.4420909881591797 326
0.4489419460296631 329
0.45690298080444336 332
0.46280765533447266 335
0.4694955348968506 336
0.4761927127838135 338
0.48704004287719727 341
0.4960951805114746 343
0.5049514770507812 345
0.514901876449585 347
0.5209105014801025 348
0.5275170803070068 349
0.5356805324554443 350
0.542926549911499 351
0.5538816452026367 352
0.5600521564483643 353
0.5672054290771484 353
0.5752873420715332 353
0.58127760887146 354
0.5878767967224121 355
0.5949699878692627 355
0.605849027633667 356
0.6120350360870361 357
0.6191768646240234 357
0.6261498928070068 357
0.6320805549621582 357
0.6389331817626953 357
0.6486520767211914 358
0.6565284729003906 358
0.6621639728546143 358
0.6690316200256348 359
0.6760761737823486 359
0.6820709705352783 359
0.6889073848724365 359
0.6957674026489258 359
0.7016890048980713 359
0.7092487812042236 359
0.7160594463348389 359
0.7220654487609863 360
0.7288830280303955 360
0.7358498573303223 360
0.7417385578155518 360
0.7484827041625977 360
0.756070613861084 360
0.76200270652771 360
0.768852710723877 360
0.7758257389068604 360
0.7817635536193848 360
0.788506031036377 360
0.7954835891723633 360
0.8014323711395264 360
0.8090288639068604 360
0.8167414665222168 360
0.822516918182373 360
0.8290393352508545 360
0.8358180522918701 360
0.8417553901672363 360
0.848477840423584 360
0.8554749488830566 360
0.8624763488769531 360
0.8691411018371582 360
0.8759305477142334 360
0.881838321685791 360
0.8886077404022217 360
0.8954248428344727 360
0.9013364315032959 360
0.9090757369995117 360
0.9160525798797607 360
0.9219882488250732 360
0.9287540912628174 360
0.9355270862579346 360
0.9414465427398682 360
0.9479618072509766 360
0.9549903869628906 360
0.9617481231689453 360
0.9684927463531494 360
0.9754505157470703 360
0.9813382625579834 360
0.987879753112793 360
0.9948773384094238 360
1.0006837844848633 360
1.011826515197754 360
1.0187482833862305 360
1.025674819946289 360
1.0316121578216553 360
1.0387165546417236 360
1.045516014099121 360
1.0514731407165527 360
1.0579650402069092 360
1.065769910812378 360
1.0716660022735596 360
1.0781681537628174 360
1.0851905345916748 360
1.0910975933074951 360
1.097764253616333 360
1.1047515869140625 360
1.111407995223999 360
1.1179358959197998 360
1.125046730041504 360
1.130950927734375 360
1.1374738216400146 360
1.144038438796997 360
1.1499266624450684 360
1.1570146083831787 360
1.1649928092956543 360
1.170898199081421 360
1.1773812770843506 360
1.183950662612915 360
1.1898257732391357 360
1.196732521057129 360
1.2025146484375 360
1.2090258598327637 360
1.217198371887207 360
1.223417043685913 360
1.2297062873840332 360
1.2366759777069092 360
1.242490291595459 360
1.249018669128418 360
1.2558448314666748 360
1.261728286743164 360
1.272176742553711 360
1.2806594371795654 360
1.2872743606567383 360
1.2938237190246582 360
1.299884557723999 360
1.3067898750305176 360
1.3125982284545898 360
1.3199515342712402 360
1.3268229961395264 360
1.3326194286346436 360
1.3392894268035889 360
1.3460345268249512 360
1.351945161819458 360
1.3587043285369873 360
1.3665144443511963 360
1.3721230030059814 360
1.3789222240447998 360
1.3856847286224365 360
1.3916096687316895 360
1.3984835147857666 360
1.4092814922332764 360
1.4174058437347412 360
1.4239838123321533 360
1.4301693439483643 360
1.4372646808624268 360
1.4434258937835693 360
1.4497249126434326 360
1.456831932067871 360
1.4626359939575195 360
1.470160961151123 360
1.4771273136138916 360
1.4833405017852783 360
1.4896671772003174 360
1.4965462684631348 360
1.5021297931671143 360
1.5088815689086914 360
1.5158343315124512 360
1.5227627754211426 360
1.5292341709136963 360
1.5359914302825928 360
1.54195237159729 360
1.548884391784668 360
1.555830478668213 360
1.5617332458496094 360
1.5693471431732178 360
1.576610803604126 360
1.5821731090545654 360
1.58894944190979 360
1.5957257747650146 360
1.6016438007354736 360
1.6081633567810059 360
1.6151909828186035 360
1.6218929290771484 360
1.6286249160766602 360
1.6355698108673096 360
1.6414785385131836 360
1.6479778289794922 360
1.6550202369689941 360
1.6609508991241455 360
1.6675076484680176 360
1.675323486328125 360
1.6812574863433838 360
1.6879019737243652 360
1.6951484680175781 360
1.7010717391967773 360
1.7075796127319336 360
1.7141475677490234 360
1.7213761806488037 360
1.727931261062622 360
1.7350175380706787 360
1.7409193515777588 360
1.747467041015625 360
1.7540946006774902 360
1.7601771354675293 360
1.767134428024292 360
1.7749476432800293 360
1.780900239944458 360
1.7874250411987305 360
1.7940208911895752 360
1.7998695373535156 360
1.8099725246429443 360
1.8171756267547607 360
1.8252029418945312 360
1.8311443328857422 360
1.8377747535705566 360
1.8448176383972168 360
1.8505933284759521 360
1.8572442531585693 360
1.863452672958374 360
1.869748592376709 360
1.8776116371154785 360
1.8841795921325684 360
1.890108585357666 360
1.897062063217163 360
1.902897834777832 360
1.909470796585083 360
1.9161159992218018 360
1.9220149517059326 360
1.929741621017456 360
1.93686842918396 360
1.9426610469818115 360
1.949303150177002 360
1.9560306072235107 360
1.9619879722595215 360
1.968740463256836 360
1.9765312671661377 360
1.9821436405181885 360
1.9889137744903564 360
1.9975183010101318 360
2.0040979385375977 360
2.0100183486938477 360
2.0169014930725098 360
2.0227017402648926 360
2.0305261611938477 360
2.037198781967163 360
2.043369770050049 360
2.0496883392333984 360
2.05679988861084 360
2.0626049041748047 360
2.0690948963165283 360
2.0771703720092773 360
2.0834262371063232 360
2.0897092819213867 360
2.096691608428955 360
2.102484941482544 360
2.108980178833008 360
2.1159417629241943 360
2.1218442916870117 360
2.129605531692505 360
2.136148452758789 360
2.1420915126800537 360
2.1488471031188965 360
2.155651807785034 360
2.1615469455718994 360
2.1680526733398438 360
2.175243377685547 360
2.181969404220581 360
2.188746452331543 360
2.195517063140869 360
2.201446771621704 360
2.211878538131714 360
2.21876859664917 360
2.225781202316284 360
2.2326996326446533 360
2.239617109298706 360
2.2461659908294678 360
2.252070426940918 360
2.2588400840759277 360
2.265653610229492 360
2.271543025970459 360
2.278092861175537 360
2.2859177589416504 360
2.291834831237793 360
2.2987613677978516 360
2.305556297302246 360
2.3114585876464844 360
2.3179590702056885 360
2.325038194656372 360
2.3316941261291504 360
2.3385965824127197 360
2.3453750610351562 360
2.351316213607788 360
2.3579835891723633 360
2.36500883102417 360
2.3709001541137695 360
2.3774430751800537 360
2.385286808013916 360
2.391211986541748 360
2.3977742195129395 360
2.404888153076172 360
2.411513566970825 360
2.4181957244873047 360
2.4252214431762695 360
2.4311864376068115 360
2.4387388229370117 360
2.445547342300415 360
2.4514479637145996 360
2.4579312801361084 360
2.4652011394500732 360
2.47755765914917 360
2.4853646755218506 360
2.491264820098877 360
2.497758150100708 360
2.505017042160034 360
2.5109634399414062 360
2.517479419708252 360
2.5240211486816406 360
2.529942274093628 360
2.5377893447875977 360
2.5448999404907227 360
2.550708770751953 360
2.557345151901245 360
2.563934803009033 360
2.569815158843994 360
2.5767264366149902 360
2.5824971199035645 360
2.5899691581726074 360
2.5970304012298584 360
2.602827310562134 360
2.6141560077667236 360
2.620522975921631 360
2.6273162364959717 360
2.6338887214660645 360
2.6411545276641846 360
2.6476712226867676 360
2.654860258102417 360
2.660691738128662 360
2.6673672199249268 360
2.673941135406494 360
2.67985463142395 360
2.687570810317993 360
2.694174289703369 360
2.7000651359558105 360
2.707000494003296 360
2.7127883434295654 360
2.719686508178711 360
2.7268030643463135 360
2.7325944900512695 360
2.7401230335235596 360
2.7471344470977783 360
2.7533202171325684 360
2.7596442699432373 360
2.766613006591797 360
2.772162914276123 360
2.779052972793579 360
2.7858424186706543 360
2.792886734008789 360
2.7995195388793945 360
2.8061094284057617 360
2.812025308609009 360
2.818779468536377 360
2.825573682785034 360
2.831498622894287 360
2.839188814163208 360
2.8460135459899902 360
2.8519279956817627 360
2.858947515487671 360
2.8657450675964355 360
2.871670722961426 360
2.8781843185424805 360
2.88521671295166 360
2.8919498920440674 360
2.8989241123199463 360
2.905745029449463 360
2.9116592407226562 360
2.9181501865386963 360
2.9252305030822754 360
2.9311251640319824 360
2.937653064727783 360
2.9454402923583984 360
2.951396942138672 360
2.958038330078125 360
2.965111255645752 360
2.971081495285034 360
2.977555274963379 360
2.9844062328338623 360
2.9913687705993652 360
2.9979188442230225 360
3.004974365234375 360
3.015533924102783 360
3.021446466445923 360
3.0281035900115967 360
3.035264253616333 360
3.0418968200683594 360
3.0487008094787598 360
3.055501937866211 360
3.0614407062530518 360
3.0679759979248047 360
3.0751988887786865 360
3.081117868423462 360
3.087606906890869 360
3.095412015914917 360
3.1013360023498535 360
3.1078274250030518 360
3.115004777908325 360
3.120920419692993 360
3.127443313598633 360
3.1340487003326416 360
3.1401009559631348 360
3.147840976715088 360
3.1548449993133545 360
3.1606833934783936 360
3.167328119277954 360
3.173853635787964 360
3.179734706878662 360
3.1866958141326904 360
3.192534923553467 360
3.2001168727874756 360
3.2071306705474854 360
3.2133400440216064 360
3.2196779251098633 360
3.2265961170196533 360
3.2321786880493164 360
3.238926410675049 360
3.246990203857422 360
3.2528440952301025 360
3.259664297103882 360
3.2665679454803467 360
3.2721307277679443 360
3.27895188331604 360
3.285771369934082 360
3.291670799255371 360
3.2992351055145264 360
3.305961847305298 360
3.311879873275757 360
3.3191184997558594 360
3.326716661453247 360
3.332488775253296 360
3.339000701904297 360
3.3457632064819336 360
3.3526930809020996 360
3.359210252761841 360
3.3659818172454834 360
3.3718671798706055 360
3.3788113594055176 360
3.3856115341186523 360
3.391525983810425 360
3.399141311645508 360
3.4069290161132812 360
3.4173734188079834 360
3.4239511489868164 360
3.430016040802002 360
3.4371654987335205 360
3.4433956146240234 360
3.4509379863739014 360
3.4574854373931885 360
3.4640917778015137 360
3.470017194747925 360
3.4769928455352783 360
3.4827921390533447 360
3.489276647567749 360
3.4961745738983154 360
3.503868341445923 360
3.50990891456604 360
3.5168449878692627 360
3.522623062133789 360
3.5291128158569336 360
3.5358831882476807 360
3.5417768955230713 360
3.548529624938965 360
3.556175470352173 360
3.562084674835205 360
3.5688467025756836 360
3.575669050216675 360
3.5815787315368652 360
3.5880956649780273 360
3.5950915813446045 360
3.601776123046875 360
3.6085562705993652 360
3.6154797077178955 360
3.6213998794555664 360
3.6279149055480957 360
3.635166645050049 360
3.6411209106445312 360
3.6476311683654785 360
3.655501365661621 360
3.6614387035369873 360
3.6679561138153076 360
3.6751861572265625 360
3.681077480316162 360
3.687588691711426 360
3.694159507751465 360
3.7000441551208496 360
3.707829236984253 360
3.714845657348633 360
3.7206456661224365 360
3.7272679805755615 360
3.733821392059326 360
3.739901065826416 360
3.7468013763427734 360
3.7541086673736572 360
3.76007342338562 360
3.7671658992767334 360
3.7733380794525146 360
3.77964448928833 360
3.7866029739379883 360
3.7921841144561768 360
3.799093723297119 360
3.806983232498169 360
3.8174357414245605 360
3.82401704788208 360
3.830096483230591 360
3.8371644020080566 360
3.843360662460327 360
3.849666118621826 360
3.857541561126709 360
3.8641250133514404 360
3.870054244995117 360
3.877040147781372 360
3.8828206062316895 360
3.88932466506958 360
3.8965375423431396 360
3.902135133743286 360
3.909855842590332 360
3.9168941974639893 360
3.922682046890259 360
3.929183006286621 360
3.935969591140747 360
3.941866159439087 360
3.9485840797424316 360
3.9554011821746826 360
3.9619905948638916 360
3.9687814712524414 360
3.9757606983184814 360
3.9816598892211914 360
3.9881551265716553 360
3.9952290058135986 360
4.001112937927246 360
4.008652448654175 360
4.015466690063477 360
4.021352529525757 360
4.0280396938323975 360
4.035207986831665 360
4.0411553382873535 360
4.047641754150391 360
4.054182291030884 360
4.061431884765625 360
4.067950487136841 360
4.07500696182251 360
4.080894470214844 360
4.087484359741211 360
4.0941009521484375 360
4.10019063949585 360
4.1071624755859375 360
4.115013122558594 360
4.120891332626343 360
4.127427339553833 360
4.134021043777466 360
4.13988733291626 360
4.146818399429321 360
4.152612686157227 360
4.160553216934204 360
4.1672186851501465 360
4.173397064208984 360
4.1797168254852295 360
4.1866395473480225 360
4.1924357414245605 360
4.198982000350952 360
4.205794095993042 360
4.217379331588745 360
4.223983287811279 360
4.23003625869751 360
4.23714542388916 360
4.242952346801758 360
4.249728441238403 360
4.2566893100738525 360
4.264092445373535 360
4.270015239715576 360
4.277132511138916 360
4.283357620239258 360
4.289859056472778 360
4.296777009963989 360
4.30257511138916 360
4.309091567993164 360
4.316948413848877 360
4.322731018066406 360
4.3292319774627686 360
4.3361334800720215 360
4.342036962509155 360
4.349017143249512 360
4.355809926986694 360
4.361696004867554 360
4.369259595870972 360
4.376009225845337 360
4.381896495819092 360
4.388683795928955 360
4.395647048950195 360
4.401543140411377 360
4.409034729003906 360
4.417129755020142 360
4.422944784164429 360
4.4295313358306885 360
4.436150312423706 360
4.4420647621154785 360
4.448855400085449 360
4.45579981803894 360
4.461688995361328 360
4.469332218170166 360
4.477694988250732 360
4.484723329544067 360
4.490500211715698 360
4.497157096862793 360
4.502948045730591 360
4.509655714035034 360
4.51671838760376 360
4.524116039276123 360
4.530047178268433 360
4.536977052688599 360
4.542769193649292 360
4.54963231086731 360
4.556171655654907 360
4.5620739459991455 360
4.569809913635254 360
4.57688045501709 360
4.582667827606201 360
4.5891337394714355 360
4.595907688140869 360
4.601879119873047 360
4.608590126037598 360
4.619888067245483 360
4.626957178115845 360
4.632770776748657 360
4.639698266983032 360
4.646772861480713 360
4.65259051322937 360
4.659090518951416 360
4.665870904922485 360
4.672913074493408 360
4.67975640296936 360
4.686718940734863 360
4.692481279373169 360
4.699152231216431 360
4.705904483795166 360
4.711832284927368 360
4.7185893058776855 360
4.72613525390625 360
4.732052564620972 360
4.73883056640625 360
4.745672702789307 360
4.751585960388184 360
4.758496522903442 360
4.765278339385986 360
4.771980047225952 360
4.77877402305603 360
4.7855494022369385 360
4.79145884513855 360
4.797959327697754 360
4.8051817417144775 360
4.811086654663086 360
4.817747116088867 360
4.825609445571899 360
4.831514596939087 360
4.8380889892578125 360
4.845107793807983 360
4.851030111312866 360
4.857550382614136 360
4.864162921905518 360
4.870054483413696 360
4.8777971267700195 360
4.8848021030426025 360
4.89063024520874 360
4.897278785705566 360
4.903824090957642 360
4.909780979156494 360
4.916727066040039 360
4.92250394821167 360
4.929861307144165 360
4.942179203033447 360
4.94897723197937 360
4.955760478973389 360
4.961671829223633 360
4.968181371688843 360
4.975999593734741 360
4.981905698776245 360
4.988659143447876 360
4.995604753494263 360
5.00153660774231 360
5.008039951324463 360
5.0185768604278564 360
5.026597023010254 360
5.032429456710815 360
5.039093732833862 360
5.046041250228882 360
5.051962852478027 360
5.058950901031494 360
5.06589150428772 360
5.071818113327026 360
5.07954478263855 360
5.086147308349609 360
5.092052221298218 360
5.0988476276397705 360
5.105710506439209 360
5.111640453338623 360
5.118588924407959 360
5.125369310379028 360
5.1321399211883545 360
5.138932228088379 360
5.145707368850708 360
5.151602506637573 360
5.158136367797852 360
5.1652045249938965 360
5.171087741851807 360
5.178776502609253 360
5.185682058334351 360
5.191596031188965 360
5.198517560958862 360
5.2053399085998535 360
5.211292266845703 360
5.217758417129517 360
5.2247841358184814 360
5.231423854827881 360
5.238076448440552 360
5.245092153549194 360
5.250981330871582 360
5.257590293884277 360
5.264173984527588 360
5.270052909851074 360
5.277015447616577 360
5.28490424156189 360
5.29077672958374 360
5.297518491744995 360
5.30409574508667 360
5.310002565383911 360
5.317000150680542 360
5.322793245315552 360
5.3296217918396 360
5.337368488311768 360
5.343980550765991 360
5.3498475551605225 360
5.356889486312866 360
5.362677812576294 360
5.369176387786865 360
5.375952243804932 360
5.3828349113464355 360
5.389717102050781 360
5.396698236465454 360
5.402507066726685 360
5.409911632537842 360
5.420591354370117 360
5.427384853363037 360
5.435445070266724 360
5.441324949264526 360
5.447993278503418 360
5.455179691314697 360
5.461157560348511 360
5.467637538909912 360
5.474178314208984 360
5.480525016784668 360
5.487977027893066 360
5.4950525760650635 360
5.500937461853027 360
5.507452011108398 360
5.514021635055542 360
5.51992130279541 360
5.526841640472412 360
5.532602548599243 360
5.5401952266693115 360
5.547166109085083 360
5.553379774093628 360
5.559659004211426 360
5.566547393798828 360
5.572147846221924 360
5.578906297683716 360
5.586867332458496 360
5.592643737792969 360
5.599263668060303 360
5.606010675430298 360
5.611904859542847 360
5.618696212768555 360
5.625516176223755 360
5.631433725357056 360
5.639008283615112 360
5.645801782608032 360
5.651695251464844 360
5.658623456954956 360
5.665420293807983 360
5.6712987422943115 360
5.677842378616333 360
5.6848320960998535 360
5.691616535186768 360
5.698113679885864 360
5.707554340362549 360
5.71931791305542 360
5.726585149765015 360
5.732185125350952 360
5.739922046661377 360
5.746819734573364 360
5.752617359161377 360
5.759110450744629 360
5.765880107879639 360
5.771791934967041 360
5.778645753860474 360
5.785434722900391 360
5.792430400848389 360
5.798991441726685 360
5.805771350860596 360
5.811660289764404 360
5.821989059448242 360
5.828897953033447 360
5.83684229850769 360
5.844950914382935 360
5.850874900817871 360
5.857419490814209 360
5.863980054855347 360
5.869858503341675 360
5.876765251159668 360
5.8825438022613525 360
5.889955282211304 360
5.897061109542847 360
5.90287446975708 360
5.909473657608032 360
5.9161036014556885 360
5.921994924545288 360
5.928756952285767 360
5.935572147369385 360
5.9421610832214355 360
5.949019908905029 360
5.956001043319702 360
5.961876153945923 360
5.968617916107178 360
5.97554087638855 360
5.9814534187316895 360
5.987970590591431 360
5.995753765106201 360
6.001643419265747 360
6.0081586837768555 360
6.015345096588135 360
6.021252870559692 360
6.027786493301392 360
6.03481125831604 360
6.040591478347778 360
6.048017978668213 360
6.055044412612915 360
6.0609753131866455 360
6.067510604858398 360
6.074078798294067 360
6.080127000808716 360
6.087116241455078 360
6.094953775405884 360
6.100864410400391 360
6.107565879821777 360
6.1141746044158936 360
6.120104789733887 360
6.127037286758423 360
6.132822036743164 360
6.139627695083618 360
6.147382020950317 360
6.1539366245269775 360
6.159850835800171 360
6.166749954223633 360
6.172504663467407 360
6.179026365280151 360
6.185782194137573 360
6.191656589508057 360
6.199326515197754 360
6.206073760986328 360
6.2119903564453125 360
6.222642183303833 360
6.229275703430176 360
6.23661208152771 360
6.242185592651367 360
6.250083923339844 360
6.257222890853882 360
6.263429403305054 360
6.2747814655303955 360
6.280606031417847 360
6.287245512008667 360
6.293455362319946 360
6.3010759353637695 360
6.307616949081421 360
6.314184665679932 360
6.320553302764893 360
6.327221870422363 360
6.333426475524902 360
6.3396992683410645 360
6.346607685089111 360
6.354004383087158 360
6.359900712966919 360
6.366957187652588 360
6.3727686405181885 360
6.379488229751587 360
6.386148452758789 360
6.39204740524292 360
6.39980149269104 360
6.4074671268463135 360
6.414085149765015 360
6.419965505599976 360
6.426852464675903 360
6.432639837265015 360
6.439283609390259 360
6.4460389614105225 360
6.4528584480285645 360
6.459356307983398 360
6.466098785400391 360
6.472001075744629 360
6.478784561157227 360
6.485570430755615 360
6.491469383239746 360
6.49814248085022 360
6.506041765213013 360
6.511957406997681 360
6.518754720687866 360
6.525550365447998 360
6.531470775604248 360
6.538022756576538 360
6.545046329498291 360
6.551756858825684 360
6.558627367019653 360
6.565415859222412 360
6.571292400360107 360
6.5777904987335205 360
6.584831476211548 360
6.590646982192993 360
6.597280740737915 360
6.605131387710571 360
6.61102557182312 360
6.617709398269653 360
6.628542423248291 360
6.635477781295776 360
6.641400575637817 360
6.648015022277832 360
6.655843734741211 360
6.661736011505127 360
6.668448209762573 360
6.675410032272339 360
6.681329965591431 360
6.687846899032593 360
6.694835424423218 360
6.700645208358765 360
6.708027601242065 360
6.71509051322937 360
6.720977306365967 360
6.727508068084717 360
6.734082221984863 360
6.740113973617554 360
6.747124671936035 360
6.75496244430542 360
6.760939121246338 360
6.76744818687439 360
6.774039030075073 360
6.779920339584351 360
6.786846160888672 360
6.792619705200195 360
6.799241304397583 360
6.80705451965332 360
6.812869548797607 360
6.819356441497803 360
6.826121091842651 360
6.832025766372681 360
6.838779926300049 360
6.845552921295166 360
6.851462364196777 360
6.859198808670044 360
6.865968465805054 360
6.871844291687012 360
6.878596067428589 360
6.885523557662964 360
6.891437530517578 360
6.89797830581665 360
6.905019044876099 360
6.911742448806763 360
6.918631553649902 360
6.9254539012908936 360
6.931344270706177 360
6.939351558685303 360
6.946146011352539 360
6.95206880569458 360
6.9598000049591064 360
6.966704368591309 360
6.972482204437256 360
6.979115962982178 360
6.98591423034668 360
6.991830587387085 360
6.998560428619385 360
7.005364179611206 360
7.0120930671691895 360
7.0190346240997314 360
7.029656410217285 360
7.036802530288696 360
7.042621850967407 360
7.049260139465332 360
7.056006193161011 360
7.06296181678772 360
7.069672584533691 360
7.076635360717773 360
7.08242130279541 360
7.088970422744751 360
7.095885515213013 360
7.101830244064331 360
7.108587265014648 360
7.116133451461792 360
7.122052192687988 360
7.128816366195679 360
7.135619163513184 360
7.141508340835571 360
7.148440837860107 360
7.155402898788452 360
7.162055492401123 360
7.168858289718628 360
7.175652742385864 360
7.1815409660339355 360
7.188033819198608 360
7.19510293006897 360
7.201082706451416 360
7.2075958251953125 360
7.215498208999634 360
7.2214367389678955 360
7.227973937988281 360
7.2350077629089355 360
7.24090051651001 360
7.247433423995972 360
7.254035472869873 360
7.25993537902832 360
7.267654895782471 360
7.2744855880737305 360
7.2806618213653564 360
7.287340402603149 360
7.293886661529541 360
7.299738168716431 360
7.3066911697387695 360
7.314118385314941 360
7.320038557052612 360
7.326955795288086 360
7.332762002944946 360
7.3395397663116455 360
7.346173286437988 360
7.352067708969116 360
7.358799934387207 360
7.3666417598724365 360
7.3724799156188965 360
7.378986120223999 360
7.385791540145874 360
7.391690969467163 360
7.398574113845825 360
7.406550645828247 360
7.412182569503784 360
7.419910907745361 360
7.430511713027954 360
7.437360525131226 360
7.449517011642456 360
7.456655502319336 360
7.462485313415527 360
7.469982385635376 360
7.4768595695495605 360
7.482696056365967 360
7.489211797714233 360
7.495988607406616 360
7.501870632171631 360
7.508643388748169 360
7.515576362609863 360
7.522509336471558 360
7.5290210247039795 360
7.535988092422485 360
7.541877269744873 360
7.548606872558594 360
7.555392742156982 360
7.5613017082214355 360
7.568795204162598 360
7.575746774673462 360
7.581681251525879 360
7.58843994140625 360
7.595244646072388 360
7.601138114929199 360
7.607651472091675 360
7.614655494689941 360
7.62145209312439 360
7.627955198287964 360
7.635143756866455 360
7.6410744190216064 360
7.647587060928345 360
7.654160737991333 360
7.6600501537323 360
7.667139291763306 360
7.675058841705322 360
7.6809303760528564 360
7.687523603439331 360
7.694135665893555 360
7.700177431106567 360
7.707133531570435 360
7.712951898574829 360
7.720693826675415 360
7.727354288101196 360
7.734004259109497 360
7.7399001121521 360
7.7468039989471436 360
7.752597808837891 360
7.759306907653809 360
7.766068696975708 360
7.772959470748901 360
7.779614686965942 360
7.786153078079224 360
7.792050361633301 360
7.79900050163269 360
7.8058412075042725 360
7.811752080917358 360
7.818629026412964 360
7.829822540283203 360
7.836870193481445 360
7.842676162719727 360
7.849317789077759 360
7.856554269790649 360
7.862154006958008 360
7.868946075439453 360
7.879627704620361 360
7.886729955673218 360
7.892472505569458 360
7.899169921875 360
7.906121015548706 360
7.912038803100586 360
7.918779373168945 360
7.926657199859619 360
7.93245792388916 360
7.939179182052612 360
7.945947647094727 360
7.951858758926392 360
7.95858907699585 360
7.965385675430298 360
7.971295595169067 360
7.978751182556152 360
7.985539436340332 360
7.991443395614624 360
7.998086452484131 360
8.005136966705322 360
8.011040687561035 360
8.017541646957397 360
8.024113655090332 360
8.031297445297241 360
8.037802934646606 360
8.044843435287476 360
8.050649881362915 360
8.057440042495728 360
8.064027786254883 360
8.06990647315979 360
8.07766342163086 360
8.084486961364746 360
8.090144634246826 360
8.097147703170776 360
8.103324174880981 360
8.109665393829346 360
8.116764545440674 360
8.122563600540161 360
8.130067110061646 360
8.137006998062134 360
8.142808198928833 360
8.149287223815918 360
8.156043529510498 360
8.161990404129028 360
8.168743371963501 360
8.175699949264526 360
8.18273663520813 360
8.189491510391235 360
8.196131944656372 360
8.202032804489136 360
8.208778858184814 360
8.215587377548218 360
8.221477746963501 360
8.23273229598999 360
8.239635229110718 360
8.24675989151001 360
8.252536535263062 360
8.259132623672485 360
8.266091108322144 360
8.272032022476196 360
8.279731750488281 360
8.286729574203491 360
8.292492151260376 360
8.299191951751709 360
8.30597186088562 360
8.311864614486694 360
8.318791389465332 360
8.32558298110962 360
8.332714796066284 360
8.339619159698486 360
8.346186637878418 360
8.352080583572388 360
8.359040021896362 360
8.365798711776733 360
8.371686697006226 360
8.37818193435669 360
8.385997533798218 360
8.391926288604736 360
8.39869999885559 360
8.40614938735962 360
8.412118911743164 360
8.419051170349121 360
8.425814628601074 360
8.43277907371521 360
8.439265489578247 360
8.446561574935913 360
8.452171802520752 360
8.458967208862305 360
8.465740442276001 360
8.471632719039917 360
8.47855544090271 360
8.48651123046875 360
8.492115497589111 360
8.498857498168945 360
8.505671262741089 360
8.51158332824707 360
8.518100500106812 360
8.52513861656189 360
8.531029224395752 360
8.538736820220947 360
8.545572519302368 360
8.551472902297974 360
8.557973623275757 360
8.565036058425903 360
8.570980072021484 360
8.57763147354126 360
8.585379123687744 360
8.591284036636353 360
8.5979323387146 360
8.605024099349976 360
8.61091661453247 360
8.617445468902588 360
8.624030828475952 360
8.634878158569336 360
8.641589403152466 360
8.648494482040405 360
8.655534744262695 360
8.661454439163208 360
8.66795825958252 360
8.675048112869263 360
8.680917024612427 360
8.688174486160278 360
8.695221424102783 360
8.701141119003296 360
8.70780324935913 360
8.714953422546387 360
8.720874547958374 360
8.727399587631226 360
8.73399043083191 360
8.74100947380066 360
8.747538089752197 360
8.754146814346313 360
8.760049104690552 360
8.766952276229858 360
8.772742509841919 360
8.779510736465454 360
8.786122798919678 360
8.793824195861816 360
8.799748420715332 360
8.806682348251343 360
8.81251311302185 360
8.819022417068481 360
8.825855731964111 360
8.831759929656982 360
8.839680671691895 360
8.846635103225708 360
8.852191925048828 360
8.858959913253784 360
8.865710735321045 360
8.871642351150513 360
8.878177165985107 360
8.885179281234741 360
8.89186978340149 360
8.898776054382324 360
8.90560245513916 360
8.911487817764282 360
8.9180166721344 360
8.925066709518433 360
8.930958032608032 360
8.93746542930603 360
8.945283651351929 360
8.951190948486328 360
8.957876443862915 360
8.96508002281189 360
8.970999956130981 360
8.97751522064209 360
8.984079122543335 360
8.991143465042114 360
8.997783422470093 360
9.004786014556885 360
9.010638236999512 360
9.017382383346558 360
9.023970127105713 360
9.034487247467041 360
9.040622472763062 360
9.04847002029419 360
9.055413961410522 360
9.061301708221436 360
9.067782878875732 360
9.074926137924194 360
9.080873966217041 360
9.087415933609009 360
9.095405101776123 360
9.101291179656982 360
9.107849359512329 360
9.114868879318237 360
9.120674133300781 360
9.127340078353882 360
9.134014368057251 360
9.140083312988281 360
9.147665739059448 360
9.15447998046875 360
9.160154104232788 360
9.167153596878052 360
9.173343181610107 360
9.17971396446228 360
9.186665058135986 360
9.19244647026062 360
9.199981212615967 360
9.206873655319214 360
9.212674617767334 360
9.219182014465332 360
9.226112604141235 360
9.232049226760864 360
9.238815784454346 360
9.246607303619385 360
9.25246286392212 360
9.259145498275757 360
9.265927791595459 360
9.271828651428223 360
9.278608798980713 360
9.285390615463257 360
9.291309118270874 360
9.298925399780273 360
9.305935859680176 360
9.311822175979614 360
9.318725109100342 360
9.325520992279053 360
9.3314528465271 360
9.337942123413086 360
9.344962358474731 360
9.35169267654419 360
9.358589887619019 360
9.365377187728882 360
9.371278762817383 360
9.377926349639893 360
9.385058641433716 360
9.39093017578125 360
9.39850640296936 360
9.405329704284668 360
9.411931276321411 360
9.418696165084839 360
9.425482988357544 360
9.436001777648926 360
9.441933631896973 360
9.451453447341919 360
9.458104848861694 360
9.465116024017334 360
9.471048355102539 360
9.477580308914185 360
9.484161853790283 360
9.490521669387817 360
9.497400283813477 360
9.505233764648438 360
9.511142253875732 360
9.517622232437134 360
9.524440050125122 360
9.530141830444336 360
9.537116527557373 360
9.542917251586914 360
9.550702810287476 360
9.557528972625732 360
9.564106464385986 360
9.57003116607666 360
9.576971530914307 360
9.582761764526367 360
9.589269399642944 360
9.59601092338562 360
9.60293698310852 360
9.609508514404297 360
9.616672039031982 360
9.622482061386108 360
9.628976345062256 360
9.635776281356812 360
9.641660928726196 360
9.648168325424194 360
9.656034469604492 360
9.661943197250366 360
9.668712854385376 360
9.675657510757446 360
9.68159818649292 360
9.688108682632446 360
9.695128679275513 360
9.701022148132324 360
9.70854663848877 360
9.715351819992065 360
9.721259355545044 360
9.72773790359497 360
9.734886169433594 360
9.740781545639038 360
9.747508525848389 360
9.755337715148926 360
9.761276245117188 360
9.767786026000977 360
9.774850130081177 360
9.780635118484497 360
9.787248134613037 360
9.793429613113403 360
9.799858093261719 360
9.807640075683594 360
9.814425230026245 360
9.820138216018677 360
9.827125787734985 360
9.837629079818726 360
9.844457864761353 360
9.850581645965576 360
9.858448028564453 360
9.865262269973755 360
9.871192932128906 360
9.877881526947021 360
9.884921312332153 360
9.890875816345215 360
9.897419691085815 360
9.904004335403442 360
9.911151885986328 360
9.917871475219727 360
9.924854040145874 360
9.93065857887268 360
9.937272071838379 360
9.94381070137024 360
9.949744462966919 360
9.96268630027771 360
9.969197988510132 360
9.97611951828003 360
9.982038736343384 360
9.988789558410645 360
9.99561595916748 360
