00
0.009609699249267578 0
0.020977497100830078 0
0.02681422233581543 1
0.033966779708862305 2
0.04198122024536133 4
0.04911684989929199 6
0.05509638786315918 7
0.061653852462768555 8
0.06872177124023438 10
0.07456135749816895 11
0.08134603500366211 13
0.08941411972045898 15
0.09544897079467773 17
0.10254621505737305 18
0.10940265655517578 20
0.11540937423706055 21
0.12233138084411621 23
0.12920665740966797 25
0.13529372215270996 26
0.14312195777893066 28
0.1504344940185547 29
0.15631747245788574 30
0.16383981704711914 31
0.17095160484313965 33
0.1772463321685791 35
0.18368959426879883 36
0.1914682388305664 38
0.19851303100585938 39
0.2044048309326172 40
0.21131515502929688 42
0.21802401542663574 44
0.22401165962219238 45
0.23112940788269043 46
0.23777318000793457 47
0.24502849578857422 48
0.2516820430755615 50
0.25875091552734375 51
0.2647697925567627 52
0.27155089378356934 54
0.2788238525390625 55
0.2848057746887207 57
0.2924997806549072 58
0.2993767261505127 59
0.3053908348083496 60
0.3120462894439697 62
0.31920838356018066 64
0.3253204822540283 65
0.33231425285339355 66
0.33925437927246094 68
0.34630298614501953 68
0.3529627323150635 70
0.359816312789917 72
0.36579418182373047 74
0.3726651668548584 75
0.3795311450958252 76
0.3855416774749756 78
0.39354920387268066 78
0.4007582664489746 79
0.4067056179046631 80
0.41339826583862305 80
0.4239027500152588 82
0.43109822273254395 83
0.43776464462280273 84
0.4452188014984131 87
0.4520437717437744 88
0.4591960906982422 90
0.4652090072631836 90
0.4718747138977051 92
0.4789888858795166 94
0.48508214950561523 95
0.4916868209838867 96
0.4997901916503906 98
0.5058259963989258 99
0.5128836631774902 100
0.5197639465332031 101
0.5257718563079834 101
0.5328853130340576 102
0.5397608280181885 103
0.5467495918273926 105
0.5534992218017578 106
0.5605895519256592 107
0.5664553642272949 108
0.5731780529022217 110
0.5803947448730469 111
0.5863425731658936 112
0.5929722785949707 113
0.6010448932647705 114
0.6077206134796143 115
0.6137371063232422 116
0.6207594871520996 117
0.6266777515411377 118
0.6335642337799072 119
0.6405947208404541 120
0.6483175754547119 122
0.654421329498291 123
0.6613063812255859 124
0.6680111885070801 124
0.6740052700042725 125
0.6810836791992188 126
0.6877577304840088 127
0.6939327716827393 128
0.7017886638641357 130
0.7089524269104004 130
0.7149298191070557 131
0.7216465473175049 132
0.7287857532501221 133
0.7348265647888184 134
0.7414686679840088 135
0.7495036125183105 136
0.7555100917816162 137
0.7623946666717529 138
0.7692780494689941 139
0.7753112316131592 140
0.7819457054138184 141
0.789283037185669 142
0.7952871322631836 142
0.8029475212097168 143
0.8099672794342041 144
0.8160262107849121 146
0.8279907703399658 147
0.834456205368042 148
0.8412885665893555 148
0.8479025363922119 150
0.8552291393280029 150
0.8618831634521484 152
0.86916184425354 152
0.8751840591430664 153
0.8818113803863525 154
0.8889777660369873 155
0.8950040340423584 156
0.9027853012084961 156
0.909801721572876 157
0.9157764911651611 157
0.9228320121765137 158
0.9298305511474609 158
0.9358465671539307 160
0.9427497386932373 160
0.9496304988861084 161
0.9565410614013672 162
0.9631209373474121 163
0.969942569732666 163
0.975956916809082 164
0.9828493595123291 164
0.9898598194122314 165
0.9958820343017578 166
1.0037736892700195 167
1.010868787765503 168
1.016726016998291 168
1.0233640670776367 169
1.0305252075195312 170
1.0363800525665283 170
1.0429787635803223 171
1.0499799251556396 172
1.0577771663665771 172
1.0636978149414062 172
1.0707294940948486 173
1.0765933990478516 174
1.083150863647461 174
1.0898849964141846 175
1.0958938598632812 176
1.1037285327911377 178
1.1108934879302979 178
1.1167411804199219 178
1.1233410835266113 179
1.1304631233215332 180
1.1363565921783447 180
1.1429555416107178 181
1.1497933864593506 182
1.1572203636169434 182
1.1647143363952637 182
1.1714448928833008 183
1.178668737411499 184
1.1846463680267334 185
1.1913723945617676 186
1.1980514526367188 186
1.2052133083343506 186
1.2117953300476074 187
1.2189979553222656 188
1.2305045127868652 189
1.236393928527832 189
1.243117332458496 190
1.2504565715789795 190
1.2579476833343506 192
1.2639622688293457 192
1.2710514068603516 192
1.2773194313049316 193
1.2837066650390625 194
1.2908878326416016 195
1.2968087196350098 195
1.3035485744476318 196
1.3117163181304932 196
1.3187923431396484 196
1.3248014450073242 197
1.331418514251709 198
1.3385791778564453 198
1.3444838523864746 199
1.3513340950012207 200
1.3590800762176514 200
1.365030288696289 200
1.371626615524292 200
1.3787853717803955 202
1.3848505020141602 202
1.3914692401885986 203
1.398561954498291 203
1.404392957687378 204
1.412323236465454 205
1.4192109107971191 206
1.4252030849456787 206
1.431830883026123 206
1.4390835762023926 206
1.445009708404541 207
1.4516069889068604 208
1.4595019817352295 210
1.4655020236968994 210
1.4725136756896973 211
1.4793815612792969 212
1.4853489398956299 212
1.491933822631836 212
1.4990229606628418 212
1.5049841403961182 213
1.512624979019165 215
1.5195088386535645 216
1.525550365447998 217
1.532571792602539 218
1.5394628047943115 218
1.5454683303833008 217
1.552046775817871 217
1.5591347217559814 217
1.5659153461456299 218
1.5729620456695557 218
1.5798430442810059 219
1.5858666896820068 220
1.5929005146026611 220
1.5997629165649414 220
1.6056692600250244 220
1.6134004592895508 222
1.6245076656341553 224
1.6313893795013428 225
1.6382994651794434 225
1.6445202827453613 225
1.6514298915863037 226
1.6585922241210938 226
1.6654062271118164 226
1.672342300415039 227
1.679203987121582 228
1.6853022575378418 228
1.691887617111206 229
1.6991832256317139 229
1.7051763534545898 230
1.712895154953003 230
1.7198011875152588 231
1.725771188735962 231
1.7326264381408691 232
1.7395405769348145 232
1.745548963546753 233
1.7523674964904785 234
1.759291410446167 234
1.7660369873046875 234
1.7730176448822021 234
1.7798104286193848 235
1.7857952117919922 236
1.7926700115203857 237
1.7995572090148926 237
1.8055543899536133 237
1.8123540878295898 237
1.819917917251587 238
1.825913429260254 239
1.832942247390747 240
1.8398008346557617 240
1.8457753658294678 240
1.852607011795044 240
1.8594236373901367 240
1.8663294315338135 241
1.8729257583618164 242
1.8798556327819824 244
1.8858628273010254 245
1.892899990081787 245
1.899747371673584 245
1.9056634902954102 244
1.9124541282653809 244
1.920475721359253 245
1.9263665676116943 246
1.9329314231872559 246
1.9397492408752441 246
1.9456799030303955 247
1.952690601348877 248
1.959707260131836 248
1.9672331809997559 248
1.9735898971557617 249
1.9806382656097412 249
1.9865617752075195 250
1.9931468963623047 250
2.001613140106201 251
2.0088796615600586 252
2.014904499053955 252
2.026043653488159 252
2.033137559890747 253
2.040423631668091 254
2.0463595390319824 255
2.0531015396118164 256
2.0599489212036133 256
2.065937042236328 256
2.0737061500549316 256
2.0806596279144287 256
2.0864908695220947 257
2.0933444499969482 258
2.100602626800537 260
2.10648250579834 260
2.11305832862854 260
2.1210711002349854 260
2.1277573108673096 261
2.1339046955108643 262
2.140901803970337 262
2.1467652320861816 262
2.1534669399261475 263
2.1612420082092285 264
2.1679091453552246 265
2.1751914024353027 266
2.181818723678589 265
2.189141035079956 265
2.1951169967651367 264
2.2016518115997314 264
2.2087132930755615 264
2.2146952152252197 265
2.222500801086426 266
2.229311943054199 266
2.2352614402770996 266
2.241863489151001 267
2.249079942703247 268
2.255103826522827 268
2.2616758346557617 269
2.268764019012451 269
2.275536060333252 269
2.282350540161133 270
2.289224147796631 271
2.2951624393463135 272
2.3017520904541016 272
2.3090109825134277 272
2.3149642944335938 272
2.3215129375457764 273
2.3294224739074707 274
2.3354475498199463 275
2.3420469760894775 275
2.3492982387542725 275
2.3552334308624268 275
2.361774206161499 276
2.369058609008789 276
2.3766350746154785 278
2.383335590362549 278
2.390418291091919 277
2.396042823791504 277
2.402818441390991 277
2.40962815284729 277
2.4155306816101074 278
2.4260003566741943 280
2.4339137077331543 281
2.4410786628723145 281
2.4476943016052246 282
2.4538397789001465 282
2.4607741832733154 283
2.466653347015381 284
2.4807209968566895 284
2.4866158962249756 283
2.4934780597686768 283
2.500457286834717 283
2.5062878131866455 283
2.512890338897705 284
2.5197794437408447 285
2.526820659637451 286
2.533564567565918 286
2.5406980514526367 286
2.5465645790100098 287
2.553483247756958 287
2.560587167739868 288
2.5664613246917725 288
2.573038101196289 288
2.5810651779174805 289
2.5877432823181152 290
2.593749761581421 290
2.6008620262145996 290
2.6067211627960205 291
2.6136398315429688 291
2.6206064224243164 292
2.626516580581665 292
2.6340079307556152 292
2.6410257816314697 292
2.6476738452911377 293
2.653716802597046 294
2.6607043743133545 296
2.6665451526641846 296
2.6733920574188232 297
2.681222915649414 297
2.6879687309265137 297
2.6939544677734375 298
2.7010676860809326 298
2.707751989364624 299
2.7137036323547363 300
2.720684289932251 300
2.726588726043701 300
2.7345597743988037 300
2.741422176361084 301
2.7485313415527344 302
2.754448652267456 302
2.761219024658203 303
2.7678885459899902 303
2.7738993167877197 303
2.7817177772521973 304
2.7889552116394043 304
2.79502010345459 305
2.8016438484191895 306
2.808741807937622 306
2.814756393432617 306
2.8213493824005127 307
2.8329055309295654 308
2.8399546146392822 309
2.8459250926971436 309
2.8530232906341553 309
2.859863042831421 309
2.8658440113067627 309
2.8729031085968018 310
2.8797950744628906 311
2.8872721195220947 312
2.8936285972595215 312
2.9006898403167725 312
2.906558036804199 312
2.9133427143096924 312
2.920043468475342 313
2.9263391494750977 314
2.933899402618408 315
2.9409399032592773 316
2.9471943378448486 315
2.953552007675171 315
2.9605963230133057 314
2.9664416313171387 314
2.973341226577759 315
2.980680227279663 316
2.988598585128784 316
2.9944803714752197 316
3.0013132095336914 316
3.007960557937622 317
3.0139498710632324 318
3.021036386489868 318
3.0277044773101807 319
3.035146951675415 319
3.0417888164520264 319
3.04892635345459 319
3.054877281188965 320
3.0614819526672363 320
3.0685834884643555 321
3.074488639831543 322
3.0812149047851562 322
3.0892159938812256 322
3.09516978263855 322
3.101742744445801 323
3.108915328979492 324
3.1148874759674072 324
3.1214988231658936 324
3.128674030303955 324
3.1346287727355957 325
3.142340898513794 326
3.1493470668792725 326
3.15535569190979 326
3.1629252433776855 326
3.1698296070098877 327
3.175769090652466 328
3.182607412338257 328
3.190605401992798 327
3.196441650390625 328
3.20308780670166 328
3.2100484371185303 329
3.216336488723755 330
3.222956895828247 331
3.2344021797180176 333
3.2420196533203125 334
3.2493138313293457 334
3.2553186416625977 334
3.262312412261963 335
3.269343376159668 336
3.2753183841705322 336
3.281928062438965 336
3.289832592010498 336
3.295840263366699 336
3.3027660846710205 337
3.309802532196045 338
3.3158118724823 338
3.322675943374634 338
3.3296613693237305 338
3.335639476776123 338
3.343461751937866 339
3.350532054901123 340
3.35636043548584 340
3.3629627227783203 340
3.3697993755340576 340
3.3757832050323486 341
3.382671594619751 341
3.390779972076416 342
3.3967232704162598 342
3.4033970832824707 342
3.4104998111724854 342
3.416360855102539 342
3.422931671142578 342
3.4297993183135986 344
3.435736894607544 344
3.443495035171509 344
3.4506731033325195 344
3.456566572189331 344
3.463116407394409 345
3.469954252243042 346
3.475905179977417 346
3.4827969074249268 346
3.489703416824341 346
3.4967823028564453 346
3.5034892559051514 347
3.510671854019165 348
3.5165181159973145 348
3.5233654975891113 348
3.5303902626037598 348
3.536282539367676 348
3.543839931488037 349
3.5508720874786377 349
3.5567173957824707 350
3.563485860824585 350
3.570641279220581 350
3.5765023231506348 350
3.58309006690979 350
3.589879274368286 350
3.597283124923706 351
3.6036505699157715 352
3.610626459121704 352
3.6165173053741455 352
3.623091697692871 352
3.6336758136749268 352
3.6408181190490723 353
3.6489994525909424 354
3.6549601554870605 354
3.66168212890625 354
3.668738842010498 353
3.6747384071350098 353
3.6813602447509766 353
3.688011407852173 354
3.6953837871551514 354
3.7020413875579834 354
3.7092041969299316 355
3.715240240097046 355
3.721836566925049 355
3.7289464473724365 355
3.7349443435668945 355
3.741506576538086 355
3.7495193481445312 355
3.7554774284362793 356
3.7623376846313477 356
3.7692787647247314 356
3.7752761840820312 357
3.7822906970977783 357
3.7891955375671387 357
3.7952702045440674 357
3.802900791168213 358
3.809927463531494 358
3.815939426422119 358
3.8227593898773193 358
3.8296399116516113 358
3.8355963230133057 359
3.8424477577209473 359
3.849985361099243 360
3.855973482131958 360
3.8628876209259033 360
3.869840145111084 359
3.8757500648498535 359
3.882575273513794 360
3.88946533203125 360
3.8954598903656006 360
3.9029364585876465 360
3.909916877746582 361
3.915921211242676 361
3.9228343963623047 361
3.92993426322937 361
3.9359118938446045 361
3.9427690505981445 362
3.9507391452789307 362
3.9566307067871094 362
3.9631755352020264 362
3.9699838161468506 362
3.9759416580200195 363
3.982820510864258 363
3.989846706390381 364
3.9958412647247314 364
4.003704309463501 363
4.010682821273804 363
4.016570091247559 363
4.031715154647827 364
4.039157152175903 364
4.045201539993286 365
4.0530900955200195 365
4.060378551483154 365
4.066330194473267 364
4.072908163070679 364
4.079796075820923 364
4.085732936859131 365
4.092609643936157 365
4.099483251571655 365
4.106476068496704 365
4.11317777633667 365
4.120002269744873 366
4.126319408416748 366
4.132950305938721 366
4.139801263809204 366
4.145771741867065 366
4.153649806976318 366
4.161373138427734 366
4.168026685714722 367
4.174537181854248 367
4.181295394897461 367
4.187991142272949 367
4.1939637660980225 367
4.201044082641602 367
4.208961725234985 368
4.215029716491699 368
4.221613168716431 367
4.228869676589966 367
4.234955787658691 367
4.241539001464844 367
4.248743295669556 368
4.255576848983765 368
4.262423753738403 368
4.269306421279907 368
4.275303602218628 368
4.2818849086761475 368
4.289116621017456 369
4.295144319534302 369
4.301936864852905 369
4.309857606887817 369
4.315902471542358 369
4.322751760482788 369
4.329595565795898 370
4.335612058639526 370
4.342493295669556 370
4.3494884967803955 370
4.356510400772095 370
4.3631086349487305 370
4.369958162307739 370
4.375933408737183 370
4.382754802703857 370
4.389603853225708 370
4.395563125610352 370
4.402390241622925 370
4.410505294799805 371
4.4163901805877686 371
4.422979831695557 371
4.4343931674957275 371
4.441286325454712 371
4.447948455810547 371
4.454422950744629 372
4.461926698684692 372
4.469172239303589 372
4.476663589477539 372
4.483397006988525 372
4.490434646606445 372
4.496310710906982 372
4.502904891967773 372
4.510799884796143 373
4.5167155265808105 373
4.523382902145386 373
4.53055214881897 373
4.536432504653931 373
4.543028831481934 373
4.549843788146973 373
4.555865287780762 374
4.563722610473633 374
4.570681095123291 373
4.576564788818359 373
4.583139896392822 373
4.590447187423706 374
4.596361398696899 374
4.602978229522705 374
4.611043930053711 374
4.617681980133057 374
4.623742580413818 373
4.630714416503906 374
4.636609315872192 374
4.643179178237915 374
4.650499582290649 374
4.656371116638184 374
4.6639673709869385 374
4.67104434967041 374
4.677676200866699 374
4.683720350265503 374
4.690840721130371 374
4.69675612449646 375
4.703512907028198 375
4.711421728134155 375
4.718319892883301 374
4.724388599395752 374
4.731157064437866 374
4.737778186798096 374
4.743837118148804 375
4.750820875167847 375
4.756709098815918 374
4.764529228210449 374
4.771374702453613 374
4.778010606765747 375
4.784008026123047 375
4.791073799133301 375
4.797670841217041 374
4.803642272949219 374
4.81065034866333 374
4.8187103271484375 374
4.8247292041778564 375
4.8359150886535645 374
4.842916488647461 374
4.84993052482605 374
4.8558971881866455 374
4.863847970962524 374
4.870900869369507 374
4.877851963043213 374
4.884494066238403 375
4.891395330429077 375
4.898290395736694 374
4.904024839401245 374
4.911059617996216 374
4.918848752975464 374
4.924860715866089 375
4.931487560272217 375
4.938514947891235 374
4.944386959075928 374
4.951323509216309 374
4.957973480224609 375
4.965069770812988 375
4.971797943115234 375
4.984628438949585 374
4.991337776184082 374
4.998002290725708 374
5.003990411758423 375
5.011232614517212 375
5.019220352172852 375
5.025169134140015 374
5.03179669380188 374
5.038942098617554 374
5.044967889785767 374
5.051544189453125 375
5.06103777885437 375
5.073183298110962 374
5.080538988113403 374
5.086363792419434 373
5.0929388999938965 373
5.099788665771484 373
5.1057868003845215 374
5.112756729125977 374
5.120653390884399 374
5.1265318393707275 373
5.133376121520996 373
5.1404619216918945 373
5.146345853805542 374
5.152955770492554 374
5.16090202331543 374
5.168675184249878 373
5.174553871154785 373
5.181286811828613 373
5.187953472137451 374
5.194428443908691 374
5.201205253601074 374
5.2078611850738525 374
5.213979721069336 374
5.221717119216919 374
5.228805780410767 373
5.239392518997192 374
5.245417833328247 374
5.252535820007324 374
5.259563446044922 375
5.265577077865601 375
5.2733893394470215 375
5.280385971069336 374
5.2863242626190186 374
5.292957782745361 374
5.299790382385254 374
5.305778503417969 375
5.312899351119995 375
5.320950984954834 375
5.327272176742554 375
5.333590984344482 375
5.340758800506592 375
5.346652030944824 375
5.353327512741089 375
5.360042333602905 375
5.366047620773315 375
5.374365329742432 375
5.381130933761597 375
5.387746810913086 375
5.393754243850708 375
5.400744676589966 375
5.406641960144043 376
5.413344860076904 376
5.420422792434692 376
5.427899599075317 376
5.434007167816162 376
5.441071271896362 376
5.447723865509033 376
5.453668832778931 376
5.460644006729126 376
5.4665000438690186 376
5.474522352218628 376
5.4812304973602295 376
5.487906217575073 376
5.494009256362915 376
5.501119375228882 377
5.5077738761901855 377
5.513758897781372 377
5.520721197128296 377
5.528585910797119 377
5.534423351287842 377
5.541140556335449 377
5.547754526138306 377
5.55388331413269 377
5.560895681381226 377
5.5667946338653564 377
5.573531866073608 377
5.581343412399292 377
5.588018417358398 377
5.594022512435913 377
5.601222038269043 377
5.607892990112305 377
5.614021062850952 377
5.621086359024048 377
5.628947734832764 377
5.639864921569824 377
5.646374702453613 377
5.653101921081543 377
5.660014867782593 377
5.666029214859009 377
5.672985076904297 377
5.68103814125061 377
5.687671184539795 377
5.693608522415161 377
5.700617551803589 377
5.7064924240112305 377
5.713096618652344 377
5.719907283782959 377
5.727262258529663 377
5.733771562576294 377
5.7407824993133545 377
5.746614217758179 377
5.753129482269287 377
5.7599098682403564 377
5.765871286392212 377
5.772720575332642 377
5.780606508255005 377
5.786442995071411 377
5.793165683746338 377
5.799984931945801 377
5.8059303760528564 377
5.81273627281189 377
5.819602012634277 377
5.825548887252808 377
5.8331098556518555 377
5.839924097061157 377
5.845888137817383 377
5.8529698848724365 377
5.859978914260864 377
5.865957260131836 377
5.872758626937866 377
5.880735158920288 377
5.886610984802246 377
5.8931965827941895 377
5.900020599365234 377
5.906016111373901 377
5.912959575653076 377
5.9197962284088135 377
5.925745487213135 377
5.933545112609863 377
5.940569877624512 377
5.946403503417969 377
5.952985048294067 377
5.959809303283691 377
5.965759992599487 377
5.972755193710327 377
5.979605197906494 377
5.98655366897583 377
5.993346452713013 377
6.000387668609619 377
6.006024360656738 377
6.012845039367676 377
6.019657611846924 377
6.025596857070923 377
6.033557891845703 377
6.043844699859619 377
6.050923824310303 377
6.05720067024231 377
6.06372332572937 377
6.070814847946167 377
6.076686143875122 377
6.084515333175659 377
6.09136176109314 377
6.098016262054443 377
6.10397744178772 377
6.110995531082153 377
6.1172401905059814 377
6.12371563911438 377
6.130685806274414 377
6.138529062271118 377
6.144383907318115 377
6.151248216629028 377
6.157916784286499 377
6.165012359619141 377
6.171600103378296 377
6.178686857223511 377
6.185368776321411 377
6.191980361938477 377
6.199065685272217 377
6.2050371170043945 377
6.211766481399536 377
6.218913316726685 377
6.224867105484009 377
6.231453895568848 377
6.239338159561157 377
6.245334148406982 377
6.252316951751709 377
6.2591798305511475 377
6.265167236328125 377
6.271909236907959 377
6.2790186405181885 377
6.285714387893677 377
6.292563438415527 377
6.299396991729736 377
6.305337429046631 377
6.311905145645142 377
6.31894850730896 377
6.3248960971832275 377
6.33160400390625 377
6.33947491645813 377
6.3454084396362305 377
6.352003335952759 377
6.359137773513794 377
6.365102529525757 377
6.3716652393341064 377
6.3788743019104 377
6.384865760803223 377
6.392587184906006 377
6.399455308914185 377
6.405387878417969 377
6.4120001792907715 377
6.419085502624512 377
6.425021409988403 377
6.431603193283081 377
6.443134069442749 377
6.450560092926025 377
6.456415414810181 377
6.463184595108032 377
6.470491409301758 377
6.476346492767334 377
6.482923746109009 377
6.490924835205078 377
6.497194290161133 377
6.5035719871521 377
6.5107691287994385 377
6.516647577285767 377
6.5231993198394775 377
6.530028581619263 377
6.535982608795166 377
6.543767929077148 377
6.550734996795654 377
6.55660605430603 377
6.563164472579956 377
6.570473670959473 377
6.57636833190918 377
6.582891464233398 377
6.589747905731201 377
6.596621036529541 377
6.603136301040649 377
6.609932899475098 377
6.6158905029296875 377
6.622715473175049 377
6.629711627960205 377
6.6356775760650635 377
6.643721342086792 377
6.650697469711304 377
6.656536817550659 377
6.663339853286743 377
6.670440435409546 377
6.676321744918823 377
6.682881832122803 377
6.689893484115601 377
6.697716474533081 377
6.703658580780029 377
6.710651397705078 377
6.716501474380493 377
6.723087310791016 377
6.729893684387207 377
6.735867738723755 377
6.7436363697052 377
6.750870227813721 377
6.756752014160156 377
6.76339864730835 377
6.770597696304321 377
6.776451826095581 377
6.783001899719238 377
6.78983998298645 377
6.797230005264282 377
6.803708791732788 377
6.810816764831543 377
6.816744327545166 377
6.823389768600464 377
6.830440282821655 377
6.836280345916748 377
6.848741292953491 377
6.854717969894409 377
6.861443758010864 377
6.868035078048706 377
6.87469482421875 377
6.881291627883911 377
6.887950897216797 377
6.893937826156616 377
6.901852607727051 377
6.908942699432373 377
6.914893388748169 377
6.921445369720459 377
6.9282708168029785 377
6.934506416320801 377
6.941201686859131 377
6.949055433273315 377
6.955016613006592 377
6.961581230163574 377
6.968669176101685 377
6.97453498840332 377
6.982571125030518 377
6.989560842514038 377
6.995548248291016 377
7.0031421184539795 377
7.0099053382873535 377
7.015866994857788 377
7.022716760635376 377
7.029798746109009 377
7.035772323608398 377
7.042603015899658 377
7.05068302154541 377
7.056575059890747 377
7.063133239746094 377
7.069916725158691 377
7.075892210006714 377
7.08272910118103 377
7.089687824249268 377
7.095627784729004 377
7.103337526321411 377
7.110527753829956 377
7.116356611251831 377
7.122917890548706 377
7.129761457443237 377
7.135695219039917 377
7.142489671707153 377
7.149353504180908 377
7.156318664550781 377
7.16391921043396 377
7.171110391616821 377
7.177741527557373 377
7.1836998462677 377
7.190656423568726 377
7.196537971496582 377
7.2040276527404785 377
7.21106743812561 377
7.217298269271851 377
7.223621606826782 377
7.2307515144348145 377
7.23661208152771 377
7.2460386753082275 377
7.255110025405884 377
7.261810064315796 377
7.269058704376221 377
7.275041341781616 377
7.281606674194336 377
7.288861036300659 377
7.294842720031738 377
7.301426649093628 377
7.309326410293579 377
7.315293073654175 377
7.321825981140137 377
7.328940391540527 377
7.334940195083618 377
7.341467618942261 377
7.348662376403809 377
7.35553240776062 377
7.362352132797241 377
7.369187593460083 377
7.3751466274261475 377
7.3817784786224365 377
7.388915777206421 377
7.395538568496704 377
7.402355194091797 377
7.4104204177856445 377
7.416300058364868 377
7.423036813735962 377
7.429872035980225 377
7.435849905014038 377
7.4426915645599365 377
7.4495298862457275 377
7.456552743911743 377
7.463132619857788 377
7.47038197517395 377
7.476276874542236 377
7.482890367507935 377
7.489744663238525 377
7.495680332183838 377
7.502508163452148 377
7.510523080825806 377
7.522673845291138 377
7.529682159423828 377
7.535657644271851 377
7.5424723625183105 377
7.549479722976685 377
7.555464744567871 377
7.562896490097046 377
7.569751262664795 377
7.575687885284424 377
7.582506418228149 377
7.589491605758667 377
7.595470428466797 377
7.602297306060791 377
7.609911203384399 377
7.6158716678619385 377
7.62272572517395 377
7.629582405090332 377
7.6355531215667725 377
7.6423423290252686 377
7.652949333190918 377
7.660972833633423 377
7.667249441146851 377
7.673728942871094 377
7.680872201919556 377
7.686800718307495 377
7.69352126121521 377
7.700546979904175 377
7.706384658813477 377
7.71445369720459 377
7.721143007278442 377
7.727735757827759 377
7.733667373657227 377
7.7406415939331055 377
7.7465174198150635 377
7.753095626831055 377
7.761048316955566 377
7.767668724060059 377
7.77384352684021 377
7.7808215618133545 377
7.786744832992554 377
7.793357849121094 377
7.80041241645813 377
7.806292295455933 377
7.814044237136841 377
7.821072101593018 377
7.8276708126068115 377
7.833850622177124 377
7.840892314910889 377
7.846770286560059 377
7.853503227233887 377
7.860456705093384 377
7.86790657043457 377
7.876575708389282 377
7.883354663848877 377
7.890667676925659 377
7.896559953689575 377
7.903361558914185 377
7.9103684425354 377
7.917845010757446 377
7.923854351043701 377
7.9308180809021 377
7.9366772174835205 377
7.943664789199829 377
7.950861215591431 377
7.956742286682129 377
7.964639902114868 377
7.971268653869629 377
7.977894306182861 377
7.983853816986084 377
7.990797996520996 377
7.99666953086853 377
8.003193616867065 377
8.010477542877197 377
8.017956018447876 377
8.029814958572388 377
8.037317037582397 377
8.047916412353516 377
8.054404735565186 377
8.061292886734009 377
8.06935429573059 377
8.075348377227783 377
8.081933498382568 377
8.089043855667114 377
8.095063209533691 377
8.101624488830566 377
8.108674049377441 377
8.114530324935913 377
8.121997833251953 377
8.129279613494873 377
8.135257482528687 377
8.141806602478027 377
8.148886680603027 377
8.154853582382202 377
8.16236424446106 377
8.170029163360596 377
8.175983190536499 377
8.18279218673706 377
8.189792394638062 377
8.19573712348938 377
8.20268988609314 377
8.209518432617188 377
8.215508937835693 377
8.223116159439087 377
8.229887247085571 377
8.235845565795898 377
8.242661476135254 377
8.249678134918213 377
8.255659818649292 377
8.262481451034546 377
8.270390510559082 377
8.276322841644287 377
8.282891988754272 377
8.289758920669556 377
8.29572868347168 377
8.302485942840576 377
8.309495449066162 377
8.315456867218018 377
8.323108673095703 377
8.330046892166138 377
8.336281061172485 377
8.342877388000488 377
8.349730730056763 377
8.355687141418457 377
8.362489938735962 377
8.370557069778442 377
8.376457214355469 377
8.382985830307007 377
8.389850378036499 377
8.395840406417847 377
8.402671337127686 377
8.409509181976318 377
8.415481567382812 377
8.42295789718628 377
8.429925203323364 377
8.435882568359375 377
8.442737102508545 377
8.452998161315918 377
8.460405826568604 377
8.46605134010315 377
8.473963499069214 377
8.481199979782104 377
8.487862825393677 377
8.493995904922485 377
8.501017570495605 377
8.507287740707397 377
8.51362681388855 377
8.520590543746948 377
8.528023958206177 377
8.53397274017334 377
8.54101014137268 377
8.54728889465332 377
8.553759336471558 377
8.560707569122314 377
8.566536664962769 377
8.57436203956604 377
8.581146240234375 377
8.587745666503906 377
8.593830108642578 377
8.60078740119934 377
8.606631994247437 377
8.61340069770813 377
8.620378732681274 377
8.627847909927368 377
8.633828163146973 377
8.640810251235962 377
8.646642923355103 377
8.65318751335144 377
8.66002106666565 377
8.666001319885254 377
8.672944068908691 377
8.68088436126709 377
8.68674635887146 377
8.693381547927856 377
8.700393438339233 377
8.706283330917358 377
8.712895154953003 377
8.719917058944702 377
8.727298498153687 377
8.733776092529297 377
8.74074125289917 377
8.746553182601929 377
8.75311803817749 377
8.759903907775879 377
8.76587200164795 377
8.772699356079102 377
8.780688524246216 377
8.786555528640747 377
8.793357610702515 377
8.80039119720459 377
8.80605149269104 377
8.812875747680664 377
8.819744348526001 377
8.825712442398071 377
8.833141565322876 377
8.839908838272095 377
8.845889568328857 377
8.856731176376343 377
8.863590478897095 377
8.870765924453735 377
8.876629114151001 377
8.88451862335205 377
8.891206741333008 377
8.897889137268066 377
8.903874397277832 377
8.910987854003906 377
8.917248010635376 377
8.92358922958374 377
8.931299686431885 377
8.937978029251099 377
8.943927526473999 377
8.950955390930176 377
8.957216262817383 377
8.96359372138977 377
8.97076940536499 377
8.976611614227295 377
8.984710216522217 377
8.991279125213623 377
8.997945547103882 377
9.003908157348633 377
9.010915756225586 377
9.016802549362183 377
9.028692483901978 377
9.035478115081787 377
9.042025804519653 377
9.04912519454956 377
9.05511999130249 377
9.061688423156738 377
9.068753004074097 377
9.074731826782227 377
9.082409620285034 377
9.08942985534668 377
9.095404148101807 377
9.101980447769165 377
9.109225749969482 377
9.115271091461182 377
9.121809244155884 377
9.128914594650269 377
9.135702848434448 377
9.14257001876831 377
9.149545669555664 377
9.155538082122803 377
9.1630859375 377
9.169883728027344 377
9.175880432128906 377
9.183561563491821 377
9.190575361251831 377
9.196414470672607 377
9.203009128570557 377
9.209972143173218 377
9.215899229049683 377
9.222742795944214 377
9.229573249816895 377
9.23662805557251 377
9.24345588684082 377
9.25381088256836 377
9.260965347290039 377
9.267248153686523 377
9.273858070373535 377
9.280980348587036 377
9.288848161697388 377
9.294800043106079 377
9.30136489868164 377
9.308015584945679 377
9.31398320198059 377
9.321057319641113 377
9.327303647994995 377
9.333794832229614 377
9.341524124145508 377
9.3486168384552 377
9.354477882385254 377
9.361191749572754 377
9.36782193183899 377
9.373916387557983 377
9.38095498085022 377
9.388992309570312 377
9.394993305206299 377
9.401620388031006 377
9.408710956573486 377
9.414710283279419 377
9.421296119689941 377
9.42793083190918 377
9.433881521224976 377
9.441669464111328 377
9.448901653289795 377
9.454944372177124 377
9.461486101150513 377
9.46834683418274 377
9.474372386932373 377
9.481106042861938 377
9.488873481750488 377
9.494872331619263 377
9.501624584197998 377
9.508845567703247 377
9.514806032180786 377
9.522783994674683 377
9.529611587524414 377
9.53560996055603 377
9.543103218078613 377
9.549894332885742 377
9.555881977081299 377
9.56275749206543 377
9.569731712341309 377
9.575675964355469 377
9.582497119903564 377
9.590447902679443 377
9.59634780883789 377
9.60291838645935 377
9.60975956916809 377
9.615683555603027 377
9.622527837753296 377
9.629576683044434 377
9.635520935058594 377
9.643172025680542 377
9.653666019439697 377
9.660770177841187 377
9.66662073135376 377
9.673395872116089 377
9.680593967437744 377
9.686448812484741 377
9.694410800933838 377
9.701129674911499 377
9.707745552062988 377
9.713711977005005 377
9.720668077468872 377
9.726542472839355 377
9.733110904693604 377
9.739893913269043 377
9.747709274291992 377
9.753835916519165 377
9.760952472686768 377
9.767180442810059 377
9.773560523986816 377
9.780611276626587 377
9.786454677581787 377
9.794011116027832 377
9.801079511642456 377
9.80769419670105 377
9.81380844116211 377
9.82074236869812 377
9.826566457748413 377
9.833143472671509 377
9.839945554733276 377
9.84773850440979 377
9.853665351867676 377
9.860691785812378 377
9.866554498672485 377
9.873353481292725 377
9.88003921508789 377
9.88599705696106 377
9.892977476119995 377
9.900933980941772 377
9.907876014709473 377
9.914555311203003 377
9.921231269836426 377
9.927860736846924 377
9.934011936187744 377
9.941031455993652 377
9.948845863342285 377
9.954798221588135 377
9.961389064788818 377
9.968034029006958 377
9.973982572555542 377
9.981040239334106 377
9.987669706344604 377
9.993785858154297 377
