00
0.010169506072998047 0
0.016745805740356445 0
0.022316455841064453 0
0.02903151512145996 1
0.03477001190185547 1
0.04098176956176758 2
0.04773306846618652 3
0.05335688591003418 3
0.06133437156677246 4
0.06815314292907715 6
0.07374215126037598 7
0.08005809783935547 8
0.08640599250793457 9
0.09210205078125 10
0.09847092628479004 12
0.1042487621307373 13
0.11161589622497559 14
0.11824393272399902 16
0.12390446662902832 17
0.13043451309204102 19
0.13712573051452637 20
0.14293813705444336 22
0.14936327934265137 23
0.1549978256225586 25
0.1622762680053711 26
0.16909503936767578 28
0.17449092864990234 30
0.18115234375 31
0.18796133995056152 33
0.1936507225036621 34
0.2000107765197754 36
0.20637178421020508 38
0.2132103443145752 39
0.2195746898651123 41
0.22522473335266113 43
0.23151659965515137 44
0.2381114959716797 46
0.2437450885772705 47
0.2503523826599121 49
0.25701189041137695 50
0.26374006271362305 52
0.2739675045013428 55
0.28046298027038574 56
0.28713393211364746 58
0.29306745529174805 59
0.2996671199798584 61
0.3053755760192871 62
0.31198620796203613 64
0.31951069831848145 65
0.32514452934265137 67
0.3313877582550049 68
0.3379862308502197 70
0.34360527992248535 72
0.3500032424926758 73
0.3563685417175293 74
0.3620481491088867 76
0.36973142623901367 78
0.3753683567047119 79
0.38162827491760254 80
0.38826608657836914 82
0.3939492702484131 83
0.4002878665924072 84
0.4068930149078369 86
0.41231656074523926 87
0.41985177993774414 89
0.4258601665496826 90
0.43210840225219727 92
0.4390292167663574 93
0.4444239139556885 94
0.4509601593017578 95
0.4575629234313965 96
0.4631922245025635 98
0.4702162742614746 100
0.47685885429382324 101
0.48233604431152344 102
0.48926854133605957 103
0.49490904808044434 105
0.5011742115020752 106
0.5078136920928955 107
0.5134491920471191 108
0.5208499431610107 110
0.527442455291748 111
0.5330743789672852 112
0.5395138263702393 113
0.5451579093933105 115
0.5515789985656738 116
0.5581936836242676 117
0.5638623237609863 118
0.5714123249053955 120
0.578012228012085 121
0.5836882591247559 122
0.5900387763977051 123
0.5964419841766357 124
0.6021413803100586 125
0.6090035438537598 126
0.614363431930542 128
0.621802806854248 129
0.6282596588134766 130
0.6338834762573242 131
0.640251874923706 132
0.646885871887207 133
0.6523380279541016 134
0.6590802669525146 135
0.664442777633667 136
0.6765110492706299 138
0.6823134422302246 140
0.689262866973877 140
0.6949102878570557 142
0.7014360427856445 143
0.7081458568572998 144
0.7137546539306641 145
0.7211976051330566 146
0.7279763221740723 147
0.7336854934692383 148
0.7400753498077393 149
0.746448278427124 150
0.7521572113037109 151
0.758847713470459 152
0.7643358707427979 153
0.7716352939605713 154
0.7782392501831055 155
0.7839024066925049 156
0.7904658317565918 157
0.797135591506958 158
0.8029317855834961 159
0.8093008995056152 160
0.8149902820587158 161
0.8222808837890625 162
0.8292489051818848 163
0.8348588943481445 164
0.8411026000976562 164
0.8479108810424805 166
0.8535685539245605 167
0.8599066734313965 168
0.8658850193023682 168
0.8730652332305908 169
0.879530668258667 170
0.8851535320281982 171
0.8914635181427002 172
0.8980231285095215 173
0.9037034511566162 174
0.9101777076721191 174
0.9167995452880859 175
0.9233641624450684 176
0.9297797679901123 177
0.9358227252960205 178
0.9418272972106934 179
0.9482629299163818 180
0.9539144039154053 180
0.9604744911193848 181
0.9672119617462158 182
0.9731953144073486 183
0.9802961349487305 184
0.9869632720947266 184
0.9924521446228027 185
0.9992051124572754 186
1.0048320293426514 187
1.0110700130462646 188
1.0176894664764404 189
1.0232961177825928 190
1.0307459831237793 190
1.0371716022491455 191
1.042985200881958 192
1.0494449138641357 192
1.0550477504730225 193
1.0622258186340332 194
1.0689857006072998 195
1.0799951553344727 196
1.0863518714904785 197
1.0923125743865967 198
1.0992016792297363 198
1.1048686504364014 199
1.1111409664154053 200
1.1178019046783447 200
1.1233999729156494 201
1.1307880878448486 202
1.1371994018554688 202
1.1429691314697266 203
1.1495130062103271 204
1.1551861763000488 205
1.1614325046539307 205
1.1680383682250977 206
1.173673152923584 207
1.1810686588287354 207
1.1876966953277588 208
1.1933178901672363 208
1.1996967792510986 210
1.2052903175354004 210
1.2117578983306885 211
1.2184536457061768 212
1.224147081375122 212
1.2314486503601074 213
1.238013505935669 214
1.2436747550964355 214
1.2501282691955566 215
1.2567408084869385 215
1.2622311115264893 216
1.2691800594329834 216
1.274817705154419 217
1.2820839881896973 218
1.2884795665740967 218
1.2942771911621094 219
1.3007495403289795 220
1.307192325592041 220
1.312967300415039 221
1.319422721862793 221
1.325049638748169 222
1.33247709274292 222
1.3392283916473389 223
1.3448705673217773 224
1.351428747177124 224
1.358119010925293 225
1.36376953125 225
1.3700881004333496 226
1.3765060901641846 226
1.3833930492401123 227
1.389944076538086 228
1.3959224224090576 228
1.4019949436187744 229
1.4083573818206787 229
1.41408371925354 230
1.4203474521636963 230
1.4269862174987793 231
1.433579444885254 232
1.4399266242980957 232
1.4459164142608643 232
1.4521825313568115 233
1.458789348602295 234
1.4642841815948486 234
1.4744987487792969 235
1.4822015762329102 236
1.4891583919525146 236
1.4947922229766846 236
1.5012216567993164 237
1.5079922676086426 238
1.5136618614196777 238
1.5200049877166748 238
1.5263681411743164 239
1.5330064296722412 240
1.5395193099975586 240
1.545128345489502 241
1.5513746738433838 241
1.5579662322998047 242
1.5636484622955322 242
1.570133924484253 242
1.5767176151275635 243
1.5822029113769531 243
1.5896849632263184 244
1.5953114032745361 244
1.601527214050293 245
1.6082508563995361 245
1.6138925552368164 246
1.6207668781280518 246
1.6271724700927734 246
1.6330690383911133 247
1.640254020690918 247
1.6468849182128906 248
1.652341365814209 248
1.6590557098388672 249
1.6644291877746582 249
1.670884609222412 250
1.6774873733520508 250
1.6830663681030273 250
1.6903753280639648 251
1.697044849395752 251
1.702497959136963 252
1.7092595100402832 252
1.7148661613464355 252
1.7211837768554688 253
1.7278237342834473 253
1.7334749698638916 254
1.7409958839416504 254
1.7477571964263916 254
1.7533652782440186 255
1.7597339153289795 255
1.765350580215454 256
1.7716007232666016 256
1.7782070636749268 256
1.7838377952575684 257
1.791107416152954 257
1.7977724075317383 258
1.8033812046051025 258
1.8098986148834229 258
1.8158578872680664 259
1.8218727111816406 259
1.8283300399780273 260
1.833958625793457 260
1.841372013092041 260
1.8479642868041992 261
1.8536474704742432 261
1.8599913120269775 261
1.866335391998291 262
1.8778817653656006 262
1.8834760189056396 263
1.8909547328948975 263
1.8976972103118896 264
1.903372049331665 264
1.909703016281128 264
1.9153027534484863 264
1.9215314388275146 265
1.9282653331756592 265
1.9339330196380615 266
1.9413783550262451 266
1.947967767715454 266
1.953603744506836 266
1.9599285125732422 267
1.9659173488616943 267
1.9719045162200928 267
1.9783403873443604 268
1.9839673042297363 268
1.9916050434112549 268
2.0000150203704834 269
2.0063693523406982 269
2.0120174884796143 270
2.0184388160705566 270
2.0241379737854004 270
2.0303642749786377 270
2.0369856357574463 271
2.0436058044433594 271
2.050157070159912 271
2.056511640548706 272
2.0632920265197754 272
2.0696587562561035 272
2.0753049850463867 272
2.0815446376800537 273
2.088108777999878 273
2.0944952964782715 273
2.1009507179260254 274
2.10772442817688 274
2.1133506298065186 274
2.119692087173462 274
2.125305652618408 275
2.1318328380584717 275
2.1382946968078613 275
2.1450564861297607 276
2.151315212249756 276
2.1578786373138428 276
2.163532257080078 276
2.1700363159179688 277
2.176367998123169 277
2.1820149421691895 277
2.188429117202759 278
2.195176124572754 278
2.2013862133026123 278
2.2079808712005615 278
2.2136189937591553 278
2.2199461460113525 279
2.2259178161621094 279
2.2321701049804688 279
2.2384822368621826 280
2.2451720237731934 280
2.2515251636505127 280
2.258284568786621 280
2.263896942138672 281
2.270313024520874 281
2.2804670333862305 281
2.287095069885254 282
2.293165922164917 282
2.300468683242798 282
2.3071563243865967 282
2.3129513263702393 282
2.3248090744018555 283
2.331083059310913 283
2.3377106189727783 284
2.343320369720459 284
2.3508384227752686 284
2.357461929321289 284
2.363065004348755 284
2.3695003986358643 284
2.3750813007354736 285
2.3813657760620117 285
2.3881657123565674 285
2.3937625885009766 286
2.401099681854248 286
2.4078729152679443 286
2.413464307785034 286
2.419853448867798 286
2.425865650177002 286
2.4318957328796387 287
2.4383468627929688 287
2.4440555572509766 287
2.451254367828369 287
2.4578256607055664 288
2.4634647369384766 288
2.4700379371643066 288
2.476440668106079 288
2.482128143310547 288
2.4885053634643555 289
2.4942266941070557 289
2.501434803009033 289
2.508051633834839 289
2.5136992931365967 290
2.5201680660247803 290
2.5267715454101562 290
2.5323758125305176 290
2.5391135215759277 290
2.5444648265838623 290
2.551891803741455 291
2.5583131313323975 291
2.5640671253204346 291
2.570291042327881 291
2.5768730640411377 292
2.582284688949585 292
2.5892081260681152 292
2.5948667526245117 292
2.6019859313964844 292
2.6083908081054688 292
2.6141059398651123 292
2.6203973293304443 293
2.62699818611145 293
2.632436513900757 293
2.639164447784424 293
2.6447432041168213 294
2.6522529125213623 294
2.658991813659668 294
2.6643154621124268 294
2.6707799434661865 294
2.6804451942443848 294
2.6870689392089844 294
2.692988872528076 294
2.699615240097046 295
2.7070422172546387 295
2.7130658626556396 295
2.7194740772247314 295
2.725074291229248 296
2.731334924697876 296
2.7379658222198486 296
2.743584632873535 296
2.7498939037323 296
2.7575433254241943 296
2.7631800174713135 296
2.7697203159332275 296
2.7753007411956787 296
2.7818353176116943 296
2.7882938385009766 297
2.793917179107666 297
2.8002800941467285 297
2.80793833732605 297
2.8135499954223633 297
2.8199350833892822 298
2.8259224891662598 298
2.832165241241455 298
2.8384921550750732 298
2.84421706199646 298
2.8504528999328613 298
2.8581125736236572 298
2.8637304306030273 298
2.8701019287109375 298
2.8767356872558594 299
2.882195234298706 299
2.889089584350586 299
2.894446611404419 299
2.90087890625 299
2.9084389209747314 300
2.914124011993408 300
2.9203336238861084 300
2.9269118309020996 300
2.9323177337646484 300
2.9390687942504883 300
2.9444241523742676 300
2.9510505199432373 301
2.958385944366455 301
2.9641385078430176 301
2.970350742340088 301
2.9769833087921143 301
2.982409954071045 301
2.9890966415405273 301
2.9944963455200195 302
3.0010104179382324 302
3.008422613143921 302
3.014150381088257 302
3.020357847213745 302
3.027000665664673 302
3.0324387550354004 302
3.039309501647949 302
3.044921398162842 302
3.051179885864258 302
3.0587916374206543 303
3.065204381942749 303
3.0715582370758057 303
3.0815463066101074 303
3.0883121490478516 303
3.093938112258911 303
3.100419044494629 303
3.1081185340881348 303
3.1137609481811523 303
3.120079517364502 303
3.1264138221740723 303
3.132286787033081 303
3.139085531234741 303
3.1444406509399414 303
3.150881290435791 303
3.157486915588379 303
3.1639010906219482 303
3.1704163551330566 303
3.177029609680176 303
3.182480812072754 303
3.189361333847046 303
3.195012331008911 303
3.201242208480835 303
3.2078490257263184 303
3.214348316192627 303
3.2250075340270996 303
3.231252908706665 303
3.2378311157226562 303
3.243464469909668 303
3.2500574588775635 303
3.256438970565796 303
3.2633137702941895 303
3.2696542739868164 303
3.275324821472168 303
3.281552791595459 303
3.2880969047546387 303
3.293727397918701 303
3.3002066612243652 303
3.3068065643310547 303
3.313599109649658 303
3.3199212551116943 303
3.3259212970733643 303
3.33199405670166 303
3.338334798812866 303
3.3439438343048096 303
3.350271463394165 303
3.356876850128174 303
3.36350154876709 303
3.3700661659240723 303
3.376441240310669 303
3.3820972442626953 303
3.3884599208831787 303
3.394199848175049 303
3.4004223346710205 303
3.4070346355438232 303
3.41359543800354 303
3.4200003147125244 303
3.4263832569122314 303
3.4323463439941406 303
3.439089059829712 303
3.444446325302124 303
3.450927257537842 303
3.4575469493865967 303
3.4631540775299072 303
3.4702606201171875 303
3.4768781661987305 303
3.487043619155884 303
3.493070125579834 303
3.4996461868286133 303
3.5052969455718994 303
3.511827230453491 303
3.5193064212799072 303
3.524918794631958 303
3.5311999320983887 303
3.537794828414917 303
3.5434134006500244 303
3.5499606132507324 303
3.5563173294067383 303
3.5622053146362305 303
3.569702386856079 303
3.5753026008605957 303
3.5815467834472656 303
3.588099956512451 303
3.5937232971191406 303
3.6000325679779053 303
3.60638689994812 303
3.6122357845306396 303
3.6197235584259033 303
3.6253092288970947 303
3.631525993347168 303
3.6381053924560547 303
3.6437339782714844 303
3.6500604152679443 303
3.656423568725586 303
3.6621015071868896 303
3.669760227203369 303
3.675372838973999 303
3.6815879344940186 303
3.6883583068847656 303
3.6939618587493896 303
3.7002947330474854 303
3.706918478012085 303
3.7123608589172363 303
3.719883680343628 303
3.725844383239746 303
3.732052803039551 303
3.7384073734283447 303
3.744121789932251 303
3.7503392696380615 303
3.7569632530212402 303
3.762389898300171 303
3.7700164318084717 303
3.7763805389404297 303
3.782034158706665 303
3.7888693809509277 303
3.7943341732025146 303
3.8008296489715576 303
3.807213306427002 303
3.8130276203155518 303
3.8203976154327393 303
3.8270797729492188 303
3.8327367305755615 303
3.839250326156616 303
3.844883680343628 303
3.8513174057006836 303
3.8579037189483643 303
3.863524913787842 303
3.8698699474334717 303
3.877488613128662 303
3.8876936435699463 303
3.893296957015991 303
3.8997962474823 303
3.9054670333862305 303
3.9121806621551514 303
3.9188122749328613 303
3.925222158432007 303
3.9314355850219727 303
3.9380228519439697 303
3.9436399936676025 303
3.950150728225708 303
3.9564945697784424 303
3.9621760845184326 303
3.969115972518921 303
3.9759159088134766 303
3.981886386871338 303
3.988295078277588 303
3.9939393997192383 303
4.000288248062134 303
4.006916522979736 303
4.012317657470703 303
4.019073486328125 303
4.025862455368042 303
4.032042980194092 303
4.038408517837524 303
4.0441577434539795 303
4.050428152084351 303
4.057061195373535 303
4.063634634017944 303
4.069972276687622 303
4.077747583389282 303
4.083362817764282 303
4.089848518371582 303
4.0958521366119385 303
4.101827621459961 303
4.1082680225372314 303
4.113904237747192 303
4.120232582092285 303
4.1278486251831055 303
4.133455514907837 303
4.139779806137085 303
4.14535665512085 303
4.1519200801849365 303
4.158346652984619 303
4.164073467254639 303
4.170283794403076 303
4.177871465682983 303
4.183484315872192 303
4.189861297607422 303
4.195874214172363 303
4.2018280029296875 303
4.208432912826538 303
4.214146852493286 303
4.220374345779419 303
4.227994203567505 303
4.233622789382935 303
4.239959955215454 303
4.24631142616272 303
4.252112865447998 303
4.258455514907837 303
4.26418399810791 303
4.270843267440796 303
4.27810263633728 303
4.288491249084473 303
4.294201374053955 303
4.300862789154053 303
4.307602167129517 303
4.313221454620361 303
4.320985317230225 303
4.328368425369263 303
4.334138870239258 303
4.340787649154663 303
4.347207307815552 303
4.352932453155518 303
4.359341859817505 303
4.364945411682129 303
4.371164083480835 303
4.377964735031128 303
4.38517689704895 303
4.391591548919678 303
4.398195266723633 303
4.403796672821045 303
4.410145044326782 303
4.4167327880859375 303
4.422232389450073 303
4.429645538330078 303
4.435305833816528 303
4.441518783569336 303
4.4482505321502686 303
4.453885793685913 303
4.460221529006958 303
4.466834306716919 303
4.472409725189209 303
4.47916841506958 303
4.485954999923706 303
4.491978883743286 303
4.498347520828247 303
4.504084348678589 303
4.510494947433472 303
4.517138719558716 303
4.522885322570801 303
4.529282808303833 303
4.536773681640625 303
4.542240142822266 303
4.548957347869873 303
4.55431866645813 303
4.5608460903167725 303
4.56758451461792 303
4.573201656341553 303
4.579544544219971 303
4.587092161178589 303
4.592777729034424 303
4.59941291809082 303
4.605035305023193 303
4.611273288726807 303
4.617874383926392 303
4.623491048812866 303
4.630011558532715 303
4.637692213058472 303
4.643311262130737 303
4.649704694747925 303
4.655284643173218 303
4.667873382568359 303
4.673515319824219 303
4.67986536026001 303
4.691059827804565 303
4.6978044509887695 303
4.703469753265381 303
4.709990978240967 303
4.716366529464722 303
4.722003221511841 303
4.7288737297058105 303
4.735388517379761 303
4.74158787727356 303
4.748340129852295 303
4.7539589405059814 303
4.760302305221558 303
4.766860723495483 303
4.772276163101196 303
4.779033422470093 303
4.785346746444702 303
4.79175591468811 303
4.798231601715088 303
4.803837537765503 303
4.810277938842773 303
4.816900014877319 303
4.822303295135498 303
4.829037666320801 303
4.83442759513855 303
4.841633558273315 303
4.848276376724243 303
4.8538970947265625 303
4.860416650772095 303
4.8670148849487305 303
4.872933864593506 303
4.8793559074401855 303
4.884958982467651 303
4.892024755477905 303
4.898450613021851 303
4.904184103012085 303
4.9104225635528564 303
4.917046546936035 303
4.922495365142822 303
4.929367303848267 303
4.934996843338013 303
4.942141532897949 303
4.94849705696106 303
4.954224586486816 303
4.960419416427612 303
4.967142820358276 303
4.9728944301605225 303
4.979281663894653 303
4.984889507293701 303
4.9922935962677 303
4.999032497406006 303
