00
0.00921010971069336 0
0.016462087631225586 0
0.02268195152282715 1
0.030318737030029297 1
0.03683924674987793 2
0.043386220932006836 3
0.04931759834289551 3
0.056324005126953125 5
0.06254148483276367 6
0.0688481330871582 7
0.07588601112365723 9
0.0833282470703125 11
0.08925819396972656 12
0.09623384475708008 14
0.10207819938659668 17
0.10874462127685547 18
0.11581683158874512 21
0.12164735794067383 23
0.12824392318725586 25
0.13638949394226074 28
0.1426699161529541 31
0.14916157722473145 33
0.1560955047607422 36
0.16193342208862305 39
0.16843914985656738 42
0.1752490997314453 45
0.18263721466064453 50
0.19339251518249512 53
0.20007658004760742 56
0.20681524276733398 60
0.21367549896240234 63
0.21980929374694824 66
0.22650718688964844 69
0.2343883514404297 73
0.24036383628845215 77
0.2469789981842041 81
0.2542142868041992 84
0.2601938247680664 87
0.2674064636230469 92
0.27465176582336426 97
0.28054237365722656 99
0.2881162166595459 103
0.2949333190917969 108
0.30088233947753906 112
0.30739450454711914 115
0.31464362144470215 120
0.3206641674041748 124
0.3272101879119873 128
0.33498358726501465 133
0.3409299850463867 137
0.3477177619934082 140
0.35454607009887695 144
0.3605082035064697 148
0.3670649528503418 153
0.37424421310424805 157
0.3801889419555664 161
0.3877441883087158 167
0.3945887088775635 172
0.4005444049835205 175
0.4072413444519043 180
0.414320707321167 184
0.4202597141265869 188
0.4268062114715576 193
0.43342113494873047 199
0.4407994747161865 203
0.447343111038208 207
0.4544367790222168 211
0.4603760242462158 216
0.46686315536499023 221
0.4738807678222656 225
0.4796593189239502 229
0.4871866703033447 235
0.49442172050476074 239
0.5004243850708008 244
0.5069656372070312 249
0.514031171798706 253
0.5198712348937988 258
0.5264997482299805 262
0.5331056118011475 268
0.5404322147369385 272
0.5469739437103271 278
0.5541591644287109 282
0.5601339340209961 287
0.566662073135376 292
0.5732424259185791 297
0.5791411399841309 301
0.5906403064727783 309
0.597320556640625 313
0.6045792102813721 319
0.6105132102966309 322
0.6172749996185303 327
0.6243228912353516 332
0.630232572555542 336
0.6367802619934082 342
0.6445417404174805 346
0.6504826545715332 350
0.6570112705230713 355
0.6641845703125 360
0.670114278793335 364
0.6768374443054199 369
0.6833992004394531 373
0.6905808448791504 379
0.697150468826294 383
0.7041943073272705 387
0.7101337909698486 391
0.7166745662689209 396
0.7233107089996338 400
0.7292351722717285 404
0.7363576889038086 408
0.7441978454589844 413
0.7501389980316162 417
0.756697416305542 422
0.7633020877838135 426
0.7694153785705566 430
0.776418924331665 434
0.7826542854309082 439
0.7889795303344727 442
0.7968432903289795 447
0.8038876056671143 451
0.8096492290496826 455
0.8164427280426025 458
0.8226580619812012 463
0.828970193862915 466
0.8359863758087158 469
0.8434004783630371 474
0.8493137359619141 477
0.8565466403961182 481
0.8631289005279541 485
0.8690698146820068 489
0.8759725093841553 492
0.8817992210388184 496
0.8883280754089355 498
0.896359920501709 502
0.902611255645752 507
0.9089031219482422 509
0.9160757064819336 512
0.9219233989715576 516
0.9287080764770508 519
0.9353880882263184 522
0.9413247108459473 525
0.9490931034088135 528
0.9560225009918213 531
0.9618525505065918 535
0.9683983325958252 537
0.9753470420837402 539
0.9813060760498047 542
0.9919276237487793 547
0.9997363090515137 549
1.0066652297973633 553
1.013289213180542 555
1.019355297088623 557
1.0263798236846924 559
1.0326018333435059 562
1.0390925407409668 564
1.0468714237213135 567
1.0537097454071045 569
1.0599098205566406 571
1.066572666168213 572
1.073209524154663 575
1.0791468620300293 577
1.0860908031463623 578
1.0919039249420166 580
1.099928617477417 582
1.1065945625305176 584
1.113217830657959 585
1.1191625595092773 587
1.1299984455108643 589
1.136652946472168 591
1.14326810836792 592
1.1504709720611572 593
1.1571686267852783 594
1.1642985343933105 595
1.17020845413208 596
1.1767551898956299 597
1.1833369731903076 599
1.1897423267364502 599
1.1964235305786133 600
1.2042958736419678 601
1.2101924419403076 601
1.2168755531311035 602
1.223710060119629 603
1.229400873184204 603
1.2363722324371338 604
1.2426135540008545 604
1.2501482963562012 605
1.2566823959350586 605
1.2632548809051514 605
1.270343542098999 605
1.277017593383789 605
1.2840676307678223 605
1.289884328842163 605
1.2965314388275146 605
1.3044476509094238 605
1.3103950023651123 605
1.3170843124389648 605
1.324152946472168 605
1.330085039138794 605
1.3368268013000488 605
1.343400239944458 605
1.3504769802093506 605
1.3570256233215332 604
1.3641555309295654 604
1.3701143264770508 603
1.3766636848449707 603
1.3832826614379883 603
1.3942792415618896 602
1.4009392261505127 601
1.4079062938690186 601
1.4148585796356201 600
1.420778512954712 599
1.4273681640625 599
1.43446683883667 598
1.4404466152191162 597
1.447134017944336 597
1.455291509628296 595
1.4612197875976562 595
1.4679899215698242 594
1.4748055934906006 593
1.4807496070861816 592
1.4873425960540771 591
1.4944117069244385 590
1.5003676414489746 589
1.507765531539917 587
1.5147488117218018 586
1.5206866264343262 585
1.527195692062378 583
1.5342936515808105 582
1.5402286052703857 581
1.5467891693115234 579
1.5545477867126465 578
1.5604960918426514 577
1.5670127868652344 575
1.5742671489715576 573
1.5802717208862305 572
1.586798906326294 570
1.5933902263641357 568
1.5992870330810547 567
1.6069979667663574 565
1.6140482425689697 563
1.6198933124542236 561
1.6265242099761963 559
1.633117914199829 557
1.6391987800598145 555
1.646223545074463 553
1.6520764827728271 551
1.659923791885376 549
1.6665902137756348 547
1.6731867790222168 545
1.6790978908538818 543
1.686030626296997 541
1.6918487548828125 538
1.6985414028167725 536
1.7067041397094727 533
1.7133259773254395 531
1.7192409038543701 529
1.7262024879455566 527
1.7320733070373535 524
1.7385716438293457 522
1.7453572750091553 520
1.7512876987457275 518
1.759246587753296 515
1.7661831378936768 513
1.7719719409942627 509
1.778486967086792 507
1.7852551937103271 505
1.7961525917053223 501
1.8019707202911377 498
1.8099143505096436 495
1.8168208599090576 492
1.8238821029663086 490
1.8293890953063965 487
1.8365697860717773 485
1.8432188034057617 481
1.849172830581665 479
1.8560864925384521 477
1.8637168407440186 473
1.8694078922271729 471
1.8765583038330078 468
1.8831126689910889 465
1.8890058994293213 462
1.8959589004516602 460
1.9017424583435059 457
1.9092252254486084 454
1.9162206649780273 451
1.9220654964447021 448
1.9285573959350586 445
1.935861349105835 443
1.9416754245758057 440
1.9482395648956299 437
1.9550693035125732 434
1.9619331359863281 430
1.9689419269561768 427
1.9759063720703125 425
1.9816713333129883 423
1.9885804653167725 419
1.9977161884307861 415
2.004579544067383 412
2.011246681213379 409
2.0180790424346924 407
2.0249056816101074 403
2.0308456420898438 401
2.037379503250122 398
2.044452667236328 395
2.0504138469696045 393
2.057169198989868 389
2.065077066421509 386
2.0709877014160156 383
2.0777199268341064 381
2.084536552429199 378
2.0905263423919678 375
2.0972354412078857 372
2.104279041290283 369
2.110206365585327 366
2.11794114112854 363
2.1247222423553467 360
2.130772829055786 357
2.1373648643493652 355
2.1444618701934814 353
2.150404930114746 350
2.156944751739502 347
2.1647565364837646 343
2.1706864833831787 341
2.177394390106201 339
2.184465169906616 336
2.194638967514038 331
2.2006499767303467 329
2.2073471546173096 327
2.21528697013855 323
2.2212564945220947 321
2.2283036708831787 319
2.2352914810180664 316
2.241225242614746 313
2.2480154037475586 311
2.254816770553589 308
2.2607526779174805 306
2.269083261489868 303
2.2759883403778076 301
2.2818124294281006 298
2.288349151611328 297
2.2953083515167236 294
2.301239013671875 292
2.3081095218658447 290
2.3149147033691406 287
2.321892261505127 284
2.328433036804199 282
2.3351950645446777 280
2.3411333560943604 279
2.347890853881836 277
2.3549368381500244 274
2.360886812210083 272
2.3684871196746826 270
2.3752293586730957 268
2.3811755180358887 266
2.387974739074707 264
2.3948357105255127 262
2.4007701873779297 260
2.4073030948638916 259
2.414475440979004 257
2.4212112426757812 255
2.427992582321167 253
2.434807300567627 251
2.4472103118896484 248
2.4543042182922363 247
2.4602091312408447 245
2.4667766094207764 243
2.4748494625091553 241
2.4808473587036133 240
2.4878039360046387 239
2.4945976734161377 237
2.5005133152008057 236
2.5070977210998535 235
2.5141656398773193 233
2.5208823680877686 232
2.527709722518921 231
2.5347039699554443 229
2.5406620502471924 228
2.547173500061035 227
2.554278612136841 226
2.5602455139160156 225
2.5668551921844482 224
2.5746207237243652 223
2.5805742740631104 222
2.587200164794922 221
2.597973108291626 219
2.6049468517303467 219
2.610889434814453 218
2.6179134845733643 217
2.6261322498321533 216
2.6319572925567627 215
2.638484001159668 215
2.6452300548553467 214
2.6511874198913574 214
2.6581828594207764 213
2.664984941482544 213
2.670893669128418 212
2.6784586906433105 212
2.685250997543335 211
2.6912167072296143 211
2.6979966163635254 211
2.704799175262451 210
2.710723876953125 210
2.7174038887023926 210
2.7252089977264404 209
2.731112003326416 209
2.737842559814453 209
2.7447800636291504 209
2.7506752014160156 209
2.757152557373047 209
2.7642738819122314 209
2.770143508911133 209
2.777803659439087 209
2.784592628479004 209
2.7905163764953613 209
2.797058343887329 209
2.8040969371795654 209
2.8098816871643066 209
2.816551923751831 209
2.8231191635131836 209
2.8302886486053467 209
2.836984872817993 209
2.843991994857788 209
2.8497371673583984 209
2.856398582458496 209
2.8625998497009277 209
2.8688971996307373 209
2.876840829849243 209
2.8837013244628906 209
2.8893778324127197 209
2.8965816497802734 209
2.9031786918640137 209
2.909109592437744 209
2.9160265922546387 209
2.921844244003296 209
2.9293158054351807 209
2.9363462924957275 209
2.942551374435425 210
2.948861837387085 210
2.955993175506592 211
2.961822509765625 211
2.9683265686035156 211
2.9751033782958984 212
2.9821219444274902 213
2.9887571334838867 213
2.9991469383239746 214
3.0063676834106445 215
3.0126466751098633 216
3.019198417663574 217
3.0263023376464844 217
3.0341644287109375 218
3.0401437282562256 219
3.046720027923584 220
3.0533287525177 221
3.0592782497406006 221
3.0662131309509277 223
3.072117567062378 223
3.080181121826172 225
3.0867083072662354 226
3.093320846557617 227
3.0992720127105713 228
3.1062731742858887 229
3.1121113300323486 230
3.1187214851379395 231
3.1253836154937744 232
3.133078098297119 234
3.1392297744750977 235
3.1461639404296875 236
3.1519434452056885 237
3.1584548950195312 239
3.165243625640869 240
3.171184539794922 241
3.1779820919036865 243
3.185948133468628 244
3.191805124282837 246
3.1984992027282715 247
3.205228090286255 249
3.2111148834228516 250
3.2178807258605957 251
3.2247138023376465 253
3.2313950061798096 254
3.2382161617279053 255
3.2450389862060547 257
3.2509520053863525 259
3.2578508853912354 260
3.2654151916503906 262
3.271402359008789 264
3.2781925201416016 265
3.286146879196167 267
3.2919788360595703 269
3.298515558242798 271
3.3052406311035156 273
3.3111281394958496 274
3.3181135654449463 275
3.3249645233154297 277
3.3308701515197754 280
3.3383867740631104 281
3.34519362449646 283
3.351102113723755 284
3.3578314781188965 286
3.3646254539489746 288
3.370553493499756 289
3.3772459030151367 291
3.38503360748291 293
3.3909494876861572 295
3.4016778469085693 298
3.408378839492798 299
3.4153079986572266 302
3.4212307929992676 303
3.428179979324341 305
3.4363081455230713 307
3.4421474933624268 310
3.4488797187805176 311
3.4558210372924805 313
3.4616539478302 315
3.468217134475708 317
3.4750092029571533 319
3.4808878898620605 321
3.4884445667266846 323
3.495380401611328 324
3.50126314163208 326
3.5080695152282715 328
3.5148773193359375 330
3.5208325386047363 332
3.527731418609619 333
3.534517288208008 335
3.541127920150757 337
3.5479228496551514 339
3.5548954010009766 341
3.5608108043670654 343
3.567335844039917 345
3.5743978023529053 346
3.580380439758301 348
3.58793568611145 350
3.594733476638794 352
3.6006500720977783 354
3.607170343399048 356
3.6144728660583496 357
3.6203930377960205 359
3.6269545555114746 361
3.6340110301971436 363
3.6407806873321533 365
3.647320508956909 366
3.65451979637146 368
3.660459280014038 369
3.66696834564209 371
3.674168586730957 373
3.6801204681396484 375
3.686721086502075 377
3.6945559978485107 378
3.700497627258301 380
3.7070302963256836 382
3.7140989303588867 383
3.71990966796875 385
3.72658371925354 387
3.733192205429077 388
3.740539312362671 390
3.747093439102173 391
3.7541027069091797 393
3.7598891258239746 394
3.7665696144104004 396
3.7731552124023438 397
3.779013156890869 399
3.786159038543701 400
3.794229745864868 403
3.8049421310424805 405
3.8109123706817627 406
3.817842483520508 407
3.8248398303985596 409
3.8307833671569824 410
3.8373663425445557 411
3.845214605331421 413
3.8511335849761963 414
3.8581268787384033 415
3.864938974380493 417
3.870870351791382 418
3.87737774848938 419
3.8844892978668213 421
3.8904266357421875 422
3.898000717163086 423
3.9048078060150146 425
3.9107680320739746 425
3.9177634716033936 427
3.9245660305023193 427
3.930501937866211 429
3.937013626098633 430
3.94474196434021 431
3.9506683349609375 432
3.9571895599365234 433
3.9642724990844727 434
3.9702415466308594 435
3.976962089538574 436
3.984013795852661 437
3.98978590965271 437
3.997117757797241 439
4.004179954528809 439
4.010075330734253 440
4.016661643981934 441
4.023244142532349 441
4.0291748046875 442
4.036319017410278 443
4.042120933532715 444
4.0499186515808105 445
4.056588649749756 445
4.063176155090332 446
4.069106340408325 447
4.076011657714844 447
4.081802606582642 448
4.088315010070801 448
4.096456050872803 449
4.102661371231079 449
4.108956813812256 450
4.115938425064087 450
4.121716499328613 451
4.128257513046265 451
4.135102272033691 451
4.141021966934204 452
4.1487507820129395 452
4.1559295654296875 453
4.161726951599121 453
4.168222188949585 453
4.175152063369751 453
4.181040525436401 454
4.187854290008545 454
4.194620847702026 454
4.206126689910889 455
4.21197509765625 455
4.218905687332153 455
4.226017236709595 455
4.231798887252808 455
4.238296747207642 455
4.24510645866394 455
4.252038478851318 455
4.258559465408325 455
4.266398668289185 455
4.2726147174835205 455
4.279048681259155 455
4.286179780960083 455
4.291986465454102 455
4.299421072006226 455
4.306623697280884 455
4.31323504447937 455
4.3191211223602295 455
4.326028108596802 455
4.331908941268921 455
4.338571310043335 455
4.34533953666687 455
4.352653503417969 455
4.358935832977295 455
4.3659443855285645 455
4.371761083602905 455
4.378235340118408 455
4.385033130645752 455
4.390970230102539 455
4.397862672805786 455
4.405338525772095 455
4.411229133605957 455
4.418004512786865 455
4.424819469451904 455
4.430727481842041 455
4.437647104263306 455
4.445912837982178 455
4.45332145690918 455
4.45940899848938 455
4.466360807418823 455
4.472559452056885 455
4.478896617889404 455
4.48588752746582 455
4.491664409637451 455
4.498255491256714 455
4.506828546524048 455
4.513710260391235 455
4.519876956939697 454
4.526570796966553 454
4.533158540725708 453
4.539063930511475 453
4.546016693115234 453
4.551792621612549 453
4.559265375137329 452
4.5663838386535645 452
4.573048830032349 451
4.579144716262817 451
4.586065769195557 450
4.591881513595581 449
4.603090047836304 449
4.610381841659546 448
4.617019176483154 447
4.6242218017578125 447
4.630168914794922 446
4.636852979660034 445
4.643706798553467 445
4.649371385574341 444
4.657202959060669 443
4.664253234863281 443
4.670182943344116 442
4.6767213344573975 441
4.683311462402344 441
4.689272403717041 440
4.696417331695557 439
4.702658653259277 438
4.7102296352386475 437
4.7168169021606445 436
4.723656415939331 435
4.729402780532837 435
4.736407279968262 434
4.742624521255493 433
4.749069929122925 432
4.756885290145874 431
4.763930082321167 430
4.769744396209717 429
4.77639627456665 428
4.782650947570801 427
4.78893518447876 426
4.795922756195068 425
4.801709890365601 424
4.809281587600708 423
4.816415071487427 422
4.8226447105407715 421
4.829178094863892 420
4.836074113845825 419
4.841890811920166 418
4.84839940071106 417
4.855168104171753 416
4.862591743469238 415
4.868899345397949 413
4.87605357170105 413
4.8818581104278564 411
4.88839864730835 411
4.8952317237854 409
4.9011616706848145 408
4.914496183395386 406
4.920473575592041 405
4.927218198776245 404
4.934510946273804 403
4.9404685497283936 402
4.947030305862427 400
4.954237699508667 399
4.960988283157349 398
4.967714071273804 397
4.974567174911499 396
4.980504274368286 395
4.987043619155884 393
4.994244575500488 392
5.004565477371216 391
5.011207818984985 389
5.0182225704193115 388
5.025207281112671 387
5.0311760902404785 385
5.037992477416992 384
5.044806241989136 383
5.050778150558472 382
5.057716608047485 381
5.065293312072754 379
5.0712385177612305 378
5.078075408935547 377
5.085027694702148 376
5.091063737869263 375
5.09780740737915 374
5.1046223640441895 372
5.110562562942505 371
5.1182684898376465 370
5.125087738037109 369
5.131085634231567 368
5.137942552566528 367
5.1447508335113525 365
5.150675058364868 364
5.1572394371032715 363
5.1650073528289795 362
5.170945405960083 361
5.177841901779175 360
5.184626817703247 359
5.190518140792847 358
5.197028636932373 357
5.204097270965576 355
5.209914684295654 355
5.217341423034668 353
5.224429130554199 352
5.230470180511475 351
5.237127780914307 350
5.2441606521606445 349
5.2500834465026855 348
5.256655931472778 347
5.263293266296387 345
5.271006345748901 345
5.2777228355407715 343
5.284542083740234 343
5.2904863357543945 342
5.297165870666504 341
5.304220676422119 340
5.310138940811157 339
5.317836284637451 337
5.324622869491577 337
5.330511093139648 336
5.337036371231079 335
5.3442370891571045 334
5.350197076797485 333
5.356857538223267 332
5.36365532875061 331
5.370635271072388 330
5.377131462097168 329
5.384222507476807 329
5.3901121616363525 328
5.396653890609741 327
5.407169580459595 325
5.414456129074097 325
5.421182632446289 324
5.428096055984497 323
5.434921979904175 322
5.440860748291016 321
5.447381973266602 321
5.454448938369751 320
5.460360288619995 319
5.466911315917969 319
5.474835634231567 317
5.480711460113525 317
5.487191677093506 316
5.494269609451294 315
5.500243902206421 315
5.506798267364502 314
5.513380289077759 314
5.520534992218018 313
5.527110815048218 312
5.53431510925293 312
5.540203094482422 311
5.5467095375061035 311
5.553339719772339 310
5.559315204620361 309
5.574535608291626 309
5.580484628677368 308
5.586990118026733 307
5.594295024871826 307
5.6001880168914795 307
5.606862306594849 306
5.613894939422607 306
5.620487928390503 305
5.627063751220703 305
5.634071350097656 305
5.63988995552063 304
5.6465630531311035 304
5.6532087326049805 303
5.659273624420166 303
5.6661834716796875 303
5.674030542373657 303
5.6798717975616455 302
5.686516284942627 302
5.692682266235352 302
5.698926687240601 301
5.705928802490234 301
5.711720943450928 301
5.718345880508423 301
5.7263548374176025 301
5.732187271118164 301
5.7390172481536865 300
5.745996713638306 300
5.7517735958099365 300
5.758314609527588 300
5.765110731124878 300
5.7710278034210205 300
5.778871536254883 300
5.785786867141724 300
5.791361331939697 300
5.798152208328247 300
5.808417320251465 300
5.815333127975464 300
5.821234464645386 300
5.829027891159058 300
5.836130380630493 300
5.841898441314697 300
5.848370313644409 300
5.8551366329193115 300
5.8610124588012695 300
5.867930173873901 300
5.875825881958008 300
5.881399393081665 300
5.88814640045166 300
5.89506983757019 300
5.900927305221558 300
5.907686710357666 300
5.914490699768066 300
5.920437812805176 300
5.92798924446106 300
5.934736728668213 300
5.940633058547974 300
5.947137355804443 300
5.954341888427734 300
5.96025276184082 300
5.96677565574646 300
5.973400354385376 300
5.980501890182495 300
5.9869794845581055 300
5.994151830673218 300
5.999993801116943 300
6.006582736968994 300
6.0131001472473145 300
6.019150972366333 300
6.026015996932983 300
6.033422470092773 300
6.039297342300415 300
6.0462048053741455 300
6.051988840103149 300
6.058450698852539 300
6.065221071243286 300
6.07109260559082 300
6.0789735317230225 300
6.085953235626221 300
6.091684341430664 300
6.098192930221558 300
6.104938983917236 300
6.110863924026489 300
6.117337703704834 300
6.1279449462890625 300
6.136211395263672 300
6.141984939575195 300
6.148460865020752 300
6.1551923751831055 300
6.161068677902222 300
6.167799711227417 301
6.174575567245483 301
6.1812896728515625 301
6.188097238540649 301
6.195091485977173 301
6.200968027114868 301
6.211405515670776 301
6.21831750869751 302
6.225253343582153 302
6.232578277587891 302
6.239036560058594 303
6.2459893226623535 303
6.251802206039429 303
6.258503675460815 303
6.266314268112183 304
6.272158622741699 305
6.278847694396973 305
6.286549091339111 305
6.2931177616119385 306
6.299056768417358 306
6.305968999862671 307
6.311756372451782 307
6.3184003829956055 307
6.325159549713135 308
6.331080436706543 309
6.338749885559082 309
6.345378875732422 309
6.351310968399048 310
6.358086585998535 311
6.3649046421051025 311
6.370822906494141 312
6.377751588821411 312
6.38579535484314 313
6.391654014587402 313
6.39820122718811 314
6.405003070831299 315
6.410885334014893 315
6.4174113273620605 316
6.4244749546051025 316
6.430421829223633 317
6.438090085983276 317
6.444904327392578 318
6.4508442878723145 319
6.457357406616211 319
6.464424133300781 320
6.470366954803467 321
6.476843595504761 321
6.483419418334961 322
6.4906325340271 323
6.497281551361084 323
6.504305124282837 324
6.510237693786621 325
6.5169150829315186 326
6.5239198207855225 326
6.529649972915649 327
6.53639030456543 328
6.544275760650635 329
6.5501697063446045 329
6.556822061538696 330
6.563391208648682 331
6.569290399551392 331
6.576284170150757 332
6.582104444503784 333
6.589925050735474 334
6.596570014953613 335
6.606166124343872 335
6.614133834838867 337
6.620095491409302 337
6.626794338226318 338
6.63339376449585 339
6.640705823898315 340
6.6473846435546875 341
6.654433012008667 341
6.660382032394409 342
6.666882038116455 343
6.674022912979126 343
6.679856061935425 344
6.686514377593994 345
6.694317102432251 346
6.700316667556763 347
6.7068397998809814 347
6.713391304016113 348
6.719310760498047 349
6.726262331008911 349
6.732131004333496 351
6.738947868347168 351
6.746662855148315 352
6.753252267837524 353
6.75916600227356 353
6.766096353530884 354
6.771880149841309 355
6.778537034988403 356
6.785322189331055 357
6.793035984039307 357
6.799145698547363 358
6.806056022644043 359
6.811824560165405 359
6.818286895751953 360
6.8250744342803955 361
6.830962419509888 361
6.8377227783203125 362
6.8453569412231445 363
6.8512842655181885 363
6.858250141143799 364
6.8650453090667725 365
6.870957851409912 366
6.877670049667358 366
6.884488582611084 367
6.890383243560791 367
6.897937774658203 368
6.904934644699097 369
6.91312050819397 370
6.9191906452178955 371
6.926126956939697 371
6.93194580078125 372
6.9384446144104 373
6.946236610412598 373
6.9520392417907715 374
6.958582639694214 375
6.965394020080566 375
6.9713146686553955 375
6.978269100189209 376
6.985057353973389 377
6.990980386734009 377
6.998467445373535 378
7.010070323944092 379
7.016761541366577 380
7.023361682891846 380
7.0297441482543945 381
7.036708831787109 381
7.0433125495910645 382
7.0505287647247314 382
7.057091236114502 383
7.064111948013306 383
7.069928884506226 384
7.076566457748413 385
7.083172559738159 385
7.089069128036499 385
7.0969696044921875 386
7.104106664657593 387
7.109923839569092 387
7.116564512252808 387
7.12312912940979 388
7.129018545150757 388
7.136042594909668 389
7.141868829727173 389
7.149399042129517 389
7.156529426574707 390
7.163118362426758 390
7.169168949127197 391
7.1760828495025635 391
7.1819071769714355 391
7.188404083251953 392
7.195132493972778 392
7.202165603637695 393
7.208760738372803 393
7.215895891189575 393
7.221673488616943 393
7.228250503540039 393
7.23507022857666 394
7.240950345993042 394
7.248480558395386 395
7.255245685577393 395
7.26118016242981 395
7.268847227096558 395
7.275984525680542 395
7.281770706176758 396
7.288292407989502 396
7.295229911804199 396
7.302653551101685 397
7.3089213371276855 397
7.315917015075684 397
7.321709394454956 397
7.3281919956207275 397
7.335139513015747 397
7.341037034988403 397
7.347810745239258 398
7.3553688526153564 398
7.3612823486328125 398
7.368107080459595 398
7.374869108200073 398
7.380789041519165 398
7.387305021286011 398
7.39448094367981 398
7.401114225387573 398
7.41818904876709 399
7.425270080566406 399
7.431185007095337 399
7.438134431838989 399
7.444922924041748 399
7.451883792877197 399
7.458542585372925 399
7.465310573577881 399
7.4711973667144775 399
7.477994680404663 399
7.484794855117798 399
7.494345426559448 399
7.5002501010894775 399
7.507904529571533 399
7.514979839324951 399
7.520886182785034 399
7.527377605438232 399
7.534431219100952 399
7.5403382778167725 399
7.546840190887451 399
7.554809808731079 399
7.5606982707977295 399
7.567187547683716 399
7.5743818283081055 399
7.580312252044678 399
7.586833715438843 399
7.593398094177246 399
7.599262714385986 399
7.606864929199219 399
7.613401889801025 399
7.619343042373657 399
7.626320838928223 399
7.632131814956665 399
7.638929843902588 399
7.645907163619995 399
7.6516618728637695 399
7.659196615219116 399
7.666075706481934 399
7.671887636184692 399
7.678366422653198 399
7.685283899307251 399
7.691186428070068 399
7.698077201843262 399
7.704864978790283 399
7.7118079662323 399
7.718313217163086 399
7.725119590759277 399
7.731035947799683 399
7.737802982330322 399
7.744574785232544 399
7.750470876693726 399
7.7582478523254395 399
7.765024662017822 399
7.770954847335815 399
7.777700185775757 399
7.784477233886719 399
7.790386438369751 399
7.796870708465576 399
7.803678274154663 399
7.815261363983154 399
7.821182012557983 399
7.828171968460083 399
7.835110902786255 399
7.841029644012451 399
7.8477513790130615 399
7.8545708656311035 399
7.861293315887451 399
7.8680949211120605 399
7.875036954879761 399
7.880924701690674 399
7.887696266174316 399
7.8944993019104 399
7.900417804718018 399
7.9069740772247314 399
7.9148173332214355 399
7.920725345611572 399
7.927259206771851 399
7.934499979019165 399
7.940445899963379 399
7.947110414505005 399
7.954116106033325 399
7.960729360580444 399
7.96724534034729 399
7.974285840988159 399
7.980201721191406 399
7.9867167472839355 399
7.993289470672607 399
7.999352931976318 399
8.006386756896973 399
8.014206886291504 399
8.02010202407837 399
8.026662349700928 399
8.03325891494751 399
8.03917407989502 399
8.046042203903198 399
8.051836490631104 399
8.058481216430664 399
8.066444158554077 399
8.072659730911255 399
8.079095602035522 399
8.085990905761719 399
8.091782808303833 399
8.098328590393066 399
8.105108499526978 399
8.111999273300171 399
8.118858098983765 399
8.12584924697876 399
8.131681680679321 399
8.138245105743408 399
8.145008325576782 399
8.150909185409546 398
8.15772008895874 398
8.165256977081299 398
8.171173334121704 398
8.178217649459839 397
8.184998273849487 397
8.190892457962036 397
8.197673797607422 397
8.204638004302979 396
8.216095685958862 395
8.221915483474731 395
8.22858476638794 395
8.23595666885376 394
8.241769552230835 393
8.248316526412964 393
8.25508999824524 393
8.261091709136963 392
8.269653558731079 391
8.27640962600708 391
8.282647132873535 390
8.288941860198975 390
8.296087503433228 389
8.301899194717407 389
8.308476448059082 388
8.316344499588013 388
8.322622060775757 387
8.328936100006104 387
8.336092233657837 386
8.341888666152954 385
8.348379611968994 385
8.355286836624146 384
8.361206531524658 383
8.369070529937744 383
8.375995635986328 382
8.381786584854126 381
8.388327836990356 381
8.395138263702393 381
8.401053428649902 380
8.40778398513794 379
8.414777755737305 379
8.421757698059082 378
8.428278923034668 377
8.435091972351074 377
8.441006422042847 376
8.447725296020508 375
8.45455813407898 375
8.460510969161987 375
8.467207670211792 374
8.47522521018982 373
8.481107950210571 372
8.487868785858154 372
8.494655847549438 371
8.50055456161499 371
8.507092952728271 370
8.514177083969116 369
8.520916938781738 369
8.52771806716919 368
8.534687519073486 367
8.54063105583191 367
8.547165632247925 366
8.554189205169678 365
8.560104846954346 365
8.566658020019531 364
8.574504137039185 363
8.580475091934204 363
8.586973190307617 362
8.594187498092651 362
8.600096940994263 361
8.60666012763977 360
8.616899967193604 359
8.624771356582642 359
8.6306791305542 358
8.63736081123352 358
8.644410133361816 357
8.650355815887451 357
8.657009840011597 356
8.66417670249939 355
8.670085430145264 355
8.677370309829712 354
8.684465408325195 354
8.690402269363403 353
8.696945667266846 353
8.703933000564575 352
8.709645748138428 351
8.716555833816528 351
8.724632263183594 350
8.730557680130005 350
8.737088918685913 349
8.744125604629517 349
8.749930381774902 348
8.75658631324768 348
8.763230085372925 347
8.76917052268982 347
8.777005195617676 346
8.784028053283691 346
8.789847373962402 345
8.796458721160889 345
8.80264663696289 344
8.808968544006348 344
8.815952777862549 343
8.821716547012329 343
8.829171180725098 343
8.836192846298218 342
8.84198522567749 341
8.84848165512085 341
8.855374336242676 341
8.8612802028656 341
8.868083238601685 340
8.87606143951416 339
8.881845235824585 339
8.888349771499634 339
8.89525318145752 338
8.90115213394165 338
8.907990217208862 338
8.914794206619263 337
8.920687437057495 337
8.928301334381104 337
8.93512225151062 336
8.941025495529175 336
8.947763204574585 335
8.954694032669067 335
8.960615634918213 335
8.967129468917847 335
8.974158763885498 334
8.980809688568115 334
8.987694025039673 334
8.994486331939697 333
9.000460147857666 333
9.006973266601562 333
9.017411470413208 333
9.024634599685669 332
9.031405210494995 332
9.038294792175293 332
9.045232772827148 331
9.051203727722168 331
9.057985544204712 331
9.064744472503662 331
9.070651054382324 331
9.07832932472229 330
9.08516526222229 330
9.091051816940308 330
9.097788572311401 330
9.10458517074585 330
9.110504627227783 329
9.117156982421875 329
9.124219417572021 329
9.130916118621826 329
9.137861251831055 329
9.144644975662231 329
9.150549411773682 329
9.15706181526184 329
9.164262294769287 329
9.170174837112427 329
9.176744222640991 329
9.184615850448608 329
9.190500020980835 329
9.197168111801147 329
9.20429515838623 329
9.210192203521729 329
9.216716051101685 329
9.223319053649902 329
9.230409860610962 329
9.236973762512207 329
9.244098424911499 329
9.249923706054688 329
9.256685256958008 329
9.263255596160889 329
9.270337104797363 329
9.276869535446167 329
9.284667730331421 329
9.290575504302979 329
9.297122716903687 329
9.304144620895386 329
9.309924364089966 329
9.316678524017334 329
9.323241710662842 329
9.329165935516357 329
9.336924314498901 329
9.343939542770386 329
9.349645853042603 329
9.356387615203857 329
9.362188816070557 329
9.368823289871216 329
9.375863313674927 329
9.38263988494873 329
9.388922214508057 329
9.39584493637085 329
9.401390552520752 329
9.408111572265625 329
9.420076847076416 329
9.426701784133911 329
9.43447208404541 329
9.44035267829895 329
9.446960687637329 329
9.453937768936157 329
9.459405422210693 329
9.466314315795898 329
9.472095012664795 329
9.478581190109253 329
9.486458539962769 329
9.492652416229248 329
9.499149560928345 329
9.506231784820557 329
9.511996984481812 329
9.519173622131348 329
9.526024341583252 329
9.531809568405151 329
9.539306163787842 329
9.54622483253479 329
9.55199122428894 329
9.558696031570435 329
9.565388679504395 329
9.571285963058472 329
9.57803201675415 329
9.58479619026184 329
9.591734170913696 329
9.598204135894775 329
9.604957342147827 329
9.610872745513916 329
9.617761373519897 329
9.624534130096436 329
9.630467414855957 329
9.638143301010132 329
9.644912004470825 329
9.65080189704895 329
9.657331228256226 329
9.66434097290039 329
9.670227527618408 329
9.676862478256226 329
9.6836998462677 329
9.690626621246338 329
9.697108030319214 329
9.704097509384155 329
9.70986795425415 329
9.716442108154297 329
9.722604751586914 329
9.72887134552002 329
9.735949754714966 329
9.743378400802612 329
9.74924635887146 329
9.756116390228271 329
9.76187777519226 329
9.76851511001587 329
9.775234937667847 329
9.781090497970581 329
9.787882804870605 329
9.795915365219116 329
9.801645040512085 329
9.808215618133545 329
9.818475484848022 329
9.825344562530518 329
9.831223011016846 329
9.838130474090576 329
9.846098184585571 329
9.851865530014038 329
9.858482599258423 329
9.865221738815308 329
9.871114253997803 329
9.877817392349243 329
9.884557723999023 329
9.891151189804077 329
9.898125886917114 329
9.904880046844482 329
9.91075611114502 329
9.91765546798706 329
9.930102109909058 329
9.936659097671509 329
9.944475889205933 329
9.950368881225586 329
9.956841945648193 329
9.963656902313232 329
9.96931505203247 329
9.976358413696289 329
9.982177019119263 329
9.98889422416687 329
9.996638536453247 329
