00
0.009546995162963867 0
0.01644420623779297 0
0.022430419921875 0
0.029137849807739258 2
0.036163330078125 3
0.042049407958984375 4
0.04970383644104004 7
0.05647420883178711 10
0.06245255470275879 13
0.06916475296020508 16
0.07624340057373047 19
0.08219170570373535 22
0.08888769149780273 27
0.09598970413208008 31
0.10274386405944824 36
0.10947442054748535 41
0.11635518074035645 47
0.12298035621643066 51
0.1297917366027832 56
0.13663721084594727 62
0.1425795555114746 67
0.15030765533447266 73
0.15712976455688477 78
0.16312074661254883 83
0.16994452476501465 88
0.17689967155456543 95
0.18283414840698242 100
0.1895759105682373 106
0.1965322494506836 112
0.203139066696167 118
0.21011137962341309 123
0.21687936782836914 130
0.2227938175201416 136
0.22957873344421387 141
0.23641657829284668 148
0.2424001693725586 154
0.24892830848693848 159
0.2568645477294922 167
0.2627863883972168 172
0.2726712226867676 183
0.28029918670654297 189
0.28757429122924805 195
0.29343485832214355 200
0.3001272678375244 208
0.30811166763305664 213
0.3143134117126465 221
0.32070231437683105 226
0.3278782367706299 232
0.33371973037719727 240
0.3402276039123535 246
0.34699010848999023 251
0.35434484481811523 258
0.36066746711730957 264
0.367633581161499 270
0.373471736907959 276
0.38004541397094727 281
0.3870375156402588 288
0.3930220603942871 294
0.39992260932922363 299
0.407886266708374 305
0.4137308597564697 310
0.4203019142150879 314
0.4271407127380371 318
0.43437910079956055 322
0.440723180770874 325
0.44788312911987305 328
0.45587849617004395 331
0.4618830680847168 334
0.46843457221984863 337
0.4751005172729492 339
0.4810631275177002 340
0.48812127113342285 342
0.49480485916137695 343
0.500831127166748 344
0.5086891651153564 346
0.515770673751831 347
0.5216314792633057 348
0.5283176898956299 349
0.5349555015563965 351
0.5409295558929443 352
0.5478799343109131 352
0.5537207126617432 353
0.5611677169799805 353
0.5683913230895996 354
0.5750324726104736 354
0.5809757709503174 355
0.5881428718566895 356
0.5944252014160156 356
0.6008737087249756 357
0.6086363792419434 356
0.6156620979309082 356
0.6215023994445801 356
0.6283791065216064 357
0.6350243091583252 358
0.6409561634063721 358
0.6479206085205078 358
0.6537439823150635 358
0.6616132259368896 358
0.668236494064331 358
0.6787154674530029 359
0.6862030029296875 360
0.6921987533569336 360
0.6988694667816162 360
0.7058532238006592 360
0.7125844955444336 360
0.7194616794586182 360
0.7262489795684814 360
0.7321372032165527 360
0.7386159896850586 360
0.7457756996154785 360
0.7515990734100342 360
0.7582347393035889 360
0.7660818099975586 360
0.772087574005127 360
0.778592586517334 360
0.7851648330688477 360
0.7910525798797607 360
0.7979764938354492 360
0.803774356842041 360
0.8118257522583008 360
0.8183600902557373 360
0.8249471187591553 360
0.8308389186859131 360
0.8377575874328613 360
0.8435313701629639 360
0.8502085208892822 360
0.8570990562438965 360
0.8644349575042725 360
0.8708455562591553 360
0.8777186870574951 360
0.8834779262542725 360
0.8899807929992676 360
0.8968195915222168 360
0.902714729309082 360
0.9094090461730957 360
0.9168999195098877 360
0.9227826595306396 360
0.9296963214874268 360
0.936474084854126 360
0.9423861503601074 360
0.9488506317138672 360
0.9558532238006592 360
0.9624950885772705 360
0.9690330028533936 360
0.9762260913848877 360
0.9821264743804932 360
0.988863468170166 360
0.9958407878875732 360
1.001666784286499 360
1.0082917213439941 360
1.0161094665527344 360
1.0220346450805664 360
1.028527021408081 360
1.0350887775421143 360
1.0409586429595947 360
1.0480923652648926 360
1.0538439750671387 360
1.0606880187988281 360
1.0684185028076172 360
1.078648567199707 360
1.0853958129882812 360
1.0913984775543213 360
1.0983030796051025 360
1.1048331260681152 360
1.110992193222046 360
1.1195340156555176 360
1.1263070106506348 360
1.1322300434112549 360
1.138704538345337 360
1.1456429958343506 360
1.151132583618164 360
1.1580584049224854 360
1.1638314723968506 360
1.171821117401123 360
1.1783370971679688 360
1.1848762035369873 360
1.1907262802124023 360
1.1976943016052246 360
1.2034509181976318 360
1.2099196910858154 360
1.217815637588501 360
1.223600149154663 360
1.2302310466766357 360
1.23714017868042 360
1.2430038452148438 360
1.2497518062591553 360
1.2565436363220215 360
1.2624266147613525 360
1.269948959350586 360
1.276716709136963 360
1.282588005065918 360
1.2894442081451416 360
1.2962379455566406 360
1.302117109298706 360
1.3085811138153076 360
1.3151376247406006 360
1.3222393989562988 360
1.3287010192871094 360
1.3356800079345703 360
1.3411445617675781 360
1.3482728004455566 360
1.3548264503479004 360
1.360701560974121 360
1.3677914142608643 360
1.3751630783081055 360
1.3810179233551025 360
1.387892723083496 360
1.3936619758605957 360
1.4001078605651855 360
1.4070158004760742 360
1.4129102230072021 360
1.42069411277771 360
1.4276070594787598 360
1.4334025382995605 360
1.4399335384368896 360
1.4466955661773682 360
1.4525783061981201 360
1.459115743637085 360
1.4662773609161377 360
1.4729681015014648 360
1.4835267066955566 360
1.4901461601257324 360
1.497143030166626 360
1.503005027770996 360
1.5098960399627686 360
1.5166442394256592 360
1.5235354900360107 360
1.5303266048431396 360
1.5376529693603516 360
1.5434119701385498 360
1.5499215126037598 360
1.556718111038208 360
1.5625817775726318 360
1.5691072940826416 360
1.5768938064575195 360
1.5828051567077637 360
1.5896825790405273 360
1.5964677333831787 360
1.602409839630127 360
1.608882188796997 360
1.6158556938171387 360
1.6216373443603516 360
1.629438877105713 360
1.6362628936767578 360
1.6421904563903809 360
1.648850679397583 360
1.6558144092559814 360
1.6615941524505615 360
1.668191909790039 360
1.6759991645812988 360
1.6818957328796387 360
1.6883838176727295 360
1.6949212551116943 360
1.700760841369629 360
1.7078242301940918 360
1.7135732173919678 360
1.7200450897216797 360
1.7279343605041504 360
1.7337372303009033 360
1.7401983737945557 360
1.7469027042388916 360
1.7527804374694824 360
1.7596752643585205 360
1.7666339874267578 360
1.7725276947021484 360
1.7800648212432861 360
1.7868516445159912 360
1.7927515506744385 360
1.7994425296783447 360
1.8062374591827393 360
1.812121868133545 360
1.8185651302337646 360
1.825120210647583 360
1.8323824405670166 360
1.838864803314209 360
1.8458263874053955 360
1.8516008853912354 360
1.8582520484924316 360
1.8644239902496338 360
1.8706340789794922 360
1.8818895816802979 360
1.8886377811431885 360
1.8951520919799805 360
1.901486873626709 360
1.9082655906677246 360
1.914794683456421 360
1.9206454753875732 360
1.9281504154205322 360
1.934366226196289 360
1.9406242370605469 360
1.9476730823516846 360
1.9534122943878174 360
1.9599153995513916 360
1.9666759967803955 360
1.9725873470306396 360
1.9836726188659668 360
1.9901814460754395 360
1.998504400253296 360
2.0050830841064453 360
2.011115074157715 360
2.018202781677246 360
2.0243468284606934 360
2.0315921306610107 360
2.038182497024536 360
2.0443108081817627 360
2.050508499145508 360
2.0571112632751465 360
2.0630407333374023 360
2.0699357986450195 360
2.0767600536346436 360
2.083664894104004 360
2.0901741981506348 360
2.0969197750091553 360
2.1027872562408447 360
2.109525680541992 360
2.116349458694458 360
2.1229283809661865 360
2.129847288131714 360
2.1377429962158203 360
2.143529176712036 360
2.150221586227417 360
2.156952142715454 360
2.1628057956695557 360
2.1695058345794678 360
2.1762492656707764 360
2.1822023391723633 360
2.1899356842041016 360
2.196714162826538 360
2.2026944160461426 360
2.209444999694824 360
2.2162349224090576 360
2.2221052646636963 360
2.228581428527832 360
2.2363247871398926 360
2.2422354221343994 360
2.2488722801208496 360
2.255850076675415 360
2.261615037918091 360
2.2681779861450195 360
2.2743656635284424 360
2.286494255065918 360
2.2924201488494873 360
2.299102306365967 360
2.30635929107666 360
2.3122353553771973 360
2.318681001663208 360
2.325674057006836 360
2.331136703491211 360
2.338876485824585 360
2.3458526134490967 360
2.351620674133301 360
2.3582117557525635 360
2.364368200302124 360
2.370795488357544 360
2.3776843547821045 360
2.3834245204925537 360
2.390939950942993 360
2.3978164196014404 360
2.403581380844116 360
2.416653633117676 360
2.4225847721099854 360
2.4294207096099854 360
2.4361894130706787 360
2.4427573680877686 360
2.449510335922241 360
2.4562392234802246 360
2.4621152877807617 360
2.468599319458008 360
2.4751646518707275 360
2.481062650680542 360
2.4888525009155273 360
2.495854139328003 360
2.5015861988067627 360
2.508216381072998 360
2.5143706798553467 360
2.5206406116485596 360
2.527597427368164 360
2.53312349319458 360
2.541137218475342 360
2.5482285022735596 360
2.554373025894165 360
2.5606307983398438 360
2.5675387382507324 360
2.5731289386749268 360
2.579904556274414 360
2.586716413497925 360
2.5935676097869873 360
2.600071668624878 360
2.6069984436035156 360
2.6128897666931152 360
2.619614362716675 360
2.626354217529297 360
2.632240056991577 360
2.6387007236480713 360
2.6465048789978027 360
2.652426242828369 360
2.6589391231536865 360
2.6661462783813477 360
2.6720244884490967 360
2.6824100017547607 360
2.6890926361083984 360
2.6970462799072266 360
2.702951669692993 360
2.7098629474639893 360
2.7166428565979004 360
2.722559690475464 360
2.7295186519622803 360
2.736358880996704 360
2.7429537773132324 360
2.749753713607788 360
2.7565090656280518 360
2.7624032497406006 360
2.7688519954681396 360
2.7758851051330566 360
2.7816531658172607 360
2.788442373275757 360
2.79634428024292 360
2.802220344543457 360
2.808737277984619 360
2.8157355785369873 360
2.8215320110321045 360
2.8281853199005127 360
2.8343610763549805 360
2.84065842628479 360
2.8483948707580566 360
2.854975938796997 360
2.86083722114563 360
2.86772084236145 360
2.873457908630371 360
2.8799612522125244 360
2.8868038654327393 360
2.8926680088043213 360
2.900153398513794 360
2.9071218967437744 360
2.912991523742676 360
2.9197301864624023 360
2.9266557693481445 360
2.9335241317749023 360
2.9400100708007812 360
2.947807550430298 360
2.9535701274871826 360
2.9601221084594727 360
2.967027425765991 360
2.972899913787842 360
2.9796221256256104 360
2.9864614009857178 360
2.992365598678589 360
2.999941110610962 360
3.0067343711853027 360
3.0126235485076904 360
3.019118309020996 360
3.02626895904541 360
3.032170534133911 360
3.0387532711029053 360
3.0457510948181152 360
3.052493095397949 360
3.0591611862182617 360
3.0661823749542236 360
3.0720674991607666 360
3.078587770462036 360
3.089141607284546 360
3.0962915420532227 360
3.1029891967773438 360
3.1098697185516357 360
3.1176557540893555 360
3.123424530029297 360
3.12998628616333 360
3.1367650032043457 360
3.142645835876465 360
3.150451421737671 360
3.1570591926574707 360
3.162977695465088 360
3.1697094440460205 360
3.1764981746673584 360
3.1823935508728027 360
3.189042091369629 360
3.1960220336914062 360
3.2027368545532227 360
3.2095725536346436 360
3.2163374423980713 360
3.222259521484375 360
3.2287116050720215 360
3.2356972694396973 360
3.241154432296753 360
3.248114824295044 360
3.2559518814086914 360
3.261859655380249 360
3.268519878387451 360
3.275099992752075 360
3.280980110168457 360
3.287853240966797 360
3.2936336994171143 360
3.300079107284546 360
3.3078384399414062 360
3.3136098384857178 360
3.320239543914795 360
3.3271236419677734 360
3.3330070972442627 360
3.339763641357422 360
3.346564531326294 360
3.353426694869995 360
3.359942674636841 360
3.3666951656341553 360
3.3725712299346924 360
3.3790955543518066 360
3.3862602710723877 360
3.3921923637390137 360
3.3986830711364746 360
3.4065663814544678 360
3.4124345779418945 360
3.418917417526245 360
3.42596697807312 360
3.431837558746338 360
3.4383580684661865 360
3.4448485374450684 360
3.4509119987487793 360
3.4586164951324463 360
3.4653851985931396 360
3.4710352420806885 360
3.477907419204712 360
3.4883387088775635 360
3.49485445022583 360
3.5008597373962402 360
3.5087900161743164 360
3.5158603191375732 360
3.521629571914673 360
3.5282185077667236 360
3.534379720687866 360
3.5406992435455322 360
3.5476160049438477 360
3.5534279346466064 360
3.560917615890503 360
3.5679445266723633 360
3.5737617015838623 360
3.580508232116699 360
3.587132692337036 360
3.5929815769195557 360
3.5997352600097656 360
3.6076183319091797 360
3.6134402751922607 360
3.6199371814727783 360
3.626863956451416 360
3.632740020751953 360
3.639441967010498 360
3.6462483406066895 360
3.652120351791382 360
3.659579038619995 360
3.6663475036621094 360
3.6722252368927 360
3.6787002086639404 360
3.685847759246826 360
3.691628932952881 360
3.6982085704803467 360
3.704401731491089 360
3.711916208267212 360
3.718423843383789 360
3.7249679565429688 360
3.7308292388916016 360
3.7377445697784424 360
3.7434985637664795 360
3.7501213550567627 360
3.7569081783294678 360
3.763871192932129 360
3.7704648971557617 360
3.7771148681640625 360
3.7829878330230713 360
3.7897164821624756 360
3.796503782272339 360
3.802384614944458 360
3.810145616531372 360
3.8168933391571045 360
3.822758436203003 360
3.829458713531494 360
3.836402177810669 360
3.8422703742980957 360
3.8487765789031982 360
3.8557989597320557 360
3.8624649047851562 360
3.869117021560669 360
3.8761231899261475 360
3.886387586593628 360
3.8922762870788574 360
3.898933172225952 360
3.9060873985290527 360
3.912811517715454 360
3.9195058345794678 360
3.926400661468506 360
3.932265281677246 360
3.938758373260498 360
3.9458491802215576 360
3.951652765274048 360
3.958298444747925 360
3.966218948364258 360
3.9721479415893555 360
3.9786550998687744 360
3.9858057498931885 360
3.991621732711792 360
3.9981720447540283 360
4.0043625831604 360
4.0106425285339355 360
4.018405914306641 360
4.024965524673462 360
4.030833005905151 360
4.037722587585449 360
4.043447732925415 360
4.050070762634277 360
4.056827068328857 360
4.063716650009155 360
4.070199966430664 360
4.076910495758057 360
4.082786321640015 360
4.089486360549927 360
4.096470355987549 360
4.102372646331787 360
4.108974456787109 360
4.117611408233643 360
4.1231584548950195 360
4.129933595657349 360
4.136676073074341 360
4.1425559520721436 360
4.149044990539551 360
4.156060457229614 360
4.161986589431763 360
4.169510364532471 360
4.176253795623779 360
4.182175397872925 360
4.188745737075806 360
4.195740699768066 360
4.201486349105835 360
4.208146095275879 360
4.21393895149231 360
4.221582651138306 360
4.228359937667847 360
4.234877824783325 360
4.240709543228149 360
4.247618198394775 360
4.253130912780762 360
4.259897470474243 360
4.267794847488403 360
4.273550987243652 360
4.280079126358032 360
4.290678262710571 360
4.297758102416992 360
4.3035173416137695 360
4.310194730758667 360
4.318148612976074 360
4.3243279457092285 360
4.330640077590942 360
4.337538003921509 360
4.343091726303101 360
4.349946975708008 360
4.356833219528198 360
4.3626933097839355 360
4.370210886001587 360
4.376916170120239 360
4.382791996002197 360
4.389474153518677 360
4.39624547958374 360
4.40212869644165 360
4.4087629318237305 360
4.416999340057373 360
4.424339294433594 360
4.430605411529541 360
4.437131404876709 360
4.4429967403411865 360
4.4496941566467285 360
4.456488132476807 360
4.462371826171875 360
4.468996047973633 360
4.476874828338623 360
4.48273777961731 360
4.489594221115112 360
4.496383905410767 360
4.502251148223877 360
4.508695602416992 360
4.515697956085205 360
4.522349834442139 360
4.5289881229400635 360
4.535970211029053 360
4.541846036911011 360
4.548382043838501 360
4.554884195327759 360
4.56075644493103 360
4.56763768196106 360
4.5749146938323975 360
4.5807945728302 360
4.5878355503082275 360
4.593612194061279 360
4.600056171417236 360
4.6068339347839355 360
4.612725257873535 360
4.619591236114502 360
4.62711763381958 360
4.63298225402832 360
4.6397483348846436 360
4.646646738052368 360
4.652528285980225 360
4.659037828445435 360
4.6660261154174805 360
4.671879768371582 360
4.679414987564087 360
4.688754081726074 360
4.696673393249512 360
4.702568531036377 360
4.709553480148315 360
4.7164881229400635 360
4.722404479980469 360
4.729927062988281 360
4.736698150634766 360
4.742581844329834 360
4.749469041824341 360
4.756251335144043 360
4.762133359909058 360
4.779895067214966 360
4.787825584411621 360
4.796506643295288 360
4.802401065826416 360
4.808887481689453 360
4.817095518112183 360
4.830310106277466 360
4.837049245834351 360
4.846256494522095 360
4.8521506786346436 360
4.859036684036255 360
4.866023778915405 360
4.871917963027954 360
4.885892868041992 360
4.891809940338135 360
4.898776531219482 360
4.905776023864746 360
4.9115424156188965 360
4.918187141418457 360
4.924360036849976 360
4.931898355484009 360
4.938410520553589 360
4.944996118545532 360
4.950994491577148 360
4.957856893539429 360
4.963642120361328 360
4.97011137008667 360
4.976834297180176 360
4.983741998672485 360
4.990249872207642 360
4.997037649154663 360
5.0029120445251465 360
5.009852647781372 360
5.016591787338257 360
5.022473096847534 360
5.028971910476685 360
5.0367045402526855 360
5.0425848960876465 360
5.049083232879639 360
5.056188344955444 360
5.062079191207886 360
5.068685531616211 360
5.07567024230957 360
5.08240818977356 360
5.092647075653076 360
5.0995073318481445 360
5.10641074180603 360
5.112334966659546 360
5.1199305057525635 360
5.126867294311523 360
5.133775472640991 360
5.140623092651367 360
5.147169828414917 360
5.153049945831299 360
5.1598734855651855 360
5.166643142700195 360
5.172571659088135 360
5.179040193557739 360
5.186997652053833 360
5.19288444519043 360
5.1996800899505615 360
5.20643949508667 360
5.21228551864624 360
5.218756198883057 360
5.225732326507568 360
5.231532573699951 360
5.238985300064087 360
5.2461113929748535 360
5.252022981643677 360
5.2585296630859375 360
5.265122890472412 360
5.271159887313843 360
5.278106451034546 360
5.285914897918701 360
5.291809797286987 360
5.298356771469116 360
5.30485463142395 360
5.310896635055542 360
5.3177642822265625 360
5.32355523109436 360
5.3300254344940186 360
5.337868690490723 360
5.34365701675415 360
5.3501458168029785 360
5.356879472732544 360
5.362723350524902 360
5.369572162628174 360
5.376335620880127 360
5.382234573364258 360
5.38974928855896 360
5.396672964096069 360
5.402580499649048 360
5.4090540409088135 360
5.416098356246948 360
5.422064304351807 360
5.428689002990723 360
5.435952186584473 360
5.442919969558716 360
5.44967246055603 360
5.456456899642944 360
5.462364196777344 360
5.468849420547485 360
5.475850820541382 360
5.481618881225586 360
5.492839336395264 360
5.499735355377197 360
5.506637334823608 360
5.512501955032349 360
5.519136905670166 360
5.526329278945923 360
5.532228231430054 360
5.539751291275024 360
5.546681880950928 360
5.55255651473999 360
5.559077978134155 360
5.566089391708374 360
5.572065353393555 360
5.578539133071899 360
5.585105895996094 360
5.592222452163696 360
5.598757982254028 360
5.605884552001953 360
5.611665487289429 360
5.618283987045288 360
5.624424934387207 360
5.630661487579346 360
5.642681360244751 360
5.649557113647461 360
5.656582832336426 360
5.66246771812439 360
5.669451951980591 360
5.676284074783325 360
5.68217921257019 360
5.688737154006958 360
5.69702672958374 360
5.7029078006744385 360
5.709692716598511 360
5.716474771499634 360
5.7223801612854 360
5.728982925415039 360
5.736011505126953 360
5.742695331573486 360
5.74944281578064 360
5.756202697753906 360
5.762076377868652 360
5.768582582473755 360
5.775129318237305 360
5.780998229980469 360
5.788061857223511 360
5.795880556106567 360
5.801645040512085 360
5.808207273483276 360
5.814362287521362 360
5.820654392242432 360
5.827583074569702 360
5.833126544952393 360
5.839871644973755 360
5.847872734069824 360
5.853635787963867 360
5.860116720199585 360
5.866847515106201 360
5.8727052211761475 360
5.879436492919922 360
5.886233568191528 360
5.897168874740601 360
5.903017044067383 360
5.910004138946533 360
5.917041063308716 360
5.922919988632202 360
5.929646253585815 360
5.93641209602356 360
5.942262411117554 360
5.949676275253296 360
5.956430912017822 360
5.962298393249512 360
5.968932151794434 360
5.9759521484375 360
5.981812477111816 360
5.988363742828369 360
5.994930744171143 360
6.00189733505249 360
6.008427619934082 360
6.014967203140259 360
6.020827770233154 360
6.027833938598633 360
6.033608675003052 360
6.040114402770996 360
6.048190355300903 360
6.054368734359741 360
6.060627698898315 360
6.067553997039795 360
6.07311224937439 360
6.079843997955322 360
6.08674693107605 360
6.092605113983154 360
6.100238800048828 360
6.106956720352173 360
6.112828731536865 360
6.120245456695557 360
6.126973867416382 360
6.132840394973755 360
6.139540910720825 360
6.146456241607666 360
6.153171062469482 360
6.159932851791382 360
6.166658639907837 360
6.1725239753723145 360
6.186567544937134 360
6.19342303276062 360
6.2021260261535645 360
6.208906173706055 360
6.215930938720703 360
6.221672773361206 360
6.228291273117065 360
6.234402894973755 360
6.240658760070801 360
6.24759316444397 360
6.254971027374268 360
6.2608582973480225 360
6.267858505249023 360
6.273655652999878 360
6.280117988586426 360
6.286864995956421 360
6.2977049350738525 360
6.305127382278442 360
6.311569690704346 360
6.318324089050293 360
6.324862957000732 360
6.33088493347168 360
6.3377532958984375 360
6.343517065048218 360
6.349992752075195 360
6.357778787612915 360
6.363575458526611 360
6.370049953460693 360
6.37678337097168 360
6.382642984390259 360
6.389508962631226 360
6.3962602615356445 360
6.4028520584106445 360
6.409543752670288 360
6.416321039199829 360
6.422259092330933 360
6.428721904754639 360
6.435843467712402 360
6.4416282176971436 360
6.448378562927246 360
6.456235647201538 360
6.46212363243103 360
6.468575954437256 360
6.475114107131958 360
6.480985879898071 360
6.487859725952148 360
6.493622064590454 360
6.500119209289551 360
6.508225202560425 360
6.514397859573364 360
6.5206334590911865 360
6.5275046825408936 360
6.533104419708252 360
6.539819955825806 360
6.546636343002319 360
6.552498817443848 360
6.559996604919434 360
6.566971063613892 360
6.572843313217163 360
6.579841375350952 360
6.58658504486084 360
6.592446565628052 360
6.598903179168701 360
6.606735467910767 360
6.612643718719482 360
6.619148015975952 360
6.626319885253906 360
6.632259845733643 360
6.638771295547485 360
6.645751237869263 360
6.651507139205933 360
6.658921003341675 360
6.666029930114746 360
6.67190408706665 360
6.678429841995239 360
6.6849894523620605 360
6.691046237945557 360
6.7016355991363525 360
6.709108114242554 360
6.716250896453857 360
6.722139596939087 360
6.728581190109253 360
6.7351202964782715 360
6.740993976593018 360
6.74801230430603 360
6.753858327865601 360
6.761136770248413 360
6.768060207366943 360
6.77383828163147 360
6.780278444290161 360
6.786993741989136 360
6.792841196060181 360
6.7995500564575195 360
6.806451797485352 360
6.813414812088013 360
6.819924592971802 360
6.826791524887085 360
6.832669973373413 360
6.839117050170898 360
6.846137285232544 360
6.852058172225952 360
6.858501434326172 360
6.866397142410278 360
6.872283220291138 360
6.878788471221924 360
6.886965751647949 360
6.892826318740845 360
6.8995091915130615 360
6.9063193798065186 360
6.913022756576538 360
6.919790506362915 360
6.926689863204956 360
6.932599067687988 360
6.939093112945557 360
6.946097135543823 360
6.9519431591033936 360
6.95866322517395 360
6.966484785079956 360
6.972347736358643 360
6.982585191726685 360
6.989513635635376 360
6.996233224868774 360
7.002123832702637 360
7.008575201034546 360
7.016285181045532 360
7.022201776504517 360
7.028675079345703 360
7.035630941390991 360
7.041123390197754 360
7.048214673995972 360
7.054391622543335 360
7.060632944107056 360
7.068339109420776 360
7.074872255325317 360
7.080721855163574 360
7.087806463241577 360
7.096852779388428 360
7.104365110397339 360
7.11092734336853 360
7.119759798049927 360
7.126659154891968 360
7.132520437240601 360
7.139077425003052 360
7.146078824996948 360
7.1519455909729 360
7.158463001251221 360
7.166387557983398 360
7.1722588539123535 360
7.178755521774292 360
7.185747861862183 360
7.1915223598480225 360
7.198192358016968 360
7.204363584518433 360
7.210622549057007 360
7.218441963195801 360
7.2250075340271 360
7.231071710586548 360
7.238001823425293 360
7.2438623905181885 360
7.250319480895996 360
7.257071495056152 360
7.263011455535889 360
7.270825624465942 360
7.2776939868927 360
7.283430576324463 360
7.290079355239868 360
7.296849012374878 360
7.302704334259033 360
7.309415817260742 360
7.316195964813232 360
7.3228583335876465 360
7.329533815383911 360
7.33631706237793 360
7.342221021652222 360
7.348907947540283 360
7.355943202972412 360
7.361825466156006 360
7.369070291519165 360
7.376121520996094 360
7.388232707977295 360
7.394407749176025 360
7.400640249252319 360
7.407727956771851 360
7.413495302200317 360
7.420970439910889 360
7.427838325500488 360
7.433599472045898 360
7.440077781677246 360
7.4468772411346436 360
7.452739000320435 360
7.459431886672974 360
7.4663567543029785 360
7.473016738891602 360
7.479946136474609 360
7.486682891845703 360
7.492579698562622 360
7.503422498703003 360
7.510063171386719 360
7.516981840133667 360
7.523749828338623 360
7.530670881271362 360
7.537585020065308 360
7.543124437332153 360
7.549859046936035 360
7.556656837463379 360
7.562602758407593 360
7.569082736968994 360
7.576889514923096 360
7.582840204238892 360
7.589757680892944 360
7.596513032913208 360
7.6023993492126465 360
7.609053134918213 360
7.616101503372192 360
7.62198281288147 360
7.629494905471802 360
7.636246919631958 360
7.642131328582764 360
7.648783445358276 360
7.655768156051636 360
7.661536455154419 360
7.668155670166016 360
7.675992250442505 360
7.6818647384643555 360
7.688363790512085 360
7.694868087768555 360
7.700812578201294 360
7.707880258560181 360
7.713653087615967 360
7.7201080322265625 360
7.728006362915039 360
7.733779668807983 360
7.740630388259888 360
7.74752140045166 360
7.753102779388428 360
7.759851455688477 360
7.766756296157837 360
7.772642374038696 360
7.780221939086914 360
7.786957502365112 360
7.792830944061279 360
7.799606561660767 360
7.806354761123657 360
7.812252998352051 360
7.81872820854187 360
7.8258185386657715 360
7.832531213760376 360
7.839020729064941 360
7.846027851104736 360
7.851881504058838 360
7.8584043979644775 360
7.864970445632935 360
7.871036767959595 360
7.8787336349487305 360
7.885852575302124 360
7.891667366027832 360
7.902029752731323 360
7.9087464809417725 360
7.915906667709351 360
7.9216625690460205 360
7.929072856903076 360
7.938449859619141 360
7.945016145706177 360
7.952140808105469 360
7.958832502365112 360
7.966005563735962 360
7.97188925743103 360
7.979451417922974 360
7.9863128662109375 360
7.992220163345337 360
7.9988672733306885 360
8.006076335906982 360
8.01193904876709 360
8.01846432685852 360
8.02501106262207 360
8.032103776931763 360
8.038594007492065 360
8.045142650604248 360
8.051015138626099 360
8.05789852142334 360
8.063680171966553 360
8.07031798362732 360
8.07707667350769 360
8.084417343139648 360
8.09066915512085 360
8.097631692886353 360
8.103416442871094 360
8.109939336776733 360
8.117718935012817 360
8.123513460159302 360
8.13115382194519 360
8.138101577758789 360
8.14389181137085 360
8.150323867797852 360
8.157104730606079 360
8.162980318069458 360
8.169715881347656 360
8.176495790481567 360
8.183438301086426 360
8.190084218978882 360
8.196836948394775 360
8.202698945999146 360
8.209417581558228 360
8.216243267059326 360
8.22211241722107 360
8.228580474853516 360
8.236403226852417 360
8.242257118225098 360
8.248921632766724 360
8.256076335906982 360
8.261945486068726 360
8.268453359603882 360
8.275026559829712 360
8.280874490737915 360
8.288572072982788 360
8.295125961303711 360
8.306241512298584 360
8.312127351760864 360
8.318775415420532 360
8.325908184051514 360
8.331815481185913 360
8.338968753814697 360
8.34597110748291 360
8.351818561553955 360
8.358329772949219 360
8.36487603187561 360
8.370918989181519 360
8.377791166305542 360
8.383593320846558 360
8.39105749130249 360
8.39800238609314 360
8.4037606716156 360
8.41020917892456 360
8.416914224624634 360
8.42276406288147 360
8.429738521575928 360
8.437147855758667 360
8.443064451217651 360
8.449867248535156 360
8.45666217803955 360
8.462553262710571 360
8.46903371810913 360
8.476011753082275 360
8.48187255859375 360
8.489649534225464 360
8.496443748474121 360
8.502275466918945 360
8.508743286132812 360
8.515869140625 360
8.521636486053467 360
8.528212547302246 360
8.534363031387329 360
8.541898012161255 360
8.548598289489746 360
8.555144548416138 360
8.561050176620483 361
8.568091630935669 361
8.573938131332397 361
8.580623626708984 361
8.587570905685425 360
8.595000743865967 360
8.600910186767578 360
8.608134508132935 361
8.614364385604858 361
8.620640993118286 361
8.62758755683899 361
8.633159399032593 361
8.640954732894897 361
8.64804196357727 361
8.653849601745605 361
8.660321712493896 361
8.667609691619873 361
8.673418521881104 361
8.67998719215393 361
8.686758756637573 361
8.693707466125488 361
8.704862833023071 361
8.71089243888855 361
8.71792984008789 361
8.723750591278076 361
8.73064398765564 361
8.737685680389404 361
8.745101690292358 361
8.751044273376465 361
8.758060932159424 361
8.763865232467651 361
8.770329475402832 361
8.777599811553955 361
8.783440589904785 361
8.790095090866089 361
8.797971248626709 361
8.803755283355713 361
8.810205459594727 361
8.816968202590942 361
8.822854995727539 361
8.82953929901123 361
8.836350917816162 361
8.843047380447388 361
8.849979400634766 361
8.85679578781128 361
8.862681865692139 361
8.869413137435913 361
8.876236200332642 361
8.882172584533691 361
8.888683795928955 361
8.89660096168518 361
8.902487993240356 361
8.909442663192749 361
8.916239500045776 361
8.922142505645752 361
8.928735733032227 361
8.935770511627197 361
8.941561222076416 361
8.949027299880981 361
8.956024885177612 361
8.961913585662842 361
8.968653917312622 361
8.975451469421387 361
8.981160640716553 361
8.988151788711548 361
8.995981216430664 361
9.001885890960693 361
9.008390188217163 361
9.014962673187256 361
9.020846605300903 361
9.027893781661987 361
9.033657550811768 361
9.04028582572937 361
9.048193454742432 361
9.054442405700684 361
9.060720443725586 361
9.067638874053955 361
9.073419094085693 361
9.079918622970581 361
9.08687138557434 361
9.092761993408203 361
9.104837417602539 361
9.110880136489868 361
9.118693828582764 361
9.125832796096802 361
9.131617307662964 361
9.138226985931396 361
9.144410848617554 361
9.152112245559692 361
9.158601522445679 361
9.165390491485596 361
9.171531915664673 361
9.178211450576782 361
9.184399604797363 361
9.190683364868164 361
9.198365688323975 361
9.2050039768219 361
9.21110725402832 361
9.218070983886719 361
9.223857641220093 361
9.230315446853638 361
9.237104415893555 361
9.242965459823608 361
9.250748634338379 361
9.257680654525757 361
9.263498544692993 361
9.27014684677124 361
9.276925802230835 361
9.282793521881104 361
9.289501667022705 361
9.296414375305176 361
9.303403854370117 361
9.309934616088867 361
9.316716432571411 361
9.32258653640747 361
9.329506158828735 361
9.336276054382324 361
9.34219241142273 361
9.348748683929443 361
9.356637477874756 361
9.36250638961792 361
9.369009256362915 361
9.376174211502075 361
9.383498668670654 361
9.390111446380615 361
9.396865367889404 361
9.40371322631836 361
9.410190105438232 361
9.416938066482544 361
9.422813177108765 361
9.429734945297241 361
9.436519622802734 361
9.442400455474854 361
9.449079751968384 361
9.456888914108276 361
9.46279501914978 361
9.470325946807861 361
9.4776029586792 361
9.483400821685791 361
9.490111827850342 361
9.496854782104492 361
9.508463382720947 361
9.515030860900879 361
9.521036863327026 361
9.528121709823608 361
9.534359216690063 361
9.54077696800232 361
9.547683238983154 361
9.555101871490479 361
9.561517000198364 361
9.568371772766113 361
9.574887752532959 361
9.580780029296875 361
9.587701082229614 361
9.59348726272583 361
9.599997758865356 361
9.607978582382202 361
9.613755941390991 361
9.620216369628906 361
9.627145767211914 361
9.633080959320068 361
9.639861583709717 361
9.646613359451294 361
9.65256929397583 361
9.66007113456726 361
9.666834831237793 361
9.672700643539429 361
9.67940640449524 361
9.68641448020935 361
9.692290306091309 361
9.698815107345581 361
9.70579719543457 361
9.712521314620972 361
9.719048738479614 361
9.72603440284729 361
9.731902360916138 361
9.738425731658936 361
9.745009183883667 361
9.751047849655151 361
9.758769989013672 361
9.765783548355103 361
9.771564722061157 361
9.778243780136108 361
9.78442096710205 361
9.790660858154297 361
9.797607898712158 361
9.803424596786499 361
9.810926675796509 361
9.818007469177246 361
9.82380485534668 361
9.830276727676392 361
9.837052345275879 361
9.842957019805908 361
9.849721908569336 361
9.85648250579834 361
9.863428831100464 361
9.870087623596191 361
9.8768630027771 361
9.882750272750854 361
9.895952939987183 361
9.90624475479126 361
9.912864446640015 361
9.91976261138916 361
9.926826238632202 361
9.932831764221191 361
9.939550638198853 361
9.94648814201355 361
9.95243215560913 361
9.95894718170166 361
9.966837882995605 361
9.972729682922363 361
9.979409456253052 361
9.986428022384644 361
9.99233889579773 361
9.998851299285889 361
