00
0.009766101837158203 0
0.015572309494018555 0
0.022533655166625977 1
0.029198884963989258 1
0.03522992134094238 1
0.04224967956542969 3
0.05020546913146973 3
0.05643939971923828 5
0.06279206275939941 5
0.06978225708007812 7
0.07558274269104004 8
0.08213472366333008 9
0.08911776542663574 11
0.09697842597961426 13
0.10310697555541992 15
0.1102142333984375 16
0.11688995361328125 18
0.1228640079498291 20
0.12985467910766602 22
0.13570165634155273 24
0.14232850074768066 26
0.1502525806427002 28
0.15692687034606934 30
0.16306567192077637 32
0.17010283470153809 34
0.17644143104553223 36
0.18279528617858887 38
0.1898648738861084 40
0.19573473930358887 43
0.20877361297607422 47
0.21477580070495605 49
0.221907377243042 51
0.22889971733093262 53
0.23488664627075195 55
0.24173259735107422 57
0.2497701644897461 60
0.2556455135345459 63
0.262239933013916 65
0.26908230781555176 67
0.27506542205810547 69
0.28208041191101074 71
0.2889277935028076 73
0.2948901653289795 75
0.3026463985443115 78
0.3096504211425781 80
0.31551671028137207 82
0.32215380668640137 85
0.3289921283721924 87
0.3349590301513672 89
0.34198784828186035 91
0.3490312099456787 94
0.3559720516204834 97
0.3627293109893799 99
0.3697850704193115 101
0.375622034072876 103
0.3822197914123535 105
0.3890531063079834 107
0.39505648612976074 109
0.4030783176422119 112
0.41019463539123535 114
0.41648340225219727 117
0.4228653907775879 119
0.4298417568206787 121
0.43572092056274414 123
0.44229674339294434 125
0.4491109848022461 127
0.4569213390350342 130
0.4630715847015381 132
0.4701206684112549 134
0.4763963222503662 137
0.48294544219970703 139
0.48993849754333496 141
0.495833158493042 143
0.5035712718963623 145
0.5103237628936768 147
0.5170309543609619 150
0.523155689239502 152
0.5302376747131348 154
0.5368731021881104 157
0.5428383350372314 159
0.5498573780059814 161
0.5577585697174072 163
0.5636489391326904 165
0.5703697204589844 167
0.57712721824646 169
0.5835518836975098 171
0.5903115272521973 173
0.5969507694244385 176
0.6086215972900391 179
0.6145884990692139 181
0.6215906143188477 183
0.6286203861236572 186
0.6346347332000732 188
0.6416122913360596 190
0.6484510898590088 192
0.655158281326294 194
0.6620602607727051 196
0.6689188480377197 199
0.6748886108398438 200
0.681765079498291 202
0.6886122226715088 205
0.6946358680725098 207
0.7015891075134277 208
0.7095661163330078 211
0.7154734134674072 213
0.7220640182495117 215
0.728950023651123 217
0.7349035739898682 219
0.7419064044952393 221
0.7488002777099609 223
0.7548799514770508 225
0.7627716064453125 227
0.7736992835998535 230
0.7804889678955078 232
0.7871501445770264 234
0.7931008338928223 236
0.8001561164855957 237
0.8079748153686523 240
0.8139843940734863 241
0.8207347393035889 244
0.8278353214263916 245
0.833690881729126 247
0.840463399887085 249
0.8471019268035889 251
0.8535795211791992 253
0.8609960079193115 255
0.8682901859283447 257
0.8743157386779785 259
0.8810608386993408 261
0.8881442546844482 262
0.8941235542297363 264
0.9007201194763184 266
0.9078514575958252 268
0.9151475429534912 270
0.9220149517059326 271
0.9288780689239502 274
0.9348413944244385 275
0.9418110847473145 277
0.9486701488494873 279
0.9546427726745605 281
0.9623081684112549 283
0.9690790176391602 284
0.9750626087188721 286
0.9819035530090332 287
0.9887542724609375 289
0.9947385787963867 291
1.0017337799072266 294
1.0134501457214355 296
1.0204756259918213 297
1.0271484851837158 299
1.0335986614227295 301
1.04030179977417 302
1.046917200088501 304
1.0528833866119385 305
1.0600008964538574 307
1.0678598880767822 309
1.0737075805664062 311
1.0804483890533447 313
1.0870723724365234 314
1.0930638313293457 315
1.1000723838806152 317
1.105980634689331 319
1.11381196975708 320
1.1206283569335938 322
1.1275207996368408 323
1.1338117122650146 325
1.1405065059661865 327
1.1471505165100098 328
1.1531157493591309 329
1.1601204872131348 331
1.1680474281311035 333
1.1740446090698242 334
1.180757761001587 335
1.1879148483276367 337
1.1938254833221436 338
1.200486421585083 340
1.2071387767791748 341
1.214266061782837 343
1.2208399772644043 344
1.2279179096221924 345
1.2339308261871338 347
1.2406697273254395 349
1.2475268840789795 350
1.2535874843597412 351
1.2604973316192627 353
1.2683467864990234 354
1.2743444442749023 355
1.2809529304504395 357
1.2881278991699219 358
1.2941172122955322 359
1.3008134365081787 361
1.307926893234253 362
1.3138246536254883 363
1.3214795589447021 365
1.3283138275146484 366
1.3343329429626465 367
1.340939998626709 368
1.3480324745178223 369
1.354128122329712 371
1.3608269691467285 372
1.3687071800231934 373
1.374725103378296 375
1.3815388679504395 376
1.3886113166809082 377
1.3945679664611816 379
1.401137113571167 379
1.411773681640625 381
1.419947862625122 383
1.4257924556732178 384
1.4326348304748535 385
1.4396591186523438 386
1.445664405822754 387
1.4522192478179932 389
1.459045171737671 389
1.4650354385375977 391
1.4727816581726074 392
1.4800453186035156 393
1.4859166145324707 394
1.4925785064697266 395
1.4996397495269775 396
1.5055034160614014 397
1.5121057033538818 398
1.5202851295471191 399
1.5268909931182861 400
1.5329036712646484 401
1.540031909942627 402
1.5458967685699463 403
1.5525572299957275 404
1.5596230030059814 405
1.565490961074829 406
1.5730817317962646 407
1.5801007747650146 408
1.586390733718872 409
1.5928213596343994 410
1.60001802444458 411
1.605902910232544 412
1.612541913986206 413
1.619598150253296 414
1.6270570755004883 415
1.6329984664916992 415
1.6400001049041748 416
1.645843267440796 417
1.6527650356292725 418
1.6599433422088623 419
1.6657841205596924 420
1.6736390590667725 421
1.6803655624389648 421
1.6870214939117432 422
1.6930041313171387 423
1.6999623775482178 424
1.7058296203613281 425
1.7125074863433838 425
1.7197668552398682 426
1.727222204208374 427
1.7332158088684082 428
1.7402105331420898 429
1.7469122409820557 429
1.7528464794158936 430
1.7598254680633545 431
1.7657015323638916 431
1.773219108581543 432
1.7804911136627197 433
1.7871363162994385 434
1.7931201457977295 434
1.8001601696014404 435
1.810537338256836 436
1.817206859588623 437
1.824509620666504 437
1.8315389156341553 438
1.838655948638916 439
1.8446176052093506 439
1.8512017726898193 440
1.8583321571350098 441
1.8643577098846436 441
1.8709359169006348 442
1.878772497177124 443
1.884714126586914 443
1.8915319442749023 443
1.8985371589660645 444
1.9045135974884033 445
1.9122164249420166 445
1.9190385341644287 446
1.9268531799316406 447
1.9328229427337646 447
1.9397821426391602 447
1.9456348419189453 448
1.9522480964660645 449
1.959193468093872 449
1.9651885032653809 449
1.9720261096954346 450
1.979999303817749 451
1.9858758449554443 451
1.9925181865692139 451
2.000798463821411 452
2.007896900177002 453
2.0138933658599854 453
2.0206263065338135 453
2.02836275100708 454
2.034353733062744 454
2.041145086288452 455
2.0482656955718994 455
2.054234743118286 455
2.060822010040283 456
2.06789493560791 456
2.0739264488220215 457
2.081538438796997 457
2.088386058807373 457
2.09434175491333 458
2.1009345054626465 458
2.108086109161377 459
2.1141109466552734 459
2.12064790725708 459
2.127819538116455 459
2.134577751159668 460
2.1415631771087646 460
2.1483709812164307 461
2.1543447971343994 461
2.1609339714050293 461
2.1681861877441406 461
2.174196481704712 461
2.1818506717681885 462
2.188706398010254 462
2.194678544998169 462
2.2016396522521973 463
2.2110204696655273 463
2.2189722061157227 463
2.2249255180358887 463
2.2328951358795166 464
2.2399985790252686 464
2.245891809463501 464
2.25253963470459 464
2.259704113006592 465
2.265512228012085 465
2.2720658779144287 465
2.2789371013641357 465
2.2859954833984375 465
2.2927463054656982 465
2.2999138832092285 465
2.305755853652954 466
2.312317371368408 466
2.3196234703063965 466
2.3254928588867188 466
2.3330578804016113 466
2.340085506439209 467
2.3459763526916504 467
2.35268235206604 467
2.359665632247925 467
2.3654942512512207 467
2.3721134662628174 467
2.3790860176086426 467
2.386474609375 467
2.392829418182373 467
2.3998525142669678 467
2.40571928024292 467
2.4123311042785645 466
2.4191644191741943 466
2.4251084327697754 466
2.4321062564849854 466
2.440196990966797 466
2.4464521408081055 466
2.452770709991455 466
2.465120553970337 466
2.471989631652832 466
2.47882342338562 466
2.4858007431030273 466
2.4923808574676514 466
2.4997050762176514 466
2.505560874938965 466
2.512126922607422 466
2.5189366340637207 466
2.5249340534210205 466
2.5317745208740234 466
2.5397872924804688 466
2.5456409454345703 466
2.552250385284424 466
2.5595788955688477 466
2.5654566287994385 466
2.572050094604492 466
2.5789108276367188 466
2.5848965644836426 466
2.592686891555786 466
2.5996596813201904 466
2.605513334274292 466
2.615799903869629 466
2.6227540969848633 466
2.629901647567749 466
2.635746717453003 466
2.643724203109741 466
2.6504220962524414 466
2.657038450241089 466
2.6629655361175537 466
2.6699814796447754 466
2.675799608230591 466
2.68257999420166 466
2.6904540061950684 466
2.697098731994629 466
2.703718423843384 466
2.7106406688690186 466
2.717477321624756 466
2.7231814861297607 466
2.730210542678833 466
2.736463785171509 466
2.744260549545288 466
2.7508139610290527 466
2.7579023838043213 466
2.76381254196167 466
2.770418405532837 466
2.7770330905914307 466
2.7830495834350586 466
2.7908942699432373 466
2.7981066703796387 466
2.804072618484497 466
2.8106212615966797 466
2.8174655437469482 466
2.8236546516418457 466
2.8303472995758057 466
2.8369202613830566 466
2.8441214561462402 466
2.8506953716278076 466
2.857896566390991 466
2.863877773284912 466
2.8704590797424316 466
2.8770816326141357 466
2.8830299377441406 466
2.8900609016418457 466
2.8979198932647705 466
2.9038774967193604 466
2.9111580848693848 466
2.918419361114502 466
2.9243476390838623 466
2.9309346675872803 466
2.938044786453247 466
2.9448397159576416 466
2.9518203735351562 466
2.95870304107666 466
2.9646787643432617 466
2.9714949131011963 466
2.9785079956054688 466
2.984488010406494 466
2.991041898727417 466
2.998936414718628 466
3.004885196685791 466
3.015582323074341 466
3.022284984588623 466
3.029571294784546 466
3.0352272987365723 466
3.0423049926757812 466
3.050239086151123 466
3.0568950176239014 466
3.062837839126587 466
3.069798707962036 466
3.0756752490997314 466
3.08237361907959 466
3.0892090797424316 466
3.0970265865325928 466
3.1031603813171387 466
3.11018967628479 466
3.116853952407837 466
3.1227777004241943 466
3.1297690868377686 466
3.135624885559082 466
3.14215087890625 466
3.150205135345459 466
3.15647292137146 466
3.1629698276519775 466
3.1699271202087402 466
3.1757779121398926 466
3.1823344230651855 466
3.1891982555389404 466
3.1970272064208984 466
3.2029941082000732 466
3.2101595401763916 466
3.216433048248291 466
3.222907781600952 466
3.2298545837402344 466
3.2356932163238525 466
3.2422749996185303 466
3.2502496242523193 466
3.2564873695373535 466
3.262871265411377 466
3.269869327545166 466
3.2757210731506348 466
3.282538890838623 466
3.289222240447998 466
3.2952022552490234 466
3.3030083179473877 466
3.3099706172943115 466
3.3158116340637207 466
3.3225066661834717 466
3.3295481204986572 466
3.335207939147949 466
3.342212200164795 466
3.350215435028076 466
3.3568668365478516 466
3.362847328186035 466
3.369837760925293 466
3.3756701946258545 466
3.3822569847106934 466
3.38908052444458 466
3.395034074783325 466
3.4029998779296875 466
3.4100289344787598 466
3.42061185836792 466
3.42722749710083 466
3.4336419105529785 466
3.4404807090759277 466
3.4471771717071533 466
3.45430064201355 466
3.4609928131103516 466
3.468264102935791 466
3.4742729663848877 466
3.4808435440063477 466
3.4879515171051025 466
3.49392032623291 466
3.5015439987182617 466
3.508434295654297 466
3.514387607574463 466
3.5211524963378906 466
3.5282626152038574 466
3.5342319011688232 466
3.540806531906128 466
3.5479178428649902 466
3.554713487625122 466
3.5615177154541016 466
3.56843900680542 466
3.5744099617004395 466
3.5811190605163574 466
3.5882322788238525 466
3.59421706199646 466
3.6009647846221924 466
3.6088345050811768 466
3.6147959232330322 466
3.621580123901367 466
3.628451108932495 466
3.6343955993652344 466
3.6411707401275635 466
3.648275852203369 466
3.655035972595215 466
3.6619162559509277 466
3.668759822845459 466
3.674694299697876 466
3.681502103805542 466
3.688392400741577 466
3.6943533420562744 466
3.7010602951049805 466
3.7089755535125732 466
3.714930295944214 466
3.7217235565185547 466
3.7287256717681885 466
3.734718084335327 466
3.7415339946746826 466
3.748425006866455 466
3.7551512718200684 466
3.7621099948883057 466
3.7689285278320312 466
3.774894952774048 466
3.781809091567993 466
3.7887046337127686 466
3.794687271118164 466
3.801487445831299 466
3.8091177940368652 466
3.8202195167541504 466
3.8268840312957764 465
3.833083152770996 465
3.840296745300293 465
3.8469254970550537 465
3.8528876304626465 464
3.8606741428375244 464
3.867788791656494 464
3.873659133911133 463
3.8805153369903564 463
3.887197971343994 463
3.893728733062744 462
3.900465726852417 462
3.908234119415283 461
3.914849042892456 461
3.92167067527771 460
3.9285829067230225 460
3.934568166732788 459
3.94157338142395 459
3.948434352874756 459
3.9544217586517334 458
3.96201491355896 457
3.968899726867676 457
3.9748520851135254 457
3.981701374053955 456
3.988734245300293 455
3.9947283267974854 455
4.001738786697388 455
4.0097455978393555 454
4.01560115814209 453
4.022195339202881 453
4.029031753540039 453
4.035011053085327 452
4.041830539703369 452
4.0487449169158936 451
4.054709196090698 451
4.062725305557251 450
4.069783687591553 450
4.075638771057129 449
4.082265138626099 449
4.089087009429932 448
4.0950706005096436 448
4.101932048797607 447
4.108827352523804 447
4.115814447402954 446
4.122711896896362 446
4.129779815673828 445
4.135646343231201 445
4.14226770401001 444
4.149087429046631 444
4.155061721801758 443
4.162928581237793 443
4.169925212860107 442
4.1757965087890625 441
4.182710409164429 441
4.189716577529907 441
4.1955602169036865 440
4.202165365219116 440
4.209014654159546 439
4.220828533172607 438
4.228119611740112 438
4.234110116958618 437
4.240953683853149 437
4.248307228088379 436
4.254321336746216 436
4.26096248626709 435
4.26888108253479 435
4.274855613708496 434
4.281688690185547 434
4.288572311401367 433
4.29459285736084 433
4.3015758991241455 432
4.308453798294067 432
4.315121412277222 431
4.322045564651489 431
4.328918218612671 430
4.334876775741577 430
4.341678619384766 429
4.348568916320801 429
4.354566335678101 428
4.361566066741943 428
4.369560956954956 427
4.375464677810669 427
4.382253170013428 426
4.38905668258667 426
4.395045757293701 425
4.40189528465271 425
4.408825874328613 424
4.415830850601196 424
4.422735214233398 423
4.429807901382446 423
4.435666084289551 422
4.442264795303345 422
4.44907283782959 421
4.4550676345825195 421
4.463663816452026 420
4.471203088760376 419
4.478471279144287 419
4.4844396114349365 419
4.491014719009399 418
4.498142242431641 417
4.504138946533203 417
4.510860443115234 417
4.518699645996094 416
4.524694919586182 415
4.531544923782349 415
4.53859281539917 415
4.544560670852661 414
4.551176071166992 413
4.558326244354248 413
4.564338207244873 413
4.5720226764678955 412
4.5789196491241455 411
4.584892988204956 411
4.59179425239563 411
4.598839044570923 410
4.604902982711792 409
4.611744403839111 409
4.6228721141815186 408
4.630004405975342 408
4.635906457901001 407
4.642899751663208 407
4.650052070617676 406
4.655972957611084 405
4.662862539291382 405
4.670668125152588 405
4.677792072296143 404
4.683673143386841 404
4.690453052520752 403
4.6971375942230225 403
4.703115463256836 402
4.710203647613525 402
4.716480016708374 401
4.7242515087127686 401
4.730827808380127 400
4.737913131713867 399
4.743912696838379 399
4.750500917434692 399
4.757193565368652 398
4.7631847858428955 397
4.771199703216553 397
4.778530836105347 396
4.784520149230957 396
4.791131973266602 395
4.7982964515686035 395
4.804280757904053 395
4.810865879058838 394
4.817936420440674 394
4.82477879524231 393
4.831605672836304 393
4.8386030197143555 392
4.844577074050903 392
4.85117506980896 391
4.858300685882568 391
4.86428689956665 391
4.87093186378479 390
4.878832101821899 389
4.884838342666626 389
4.8917107582092285 389
4.898760557174683 388
4.9047253131866455 388
4.912322998046875 387
4.919189453125 387
4.926962852478027 386
4.932926177978516 386
4.939937114715576 385
4.945796012878418 385
4.952355861663818 385
4.964894533157349 384
4.971699953079224 383
4.979627847671509 383
4.985480785369873 383
4.992101192474365 382
4.998939037322998 381
5.004922866821289 381
5.0117573738098145 381
5.022170782089233 380
5.030606031417847 379
5.037836313247681 379
5.043720960617065 379
5.05056095123291 378
5.0571959018707275 378
5.06316065788269 377
5.07024073600769 377
5.078304767608643 377
5.084323167800903 376
5.090921640396118 376
5.098097085952759 375
5.10409140586853 375
5.11065411567688 375
5.117702484130859 374
5.123567819595337 374
5.1310343742370605 373
5.138266086578369 373
5.144298076629639 373
5.1509034633636475 372
5.158166885375977 372
5.1641364097595215 372
5.170713901519775 371
5.178527116775513 371
5.184525728225708 370
5.191157102584839 370
5.198408365249634 369
5.204393148422241 369
5.210991382598877 369
5.2187981605529785 369
5.224741458892822 368
5.232503414154053 368
5.2392027378082275 367
5.2455153465271 367
5.252118825912476 367
5.259084463119507 366
5.265043497085571 366
5.271887302398682 365
5.279861688613892 365
5.285794496536255 365
5.2925755977630615 365
5.299574613571167 364
5.305485248565674 364
5.312061786651611 363
5.319070816040039 363
5.325044631958008 363
5.33286452293396 363
5.339854001998901 362
5.3457112312316895 362
5.352272987365723 361
5.359055519104004 361
5.365087032318115 361
5.371929168701172 361
5.37896203994751 360
5.3864312171936035 360
5.392751216888428 359
5.399815320968628 359
5.4056408405303955 359
5.41220498085022 359
5.422921419143677 358
5.4300737380981445 358
5.4382336139678955 357
5.444262742996216 357
5.450941801071167 357
5.458089113235474 357
5.464128494262695 356
5.470710515975952 356
5.477756977081299 356
5.484597444534302 355
5.491197109222412 355
5.4984517097473145 355
5.504421949386597 355
5.510971784591675 355
5.518109321594238 354
5.524132251739502 354
5.530689716339111 353
5.538558483123779 353
5.544523477554321 353
5.551515817642212 353
5.558524131774902 353
5.564503908157349 352
5.5711259841918945 352
5.578274250030518 352
5.585015773773193 351
5.59190034866333 351
5.598782300949097 351
5.604734897613525 351
5.611531496047974 351
5.618533611297607 350
5.624510288238525 350
5.631110668182373 350
5.639023303985596 349
5.64501953125 349
5.651877164840698 349
5.658720016479492 349
5.664716958999634 349
5.671553373336792 348
5.678583860397339 348
5.684569835662842 348
5.692277908325195 347
5.699077367782593 347
5.705047130584717 347
5.711897611618042 347
5.718770265579224 347
5.724771499633789 347
5.731548309326172 347
5.739696264266968 346
5.745541572570801 346
5.7520997524261475 346
5.758947849273682 345
5.7649009227752686 345
5.775751113891602 345
5.782362699508667 345
5.790237903594971 345
5.796858310699463 345
5.803008079528809 345
5.8102123737335205 344
5.816862106323242 344
5.827842950820923 344
5.83388352394104 343
5.841619253158569 343
5.848588943481445 343
5.854554891586304 343
5.861511945724487 343
5.86842155456543 343
5.874372959136963 342
5.880981206893921 342
5.888141393661499 342
5.894896507263184 342
5.9017369747161865 342
5.909602880477905 341
5.915523290634155 341
5.922258615493774 341
5.9290595054626465 341
5.935030460357666 341
5.943010568618774 341
5.949925422668457 341
5.955769300460815 341
5.962327718734741 341
5.969141721725464 340
5.975121259689331 340
5.982110500335693 340
5.988971948623657 340
5.996427774429321 340
6.002756595611572 340
6.009769916534424 340
6.015602111816406 340
6.02217960357666 340
6.02900767326355 340
6.034957647323608 340
6.042926549911499 339
6.049913644790649 339
6.055750131607056 339
6.062281131744385 339
6.069556951522827 339
6.0751953125 339
6.082070827484131 339
6.08893346786499 339
6.095798492431641 339
6.102641582489014 339
6.109598636627197 339
6.115512132644653 338
6.122090101242065 338
6.135504245758057 338
6.14305305480957 338
6.151810646057129 337
6.159091234207153 337
6.165040731430054 337
6.171911239624023 337
6.178797006607056 337
6.184728145599365 337
6.191539287567139 337
6.199620723724365 337
6.205465078353882 337
6.212078332901001 337
6.219067573547363 337
6.229961633682251 337
6.235806465148926 337
6.242698907852173 337
6.250637769699097 337
6.257725715637207 337
6.263589859008789 337
6.270310401916504 337
6.276932716369629 337
6.283025026321411 337
6.290050029754639 337
6.29794716835022 337
6.303912401199341 337
6.3105034828186035 337
6.317197799682617 337
6.323139905929565 337
6.330351114273071 337
6.337024211883545 337
6.343148708343506 337
6.35099196434021 337
6.358070373535156 337
6.364041566848755 337
6.370624303817749 337
6.377519607543945 337
6.383535385131836 337
6.3902740478515625 337
6.398188829421997 337
6.4041900634765625 337
6.4107770919799805 337
6.417904376983643 337
6.42380428314209 337
6.4304280281066895 337
6.437095642089844 337
6.443012952804565 337
6.4506635665893555 337
6.457920789718628 337
6.463918209075928 337
6.470546007156372 337
6.477184295654297 337
6.483133792877197 337
6.490157127380371 337
6.4964516162872314 337
6.504090070724487 337
6.510638236999512 337
6.5174853801727295 337
6.523669004440308 337
6.530392646789551 337
6.537039279937744 337
6.542984485626221 337
6.5508012771606445 337
6.557928800582886 337
6.563920974731445 337
6.570537328720093 337
6.577183485031128 337
6.583580255508423 337
6.590463399887085 337
6.5970540046691895 337
6.604244709014893 337
6.610827684402466 337
6.617904424667358 337
6.628458738327026 337
6.634386777877808 337
6.6411848068237305 337
6.648439407348633 337
6.65547251701355 337
6.662042617797852 337
6.6688551902771 337
6.674870252609253 337
6.681661367416382 337
6.688487529754639 337
6.694448232650757 337
6.70218825340271 337
6.7090537548065186 337
6.7150280475616455 337
6.722054958343506 337
6.728918075561523 337
6.734844446182251 337
6.741669416427612 337
6.748482704162598 337
6.755207538604736 337
6.762149095535278 337
6.7689900398254395 337
6.774924039840698 337
6.781747102737427 337
6.788644552230835 337
6.79460072517395 337
6.801185607910156 337
6.808987855911255 337
6.814910411834717 337
6.821892499923706 337
6.828765630722046 337
6.83470344543457 337
6.841479778289795 337
6.84846568107605 337
6.8552024364471436 337
6.862070560455322 337
6.868908405303955 337
6.874866485595703 337
6.881819009780884 337
6.888704538345337 337
6.894649028778076 337
6.901190280914307 337
6.910099744796753 337
6.916356325149536 337
6.922726154327393 337
6.929759502410889 337
6.93556547164917 337
6.942247629165649 337
6.949081182479858 337
6.956470966339111 337
6.96448540687561 337
6.971005439758301 337
6.978271961212158 337
6.98424506187439 337
6.990793943405151 337
6.998044967651367 337
7.00398063659668 337
7.0116002559661865 337
7.018438100814819 337
7.0288777351379395 337
7.0348570346832275 337
7.0418195724487305 337
7.04880428314209 337
7.054726600646973 337
7.062566757202148 337
7.069606065750122 337
7.075222969055176 337
7.082061052322388 337
7.088949918746948 337
7.0949060916900635 337
7.101665735244751 337
7.10980486869812 337
7.115623235702515 337
7.12233304977417 337
7.1291680335998535 337
7.135133743286133 337
7.141967296600342 337
7.148861646652222 337
7.154827117919922 337
7.162579774856567 337
7.16963005065918 337
7.175463438034058 337
7.1821746826171875 337
7.188995122909546 337
7.19491720199585 337
7.2016918659210205 337
7.208559274673462 337
7.215548038482666 337
7.2220892906188965 337
7.228929042816162 337
7.234860420227051 337
7.241868019104004 337
7.248758792877197 337
7.254702091217041 337
7.262355804443359 337
7.269181251525879 337
7.275180339813232 337
7.282046794891357 337
7.288911581039429 337
7.294867038726807 337
7.301844358444214 337
7.308719873428345 337
7.315736770629883 337
7.322280406951904 337
7.329040050506592 337
7.334981441497803 337
7.341807126998901 337
7.3486409187316895 337
7.354598760604858 337
7.361557483673096 337
7.369730234146118 337
7.375566720962524 337
7.382195711135864 337
7.389040231704712 337
7.395017385482788 337
7.401932239532471 337
7.408921480178833 337
7.415813446044922 337
7.422692775726318 337
7.433066129684448 337
7.440221071243286 337
7.44647741317749 337
7.4529523849487305 337
7.459921598434448 337
7.467761516571045 337
7.4735777378082275 337
7.4804604053497314 337
7.487120628356934 337
7.493087530136108 337
7.5002312660217285 337
7.512175798416138 337
7.520246505737305 337
7.526885509490967 337
7.5328850746154785 337
7.539995908737183 337
7.5459160804748535 337
7.552523851394653 337
7.559203386306763 337
7.565179347991943 337
7.572957992553711 337
7.579918146133423 337
7.585760593414307 337
7.592290163040161 337
7.5992162227630615 337
7.605460166931152 337
7.612066745758057 337
7.620019197463989 337
7.625931024551392 337
7.632777690887451 337
7.639760255813599 337
7.645576238632202 337
7.652139186859131 337
7.659090995788574 337
7.665039300918579 337
7.67290472984314 337
7.679840803146362 337
7.685716152191162 337
7.692253828048706 337
7.699047565460205 337
7.705016136169434 337
7.711797714233398 337
7.719869136810303 337
7.725767135620117 337
7.7330615520477295 337
7.740082025527954 337
7.745953798294067 337
7.752691984176636 337
7.759870529174805 337
7.765711545944214 337
7.7731873989105225 337
7.7803919315338135 337
7.787078142166138 337
7.793006181716919 337
7.7999608516693115 337
7.805800914764404 337
7.812331199645996 337
7.819192886352539 337
7.833221435546875 337
7.840531349182129 337
7.847164869308472 337
7.85361123085022 337
7.860442161560059 337
7.867056846618652 337
7.874255418777466 337
7.880798101425171 337
7.888063907623291 337
7.893979072570801 337
7.900696754455566 337
7.907699823379517 337
7.914355039596558 337
7.920902967453003 337
7.928792238235474 337
7.934718370437622 337
7.941484689712524 337
7.9483160972595215 337
7.9542763233184814 337
7.9609856605529785 337
7.968055248260498 337
7.974759817123413 337
7.981534242630005 337
7.988362789154053 337
7.9943273067474365 337
8.000882625579834 337
8.007959127426147 337
8.013916969299316 337
8.020649671554565 337
8.028433322906494 337
8.034343719482422 337
8.040884017944336 337
8.048147201538086 337
8.054117918014526 337
8.060616970062256 337
8.06719160079956 337
8.07309365272522 337
8.080987215042114 337
8.088063716888428 337
8.094010353088379 337
8.100539445877075 337
8.107146739959717 337
8.11313533782959 337
8.120169401168823 337
8.12808871269226 337
8.134043455123901 337
8.140799760818481 337
8.148013830184937 337
8.153974056243896 337
8.160534620285034 337
8.167104482650757 337
8.17306661605835 337
8.180819034576416 337
8.1878502368927 337
8.193678379058838 337
8.200482368469238 337
8.207133293151855 337
8.21309757232666 337
8.220102310180664 337
8.225942850112915 337
8.238409996032715 337
8.244338274002075 337
8.25101637840271 337
8.258293628692627 337
8.264270782470703 337
8.270801067352295 337
8.278044700622559 337
8.284762382507324 337
8.29157304763794 337
8.298398733139038 337
8.304320573806763 337
8.31087040901184 337
8.318039178848267 337
8.324014902114868 337
8.331631183624268 337
8.338433742523193 337
8.344334363937378 337
8.35093641281128 337
8.357990503311157 337
8.3639235496521 337
8.370550155639648 337
8.377147912979126 337
8.384504556655884 337
8.391066312789917 337
8.398118495941162 337
8.404054164886475 337
8.410752296447754 337
8.417909383773804 337
8.423728942871094 337
8.431113958358765 337
8.438400506973267 337
8.444354057312012 337
8.45092248916626 337
8.457987785339355 337
8.46392273902893 337
8.470475435256958 337
8.47708797454834 337
8.484243869781494 337
8.490766763687134 337
8.497988224029541 337
8.503956317901611 337
8.510499238967896 337
8.517135381698608 337
8.52306079864502 337
8.530004501342773 337
8.538054704666138 337
8.54398512840271 337
8.550540447235107 337
8.557153224945068 337
8.563581943511963 337
8.570270776748657 337
8.576478481292725 337
8.584030389785767 337
8.590596199035645 337
8.597461462020874 337
8.603171110153198 337
8.610167026519775 337
8.616394758224487 337
8.622908115386963 337
8.633213520050049 337
8.641027688980103 337
8.648240566253662 337
8.654235363006592 337
8.660915851593018 337
8.668061256408691 337
8.674002170562744 337
8.680704832077026 337
8.688621520996094 337
8.694544076919556 337
8.701080560684204 337
8.708128929138184 337
8.71407961845398 337
8.72061800956726 337
8.727193117141724 337
8.733105421066284 337
8.741090297698975 337
8.748144626617432 337
8.754094123840332 337
8.760634422302246 337
8.767470359802246 337
8.773553371429443 337
8.780300378799438 337
8.788150787353516 337
8.794075965881348 337
8.800840377807617 337
8.807899951934814 337
8.813726902008057 337
8.82041335105896 337
8.827033758163452 337
8.833008050918579 337
8.84075665473938 337
8.847835063934326 337
8.853670597076416 337
8.8604576587677 337
8.867103576660156 337
8.873091220855713 337
8.880114555358887 337
8.885978698730469 337
8.893980979919434 337
8.900545120239258 337
8.907158136367798 337
8.914262294769287 337
8.920964479446411 337
8.92837929725647 337
8.934319496154785 337
8.941909074783325 337
8.948761463165283 337
8.954692840576172 337
8.961468696594238 337
8.96829867362976 337
8.97424602508545 337
8.980928897857666 337
8.988107681274414 337
8.994734048843384 337
9.001511096954346 337
9.008354187011719 337
9.014361143112183 337
9.02092456817627 337
9.027982234954834 337
9.038726568222046 337
9.045718431472778 337
9.05238938331604 337
9.059772729873657 337
9.06556487083435 337
9.072096824645996 337
9.078909397125244 337
9.084849119186401 337
9.092644453048706 337
9.099781513214111 337
9.10560917854309 337
9.11214566230774 337
9.11973762512207 337
9.1255521774292 337
9.132108211517334 337
9.138932466506958 337
9.145891189575195 337
9.15254259109497 337
9.15969705581665 337
9.165517330169678 337
9.172070980072021 337
9.178905963897705 337
9.184832572937012 337
9.191841125488281 337
9.199796676635742 337
9.205617904663086 337
9.212167978286743 337
9.219085931777954 337
9.22505521774292 337
9.231877326965332 337
9.238716840744019 337
9.24567198753357 337
9.252246856689453 337
9.259018421173096 337
9.264931440353394 337
9.27170181274414 337
9.278668880462646 337
9.284639835357666 337
9.29117727279663 337
9.299006700515747 337
9.304935455322266 337
9.311781406402588 337
9.31877326965332 337
9.32471227645874 337
9.33154010772705 337
9.338521242141724 337
9.344513893127441 337
9.352071285247803 337
9.358897686004639 337
9.364847898483276 337
9.37166452407837 337
9.37846565246582 337
9.384438037872314 337
9.390992403030396 337
9.398847341537476 337
9.404889822006226 337
9.411690473556519 337
9.418546199798584 337
9.424482822418213 337
9.434767246246338 337
9.441662073135376 337
9.4497652053833 337
9.455572605133057 337
9.462507963180542 337
9.46920108795166 337
9.475133419036865 337
9.481938362121582 337
9.48880124092102 337
9.494738578796387 337
9.502217292785645 337
9.510531902313232 337
9.517170190811157 337
9.523574590682983 337
9.530287027359009 337
9.536863088607788 337
9.542873859405518 337
9.550663232803345 337
9.557493209838867 337
9.563446998596191 337
9.570225715637207 337
9.576486110687256 337
9.582996606826782 337
9.589905977249146 337
9.595777034759521 337
9.603630781173706 337
9.61038064956665 337
9.616955280303955 337
9.622905254364014 337
9.629846096038818 338
9.63572359085083 338
9.642636060714722 338
9.649635314941406 338
9.657064199447632 338
9.663006067276001 338
9.669981479644775 338
9.675845861434937 338
9.682385921478271 338
9.68920350074768 338
9.695157289505005 338
9.703144550323486 338
9.710379123687744 338
9.717070579528809 338
9.723002910614014 338
9.730005979537964 338
9.735930681228638 338
9.742574691772461 338
9.749602556228638 338
9.757065296173096 338
9.763178586959839 338
9.770211696624756 338
9.776478290557861 338
9.782871961593628 338
9.78984785079956 338
9.795690774917603 338
9.803159236907959 338
9.810398817062378 338
9.817033052444458 338
9.823129892349243 338
9.830146789550781 338
9.840653657913208 338
9.847511768341064 338
9.854569673538208 338
9.86153244972229 338
9.868404150009155 338
9.874351263046265 338
9.881075143814087 338
9.888108968734741 338
9.894492149353027 338
9.90117335319519 338
9.910260200500488 338
9.916849136352539 338
9.922969102859497 338
9.92989730834961 338
9.93571162223816 338
9.942632675170898 338
9.949594497680664 338
9.957038402557373 338
9.962968111038208 338
9.970108985900879 338
9.975976467132568 338
9.982693910598755 338
9.989658117294312 338
9.99547815322876 338
