00
0.010282754898071289 0
0.016183853149414062 0
0.02299356460571289 1
0.030085086822509766 1
0.03592228889465332 3
0.0423731803894043 4
0.04916715621948242 7
0.055132389068603516 9
0.0631108283996582 12
0.07005715370178223 15
0.0758659839630127 18
0.08255410194396973 21
0.08986830711364746 23
0.0957803726196289 26
0.1023702621459961 28
0.11045670509338379 31
0.11715006828308105 33
0.12337088584899902 36
0.13045048713684082 38
0.13673162460327148 41
0.1431429386138916 43
0.15011096000671387 45
0.15594887733459473 48
0.16372179985046387 50
0.17061710357666016 53
0.17733120918273926 56
0.18382573127746582 59
0.19062304496765137 61
0.1973118782043457 64
0.20338940620422363 66
0.21129345893859863 69
0.2185511589050293 70
0.22454142570495605 72
0.23112034797668457 75
0.24090814590454102 79
0.24940752983093262 81
0.255359411239624 83
0.2633790969848633 85
0.270632266998291 87
0.27730536460876465 90
0.28333044052124023 92
0.2904322147369385 94
0.29668712615966797 96
0.30324220657348633 97
0.3102436065673828 99
0.31821656227111816 102
0.3243110179901123 104
0.3309295177459717 106
0.33799028396606445 108
0.3439018726348877 109
0.3507401943206787 112
0.3574395179748535 114
0.36481761932373047 116
0.3714766502380371 118
0.3786337375640869 120
0.38458967208862305 121
0.39123964309692383 123
0.39839863777160645 125
0.4044051170349121 126
0.4111969470977783 129
0.41938304901123047 131
0.4254026412963867 133
0.4323241710662842 134
0.4392855167388916 136
0.4452831745147705 137
0.45207691192626953 139
0.45893049240112305 141
0.4659383296966553 143
0.4725341796875 145
0.4798927307128906 147
0.4858088493347168 149
0.49240541458129883 150
0.4993171691894531 151
0.5053071975708008 153
0.5121595859527588 153
0.5201382637023926 155
0.5259983539581299 158
0.5326294898986816 160
0.5407264232635498 162
0.5474443435668945 163
0.5534722805023193 165
0.5605628490447998 166
0.5683276653289795 167
0.5743362903594971 169
0.5809252262115479 171
0.5880594253540039 173
0.5939769744873047 174
0.6008665561676025 176
0.6081397533416748 177
0.6141693592071533 177
0.6214778423309326 179
0.6286163330078125 181
0.634613037109375 182
0.645143985748291 186
0.6521494388580322 188
0.6592836380004883 189
0.6653151512145996 191
0.6731572151184082 192
0.6801900863647461 193
0.686121940612793 195
0.6928179264068604 196
0.6998453140258789 197
0.7057867050170898 199
0.7124028205871582 200
0.7205758094787598 202
0.7272882461547852 203
0.7333352565765381 205
0.7406189441680908 205
0.7472875118255615 207
0.7532775402069092 208
0.7602865695953369 209
0.7661886215209961 211
0.7742679119110107 212
0.781041145324707 214
0.7882997989654541 215
0.7942948341369629 216
0.8009212017059326 217
0.8080108165740967 219
0.8139369487762451 220
0.8214895725250244 221
0.8286294937133789 222
0.8346695899963379 223
0.8414361476898193 224
0.8485817909240723 225
0.8546142578125 227
0.8612716197967529 227
0.8685562610626221 228
0.8753890991210938 229
0.8822848796844482 231
0.8891820907592773 232
0.895193338394165 233
0.902289628982544 234
0.9091777801513672 235
0.9151208400726318 236
0.9229283332824707 237
0.9299941062927246 239
0.935884952545166 240
0.9425184726715088 241
0.9493598937988281 241
0.9553425312042236 242
0.9623103141784668 243
0.9691708087921143 244
0.9762141704559326 245
0.9829883575439453 247
0.9900782108306885 247
0.9959747791290283 249
1.0028934478759766 249
1.0098891258239746 250
1.0158097743988037 250
1.0225422382354736 251
1.0305671691894531 252
1.0372486114501953 253
1.048384666442871 255
1.0549044609069824 256
1.0618860721588135 257
1.0688462257385254 258
1.0759210586547852 259
1.0827758312225342 259
1.0894770622253418 260
1.0954804420471191 261
1.1023099422454834 262
1.1091887950897217 263
1.1151354312896729 264
1.1219799518585205 265
1.1302952766418457 266
1.1361973285675049 266
1.1432311534881592 267
1.1501939296722412 267
1.1560325622558594 268
1.16264009475708 269
1.1698238849639893 270
1.1772890090942383 271
1.18326997756958 271
1.1903252601623535 271
1.1966664791107178 273
1.2032086849212646 273
1.210188627243042 274
1.2161071300506592 275
1.222895860671997 275
1.2306525707244873 277
1.2373828887939453 277
1.243401050567627 278
1.2505080699920654 279
1.2571635246276855 279
1.2633378505706787 280
1.2704036235809326 281
1.2767682075500488 281
1.2842566967010498 282
1.2908940315246582 283
1.2979755401611328 283
1.3038899898529053 284
1.3106303215026855 285
1.3173105716705322 285
1.323418140411377 285
1.331294059753418 287
1.3384294509887695 288
1.3444395065307617 288
1.3510639667510986 289
1.3581736087799072 289
1.3640780448913574 289
1.3708055019378662 291
1.3774645328521729 291
1.3848769664764404 292
1.3918850421905518 292
1.3988022804260254 293
1.4048442840576172 293
1.4117431640625 294
1.418689250946045 295
1.4247055053710938 296
1.4324405193328857 296
1.4398465156555176 297
1.4504766464233398 297
1.4571056365966797 296
1.463289499282837 297
1.4704763889312744 297
1.4772584438323975 297
1.4846210479736328 298
1.4912245273590088 299
1.4985888004302979 300
1.5046203136444092 300
1.5112574100494385 301
1.5185825824737549 301
1.5245893001556396 301
1.5312297344207764 303
1.5401947498321533 303
1.5461499691009521 304
1.5528919696807861 304
1.560027837753296 304
1.565925121307373 305
1.5725407600402832 306
1.5794181823730469 307
1.587254285812378 307
1.593247413635254 307
1.6002461910247803 308
1.606229543685913 309
1.6129610538482666 309
1.6201481819152832 310
1.6260452270507812 310
1.6326169967651367 310
1.6405622959136963 311
1.6472852230072021 311
1.6534504890441895 312
1.6605474948883057 313
1.6672263145446777 313
1.6732416152954102 313
1.680370569229126 314
1.688246726989746 314
1.6942620277404785 315
1.7009055614471436 315
1.707782506942749 315
1.7138762474060059 316
1.7206108570098877 317
1.7273399829864502 317
1.73335599899292 318
1.741391897201538 318
1.7485620975494385 319
1.7545950412750244 319
1.7611987590789795 319
1.7683370113372803 320
1.7743909358978271 321
1.7811832427978516 321
1.7891185283660889 321
1.7950949668884277 322
1.8021535873413086 322
1.8091142177581787 323
1.815147876739502 323
1.822014570236206 323
1.828878402709961 323
1.8348495960235596 324
1.842536211013794 325
1.8538177013397217 325
1.860818862915039 325
1.8674471378326416 325
1.8738908767700195 325
1.8807404041290283 326
1.8886079788208008 326
1.8946878910064697 327
1.9012656211853027 327
1.9085273742675781 327
1.914527177810669 327
1.9212417602539062 327
1.9284019470214844 328
1.9343817234039307 329
1.9420077800750732 329
1.9488661289215088 329
1.954841136932373 329
1.9614512920379639 330
1.968641757965088 331
1.9747099876403809 331
1.9814701080322266 331
1.9885742664337158 331
1.99802565574646 332
2.0039641857147217 333
2.010737419128418 333
2.0174317359924316 333
2.02339768409729 333
2.030457019805908 333
2.036733865737915 334
2.0445778369903564 335
2.0511927604675293 335
2.0583510398864746 335
2.0643365383148193 335
2.070967674255371 336
2.0780653953552246 336
2.083935022354126 337
2.0907366275787354 337
2.0987751483917236 337
2.1047427654266357 337
2.111295223236084 337
2.1185367107391357 338
2.124544620513916 338
2.131099224090576 339
2.13822603225708 339
2.1449098587036133 339
2.1517550945281982 339
2.158787250518799 339
2.1649022102355957 340
2.1719369888305664 340
2.1794211864471436 341
2.185431957244873 341
2.193193197250366 340
2.200237989425659 340
2.206179618835449 341
2.2129509449005127 341
2.2201642990112305 341
2.226031541824341 341
2.2325873374938965 341
2.2394332885742188 342
2.251805305480957 343
2.258831739425659 343
2.2648744583129883 344
2.271886110305786 344
2.2789855003356934 344
2.2849466800689697 344
2.2917675971984863 344
2.2998392581939697 344
2.3054871559143066 345
2.312359094619751 345
2.3192081451416016 345
2.3252007961273193 345
2.3320367336273193 346
2.3390815258026123 346
2.3466813564300537 347
2.3530759811401367 347
2.360114336013794 346
2.3659393787384033 346
2.372504472732544 346
2.3792898654937744 346
2.3853275775909424 347
2.3922247886657715 347
2.400273561477661 347
2.4061336517333984 347
2.4128048419952393 348
2.419969081878662 348
2.425917863845825 349
2.432647705078125 349
2.439490795135498 349
2.4457292556762695 349
2.4532456398010254 349
2.4603803157806396 349
2.4724504947662354 349
2.4793238639831543 350
2.4853601455688477 351
2.492198944091797 351
2.500189781188965 351
2.506094455718994 351
2.512643575668335 351
2.5199506282806396 351
2.525815486907959 352
2.5324347019195557 352
2.5403835773468018 353
2.5467329025268555 353
2.5544114112854004 353
2.561147928237915 352
2.5682408809661865 352
2.5742297172546387 352
2.5811376571655273 353
2.588334560394287 353
2.59436297416687 353
2.60201358795166 354
2.608940362930298 354
2.6149203777313232 354
2.6217710971832275 354
2.62868070602417 355
2.634711503982544 355
2.6414871215820312 355
2.6529836654663086 355
2.6601600646972656 355
2.666036605834961 355
2.672902822494507 356
2.680147171020508 356
2.6860849857330322 356
2.6929852962493896 356
2.700155019760132 357
2.708075761795044 357
2.714174270629883 357
2.7207932472229004 357
2.7274351119995117 357
2.7334022521972656 357
2.7404556274414062 357
2.7471141815185547 357
2.7542033195495605 357
2.7609214782714844 358
2.7680258750915527 358
2.7739901542663574 359
2.7807400226593018 359
2.787389039993286 359
2.7934131622314453 359
2.800469398498535 359
2.8083972930908203 359
2.8143739700317383 359
2.8211188316345215 359
2.8282406330108643 360
2.834383964538574 360
2.84094500541687 361
2.8480145931243896 360
2.8547558784484863 360
2.861362934112549 359
2.868486166000366 360
2.8745646476745605 360
2.881300687789917 361
2.888442277908325 361
2.8944501876831055 360
2.90105938911438 360
2.9088826179504395 360
2.914825201034546 360
2.9214019775390625 360
2.9285213947296143 360
2.9344892501831055 361
2.941258430480957 361
2.9484992027282715 361
2.9545135498046875 361
2.962134838104248 361
2.96903920173645 361
2.9750020503997803 361
2.9818191528320312 361
2.988680124282837 362
2.9947195053100586 362
3.0014591217041016 362
3.0092923641204834 362
3.0152978897094727 363
3.02217173576355 363
3.029075860977173 363
3.035050868988037 362
3.0418272018432617 362
3.052290678024292 363
3.060514450073242 363
3.067181348800659 363
3.073312282562256 363
3.080580472946167 363
3.0871803760528564 363
3.0931272506713867 363
3.100130081176758 364
3.106053113937378 364
3.1138267517089844 364
3.120718002319336 364
3.127363920211792 364
3.1333444118499756 364
3.1403286457061768 364
3.14623761177063 364
3.1529574394226074 364
3.160827159881592 364
3.1677165031433105 364
3.173719644546509 365
3.180734872817993 365
3.187411069869995 365
3.193427085876465 365
3.2004785537719727 365
3.206738233566284 365
3.2145261764526367 365
3.221073865890503 365
3.2281692028045654 365
3.2340738773345947 365
3.2408571243286133 365
3.2474849224090576 365
3.2534220218658447 365
3.261213779449463 366
3.2684082984924316 366
3.2744147777557373 366
3.2809884548187256 365
3.288083791732788 365
3.2939774990081787 366
3.3008406162261963 366
3.307488203048706 367
3.314793348312378 367
3.321436882019043 366
3.3285508155822754 366
3.3345537185668945 366
3.3412368297576904 366
3.3483495712280273 366
3.354341506958008 367
3.3611037731170654 367
3.369048833847046 367
3.375012159347534 366
3.3817851543426514 366
3.388688325881958 366
3.394655704498291 366
3.405228614807129 367
3.412184238433838 367
3.420302391052246 367
3.426142692565918 366
3.4328222274780273 366
3.439826488494873 366
3.4454705715179443 366
3.456050157546997 367
3.463000535964966 367
3.471066474914551 367
3.478454828262329 367
3.4844491481781006 366
3.4911110401153564 366
3.4981911182403564 366
3.5042195320129395 367
3.510847806930542 367
3.518718719482422 366
3.524686098098755 366
3.5312581062316895 366
3.538557291030884 367
3.545224666595459 367
3.5521793365478516 367
3.5590312480926514 367
3.5659568309783936 366
3.572542190551758 366
3.5793519020080566 366
3.5853960514068604 367
3.592266798019409 367
3.599271774291992 367
3.6052350997924805 366
3.612076759338379 366
3.6199700832366943 366
3.625889539718628 367
3.632524013519287 367
3.639345407485962 367
3.6453070640563965 367
3.6521480083465576 367
3.6592626571655273 367
3.6651976108551025 367
3.6728217601776123 367
3.6798596382141113 367
3.6857261657714844 367
3.6923487186431885 367
3.69919753074646 367
3.705162763595581 367
3.711982488632202 368
3.720041275024414 368
3.725938081741333 367
3.7327699661254883 367
3.739828586578369 367
3.745481014251709 367
3.7523324489593506 367
3.759153366088867 368
3.765153408050537 368
3.7730202674865723 368
3.7801923751831055 367
3.786040782928467 367
3.7926411628723145 367
3.799483299255371 367
3.805475950241089 367
3.812297821044922 368
3.8203625679016113 368
3.8267323970794678 368
3.8330674171447754 368
3.8402135372161865 367
3.846095085144043 367
3.857208251953125 367
3.863457202911377 368
3.871485948562622 368
3.878952980041504 367
3.8849146366119385 367
3.891728639602661 367
3.89874267578125 367
3.9047210216522217 368
3.9113430976867676 368
3.9184627532958984 368
3.9252262115478516 367
3.9320576190948486 367
3.938962459564209 367
3.944934844970703 367
3.9517745971679688 368
3.958839178085327 368
3.9648876190185547 368
3.9724714756011963 367
3.979329824447632 367
3.985292911529541 367
3.9922966957092285 367
3.9992051124572754 368
4.005201578140259 368
4.012007236480713 367
4.019010543823242 367
4.026055097579956 367
4.0326087474823 368
4.039491653442383 368
4.045761585235596 368
4.052335739135742 368
4.059191942214966 367
4.0651609897613525 367
4.071983575820923 367
4.080151319503784 368
4.086075305938721 368
4.092773199081421 368
4.099876642227173 367
4.1057398319244385 367
4.1123411655426025 367
4.119325637817383 367
4.127119064331055 368
4.133142471313477 368
4.140305519104004 368
4.146197319030762 367
4.1529340744018555 367
4.159954071044922 367
4.165812969207764 367
4.172362327575684 367
4.180483102798462 368
4.187151908874512 367
4.193092107772827 367
4.200254440307617 367
4.206145286560059 367
4.212839126586914 367
4.21985387802124 368
4.2273359298706055 368
4.233331918716431 368
4.240349292755127 367
4.246251583099365 367
4.257714509963989 367
4.2641379833221436 367
4.2709033489227295 368
4.278943300247192 368
4.284931659698486 367
4.291738033294678 367
4.298677206039429 367
4.304638385772705 367
4.311229467391968 367
4.3185436725616455 367
4.32461953163147 368
4.332188844680786 368
4.339028596878052 367
4.344976186752319 367
4.35178279876709 367
4.358654260635376 367
4.3646111488342285 367
4.371260166168213 368
4.379285573959351 367
4.38525915145874 367
4.392106533050537 367
4.398950576782227 367
4.404898166656494 367
4.411809206008911 368
4.4187023639678955 367
4.424681663513184 367
4.432330369949341 367
4.439322233200073 367
4.445295333862305 368
4.452189922332764 368
4.459115743637085 368
4.4650797843933105 367
4.4733240604400635 367
4.4810991287231445 367
4.488232612609863 367
4.494205951690674 368
4.501140117645264 368
4.508424282073975 368
4.514446496963501 368
4.5210301876068115 368
4.528105020523071 368
4.534911632537842 368
4.542475461959839 368
4.549293756484985 368
4.555306434631348 368
4.562324523925781 368
4.56925106048584 369
4.575246572494507 369
4.583030700683594 369
4.590050935745239 369
4.595888614654541 369
4.602834701538086 369
4.60991096496582 369
4.615762710571289 369
4.622518301010132 369
4.629304885864258 369
4.637176036834717 369
4.643319606781006 369
4.6503212451934814 369
4.660728693008423 369
4.667399883270264 369
4.673814058303833 369
4.680805444717407 369
4.689823627471924 369
4.69549036026001 369
4.70232629776001 369
4.709152698516846 369
4.715152263641357 369
4.721966981887817 369
4.728841304779053 369
4.7358293533325195 369
4.742565870285034 369
4.749413013458252 369
4.755414962768555 369
4.762260913848877 369
4.7692365646362305 369
4.775195360183716 369
4.782062292098999 369
4.790041208267212 369
4.795903444290161 369
4.802605628967285 369
4.809448719024658 369
4.815464019775391 369
4.822326421737671 369
4.829161167144775 369
4.8351452350616455 369
4.842822313308716 369
4.849851131439209 369
4.855480670928955 369
4.8624279499053955 369
4.869269371032715 369
4.875239133834839 369
4.882071256637573 369
4.890005111694336 369
4.895859003067017 369
4.902593374252319 369
4.909406900405884 369
4.915379762649536 369
4.922391891479492 369
4.9292356967926025 369
4.93520450592041 369
4.942891836166382 369
4.949844121932983 369
4.9554829597473145 369
4.962346792221069 369
4.96916937828064 369
4.98136830329895 369
4.9885478019714355 369
4.995366096496582 369
5.002223491668701 369
5.009067535400391 369
5.01504373550415 369
5.021844148635864 369
5.028848886489868 369
5.03482460975647 369
5.042764902114868 369
5.049883842468262 369
5.059189558029175 369
5.066160678863525 369
5.073012828826904 369
5.080291271209717 369
5.0861499309539795 369
5.0942723751068115 369
5.101051092147827 369
5.108175277709961 369
5.1141276359558105 369
5.120734453201294 369
5.127349853515625 369
5.133320093154907 369
5.140361785888672 369
5.148235321044922 369
5.154200077056885 369
5.160949468612671 369
5.168022632598877 369
5.173881530761719 369
5.180583238601685 369
5.187187671661377 369
5.194387197494507 369
5.200964689254761 369
5.208024263381958 369
5.213842391967773 369
5.220695972442627 369
5.227373361587524 369
5.2333457469940186 369
5.240377902984619 369
5.248241901397705 369
5.254205226898193 369
5.260812997817993 369
5.267450571060181 369
5.2733964920043945 369
5.280595064163208 369
5.287247180938721 369
5.293359279632568 369
5.30116081237793 369
5.308238983154297 369
5.3141913414001465 369
5.320799827575684 369
5.327398061752319 369
5.333373546600342 369
5.3405468463897705 369
5.348470449447632 369
5.354434967041016 369
5.361006259918213 369
5.368117094039917 369
5.37394905090332 369
5.380721569061279 369
5.387363910675049 369
5.3932883739471436 369
5.40121865272522 369
5.408405065536499 369
5.414379835128784 369
5.421088933944702 369
5.428142309188843 369
5.434000015258789 369
5.440711498260498 369
5.448576927185059 369
5.454580545425415 369
5.4651103019714355 369
5.472065448760986 369
5.4791717529296875 369
5.485142469406128 369
5.492110013961792 369
5.500036716461182 369
5.505856990814209 369
5.512449741363525 369
5.519430875778198 369
5.525470733642578 369
5.532311677932739 369
5.540198564529419 369
5.54604959487915 369
5.55413818359375 369
5.560753107070923 369
5.567366361618042 369
5.57333517074585 369
5.58045220375061 369
5.587105989456177 369
5.593079090118408 369
5.600906610488892 369
5.607955694198608 369
5.613842248916626 369
5.620554208755493 369
5.627182245254517 369
5.633147954940796 369
5.640237808227539 369
5.646129608154297 369
5.653973340988159 369
5.66067361831665 369
5.667306423187256 369
5.6732399463653564 369
5.680454969406128 369
5.686731338500977 369
5.693118095397949 369
5.700253486633301 369
5.708204507827759 369
5.714075803756714 369
5.720731258392334 369
5.727375507354736 369
5.733347654342651 369
5.7403950691223145 369
5.746644020080566 369
5.75424861907959 369
5.761048793792725 369
5.768157958984375 369
5.7739973068237305 369
5.780679941177368 369
5.787286043167114 369
5.793238162994385 369
5.807337522506714 369
5.813464164733887 369
5.820634126663208 369
5.827325105667114 369
5.833266496658325 369
5.840204954147339 369
5.8460609912872314 369
5.852602005004883 369
5.865845203399658 369
5.872575998306274 369
5.879962921142578 369
5.88581109046936 369
5.892514228820801 369
5.899289608001709 369
5.905236721038818 369
5.913000583648682 369
5.920020341873169 369
5.925865173339844 369
5.932427644729614 369
5.939418315887451 369
5.94539475440979 369
5.9522154331207275 369
5.960108757019043 369
5.965962648391724 369
5.972532033920288 369
5.97931981086731 369
5.985284328460693 369
5.9921205043792725 369
5.999142169952393 369
6.005135774612427 369
6.012924432754517 369
6.01992654800415 369
6.025784492492676 369
6.032368421554565 369
6.03917121887207 369
6.0451273918151855 369
6.05193018913269 369
6.058926582336426 369
6.065953969955444 369
6.0726518630981445 369
6.079836130142212 369
6.085476875305176 369
6.092329263687134 369
6.099177598953247 369
6.105129957199097 369
6.112821578979492 369
6.1200175285339355 369
6.125863075256348 369
6.132426500320435 369
6.139261484146118 369
6.145205736160278 369
6.1520469188690186 369
6.158941030502319 369
6.16604471206665 369
6.1725804805755615 369
6.1798927783966064 369
6.185768127441406 369
6.192356824874878 369
6.199347734451294 369
6.205312490463257 369
6.213193416595459 369
6.220154285430908 369
6.2259838581085205 369
6.232548952102661 369
6.239489793777466 369
6.245481729507446 369
6.252319812774658 369
6.259157657623291 369
6.270740747451782 369
6.277402400970459 369
6.283816814422607 369
6.290687799453735 369
6.297328233718872 369
6.303460121154785 369
6.310464859008789 369
6.318284273147583 369
6.324253559112549 369
6.33107328414917 369
6.3381383419036865 369
6.343999624252319 369
6.3506855964660645 369
6.357362985610962 369
6.364694118499756 369
6.371281147003174 369
6.378337860107422 369
6.384377956390381 369
6.390951156616211 369
6.398008108139038 369
6.403879404067993 369
6.410606861114502 369
6.418665885925293 369
6.4246697425842285 369
6.431210517883301 369
6.43834114074707 369
6.444324970245361 369
6.450893878936768 369
6.458099365234375 369
6.463996648788452 369
6.471761226654053 369
6.478764057159424 369
6.484760284423828 369
6.4913153648376465 369
6.49840235710144 369
6.504387140274048 369
6.510957479476929 369
6.518846750259399 369
6.524811744689941 369
6.531399726867676 369
6.538659572601318 369
6.54533314704895 369
6.552159786224365 369
6.55903434753418 369
6.564984560012817 369
6.5727698802948 369
6.579854249954224 369
6.585724592208862 369
6.5924952030181885 369
6.599452018737793 369
6.6054887771606445 369
6.612309217453003 369
6.620348215103149 369
6.626258850097656 369
6.632995843887329 369
6.640005111694336 369
6.645850896835327 369
6.652406454086304 369
6.659379243850708 369
6.670948505401611 369
6.678149223327637 369
6.684005260467529 369
6.690856456756592 369
6.697466850280762 369
6.703459024429321 369
6.7104809284210205 369
6.716724157333374 369
6.724540948867798 369
6.731089115142822 369
6.738169193267822 369
6.744131803512573 369
6.750759840011597 369
6.75741171836853 369
6.7633748054504395 369
6.770415306091309 369
6.778503656387329 369
6.784503221511841 369
6.791035413742065 369
6.798120021820068 369
6.803975582122803 369
6.810667276382446 369
6.817317485809326 369
6.824515104293823 369
6.8310887813568115 369
6.838306665420532 369
6.844324827194214 369
6.851043462753296 369
6.858089447021484 369
6.8639748096466064 369
6.870695352554321 369
6.878619194030762 369
6.88460373878479 369
6.891178369522095 369
6.898395299911499 369
6.904427528381348 369
6.910948276519775 369
6.917995929718018 369
6.9247727394104 369
6.9313836097717285 369
6.938507318496704 369
6.944511413574219 369
6.951076507568359 369
6.958303928375244 369
6.964306831359863 369
6.970863580703735 369
6.980403423309326 369
6.986697435379028 369
6.993085622787476 369
7.000079870223999 369
7.005933523178101 369
7.012501001358032 369
7.019449234008789 369
7.0272862911224365 369
7.033258438110352 369
7.040207147598267 369
7.046058416366577 369
7.052616834640503 369
7.059457302093506 369
7.070247650146484 369
7.078411817550659 369
7.084397554397583 369
7.091170787811279 369
7.09822678565979 369
7.104177474975586 369
7.110918998718262 369
7.11778712272644 369
7.123810052871704 369
7.131253242492676 369
7.138549089431763 369
7.144526958465576 369
7.151083707809448 369
7.158149003982544 369
7.1640050411224365 369
7.17073655128479 369
7.17850136756897 369
7.184558868408203 369
7.191147565841675 369
7.198662996292114 369
7.2051451206207275 369
7.211923837661743 369
7.218778371810913 369
7.2247314453125 369
7.232365608215332 369
7.239358901977539 369
7.245344877243042 369
7.252153635025024 369
7.2591798305511475 369
7.265143394470215 369
7.271933317184448 369
7.278801202774048 369
7.285741090774536 369
7.292354583740234 369
7.299184083938599 369
7.305118799209595 369
7.3119285106658936 369
7.318951606750488 369
7.324885606765747 369
7.3323774337768555 369
7.339207887649536 369
7.345172882080078 369
7.3519721031188965 369
7.35880184173584 369
7.364763259887695 369
7.3717265129089355 369
7.378738880157471 369
7.385768413543701 369
7.392395496368408 369
7.399245023727417 369
7.405200719833374 369
7.4120707511901855 369
7.418926954269409 369
7.424870491027832 369
7.432498931884766 369
7.439470529556274 369
7.445462226867676 369
7.452296018600464 369
7.459170818328857 369
7.469390153884888 369
7.475387811660767 369
7.483295917510986 369
7.490470886230469 369
7.497150897979736 369
7.50341796875 369
7.510442495346069 369
7.522356033325195 369
7.529226064682007 369
7.536231517791748 369
7.543989896774292 369
7.550700426101685 369
7.557405471801758 369
7.563820838928223 369
7.5705437660217285 369
7.57714056968689 369
7.583163738250732 369
7.590916156768799 369
7.597779035568237 369
7.603808879852295 369
7.610553026199341 369
7.617197036743164 369
7.623334169387817 369
7.630494832992554 369
7.638434886932373 369
7.644433498382568 369
7.651044845581055 369
7.658108234405518 369
7.663968086242676 369
7.670665979385376 369
7.677339315414429 369
7.6834869384765625 369
7.691246032714844 369
7.698369741439819 369
7.704338073730469 369
7.710897922515869 369
7.717726945877075 369
7.723477602005005 369
7.730464220046997 369
7.73836088180542 369
7.744361162185669 369
7.750918388366699 369
7.758102655410767 369
7.764070272445679 369
7.770746946334839 369
7.77736496925354 369
7.783345460891724 369
7.791034698486328 369
7.798377990722656 369
7.804347515106201 369
7.810911417007446 369
7.81777811050415 369
7.823819875717163 369
7.830566644668579 369
7.837274551391602 369
7.844527721405029 369
7.851091623306274 369
7.858339548110962 369
7.864391088485718 369
7.8748252391815186 369
7.881821155548096 369
7.888938665390015 369
7.8959667682647705 369
7.902799129486084 369
7.909834384918213 369
7.91572117805481 369
7.922555446624756 369
7.929332733154297 369
7.935312509536743 369
7.943095684051514 369
7.9500932693481445 369
7.955944538116455 369
7.962497234344482 369
7.969289779663086 369
7.975229263305664 369
7.982271671295166 369
7.989137649536133 369
7.9961981773376465 369
8.00290060043335 369
8.009917974472046 369
8.015815258026123 369
8.022536277770996 369
8.029347658157349 369
8.0353102684021 369
8.043309688568115 369
8.050326347351074 369
8.056210041046143 369
8.062926292419434 369
8.069941997528076 369
8.075793504714966 369
8.082317113876343 369
8.091750144958496 369
8.099944591522217 369
8.105801820755005 369
8.112521171569824 369
8.119834423065186 369
8.125723361968994 369
8.132341384887695 369
8.139171361923218 369
8.14610242843628 369
8.152979135513306 369
8.160200834274292 369
8.166037797927856 369
8.172565460205078 369
8.17937421798706 369
8.185306072235107 369
8.192170858383179 369
8.200083494186401 369
8.205928325653076 369
8.212495565414429 369
8.219480037689209 369
8.225479364395142 369
8.232320785522461 369
8.23917555809021 369
8.246237993240356 369
8.252986431121826 369
8.260009765625 369
8.265830755233765 369
8.276236057281494 369
8.28326678276062 369
8.29039716720581 369
8.298477172851562 369
8.304458379745483 369
8.311086416244507 369
8.318155527114868 369
8.324074983596802 369
8.330714464187622 369
8.337375164031982 369
8.343804359436035 369
8.35127592086792 369
8.358349800109863 369
8.364335536956787 369
8.370954751968384 369
8.377985715866089 369
8.383894920349121 369
8.390562057495117 369
8.39722204208374 369
8.408686876296997 369
8.414661884307861 369
8.421212196350098 369
8.428377151489258 369
8.43434453010559 369
8.440922737121582 369
8.447990894317627 369
8.454833030700684 369
8.46180510520935 369
8.468651533126831 369
8.474647998809814 369
8.481199502944946 369
8.488344669342041 369
8.494391202926636 369
8.501997232437134 369
8.50887155532837 369
8.514856100082397 369
8.521825551986694 369
8.528681516647339 369
8.534666061401367 369
8.54235053062439 369
8.549215078353882 369
8.556678533554077 369
8.563044309616089 369
8.570016860961914 369
8.575871467590332 369
8.582576036453247 369
8.589372634887695 369
8.595338821411133 369
8.603236198425293 369
8.610231161117554 369
8.616071224212646 369
8.622608423233032 369
8.629433155059814 369
8.635445594787598 369
8.642422676086426 369
8.649275302886963 369
8.656196355819702 369
8.662827730178833 369
8.673457860946655 369
8.680641651153564 369
8.68729543685913 369
8.693408250808716 369
8.700705528259277 369
8.708693742752075 369
8.714639902114868 369
8.721208572387695 369
8.728349208831787 369
8.734342336654663 369
8.740907430648804 369
8.747787237167358 369
8.754792213439941 369
8.76178240776062 369
8.768665075302124 369
8.774664402008057 369
8.781234741210938 369
8.788338422775269 369
8.79436445236206 369
8.801058053970337 369
8.808876037597656 369
8.814866542816162 369
8.8218355178833 369
8.828702688217163 369
8.834673881530762 369
8.841229677200317 369
8.848353147506714 369
8.854334592819214 369
8.86197280883789 369
8.86881947517395 369
8.874840259552002 369
8.881811618804932 369
8.888654470443726 369
8.894640922546387 369
8.901219367980957 369
8.9091157913208 369
8.915137767791748 369
8.921948909759521 369
8.928982257843018 369
8.934961795806885 369
8.941939353942871 369
8.948783159255981 369
8.954791784286499 369
8.962339639663696 369
8.969189405441284 369
8.975144863128662 369
8.981961011886597 369
8.98879885673523 369
8.994803428649902 369
9.001796245574951 369
9.009347438812256 369
9.015317916870117 369
9.022161483764648 369
9.029025554656982 369
9.034993886947632 369
9.041798830032349 369
9.048675298690796 369
9.054646968841553 369
9.06251835823059 369
9.073226928710938 369
9.080325841903687 369
9.08662223815918 369
9.093144416809082 369
9.100233554840088 369
9.106075048446655 369
9.114143133163452 369
9.12087368965149 369
9.127468347549438 369
9.133425235748291 369
9.14046025276184 369
9.14674973487854 369
9.153136491775513 369
9.160822629928589 369
9.167771339416504 369
9.173817157745361 369
9.180723190307617 369
9.187354803085327 369
9.193711519241333 369
9.200474739074707 369
9.207133769989014 369
9.214420318603516 369
9.221051216125488 369
9.22812271118164 369
9.23399305343628 369
9.240814685821533 369
9.247436761856079 369
9.253417015075684 369
9.260454654693604 369
9.268375158309937 369
9.274361371994019 369
9.280901193618774 369
9.287784337997437 369
9.293849229812622 369
9.30073094367981 369
9.307379722595215 369
9.314568281173706 369
9.321329116821289 369
9.32844066619873 369
9.334417819976807 369
9.340988636016846 369
9.348137378692627 369
9.354136943817139 369
9.360899448394775 369
9.368707418441772 369
9.374708414077759 369
9.381276607513428 369
9.388389110565186 369
9.394392728805542 369
9.400891542434692 369
9.407994270324707 369
9.414726734161377 369
9.421482801437378 369
9.428563117980957 369
9.434545993804932 369
9.441101789474487 369
9.448338031768799 369
9.454330205917358 369
9.46088457107544 369
9.468818426132202 369
9.47947883605957 369
9.485446453094482 369
9.492416381835938 369
9.499351501464844 369
9.505340814590454 369
9.512169122695923 369
9.52088713645935 369
9.527761459350586 369
9.533831596374512 369
9.54137396812439 369
9.548495531082153 369
9.554505825042725 369
9.561084032058716 369
9.568934917449951 369
9.574898958206177 369
9.58181095123291 369
9.588666677474976 369
9.59465479850769 369
9.601361751556396 369
9.60848593711853 369
9.614467144012451 369
9.621989250183105 369
9.628951072692871 369
9.634903192520142 369
9.642003536224365 369
9.648873329162598 369
9.654878377914429 369
9.66184139251709 369
9.669443607330322 369
9.675718784332275 369
9.682328701019287 369
9.689181089401245 369
9.695115566253662 369
9.701923847198486 369
9.710054874420166 369
9.715936422348022 369
9.723955392837524 369
9.730636835098267 369
9.73727560043335 369
9.74325180053711 369
9.750303506851196 369
9.756166696548462 369
9.762825012207031 369
9.769853591918945 369
9.777344942092896 369
9.783456325531006 369
9.790457010269165 369
9.797109842300415 369
9.803140878677368 369
9.810086250305176 369
9.815912008285522 369
9.823458433151245 369
9.830487251281738 369
9.837120532989502 369
9.843268156051636 369
9.850215196609497 369
9.856061697006226 369
9.862591028213501 369
9.869417905807495 369
9.881059885025024 369
9.888272285461426 369
9.894248723983765 369
9.901048183441162 369
9.908104181289673 369
9.91394853591919 369
9.920695066452026 369
9.928581237792969 369
9.934630393981934 369
9.94118618965149 369
9.94826364517212 369
9.954264163970947 369
9.96095061302185 369
9.96812891960144 369
9.974064111709595 369
9.98146939277649 369
9.988560199737549 369
9.994534730911255 369
