00
0.009703636169433594 0
0.016813039779663086 0
0.02371978759765625 2
0.030244827270507812 2
0.041524410247802734 5
0.04856681823730469 7
0.055190086364746094 10
0.061280250549316406 12
0.06974196434020996 16
0.07659554481506348 20
0.08256196975708008 24
0.08951663970947266 28
0.0963590145111084 32
0.10233402252197266 36
0.1088709831237793 41
0.11591076850891113 46
0.12274432182312012 52
0.12974309921264648 56
0.13662123680114746 63
0.1425778865814209 68
0.14913702011108398 72
0.1562514305114746 78
0.16226434707641602 82
0.16883492469787598 89
0.17678356170654297 96
0.18276238441467285 102
0.18974995613098145 107
0.19660544395446777 114
0.2025918960571289 119
0.20917892456054688 125
0.21628618240356445 130
0.22307348251342773 138
0.22993874549865723 143
0.23681211471557617 150
0.24273276329040527 156
0.2498617172241211 162
0.25673508644104004 169
0.2626936435699463 174
0.26955294609069824 179
0.27712535858154297 186
0.28313207626342773 191
0.28995656967163086 196
0.29680943489074707 204
0.3027677536010742 209
0.3098137378692627 214
0.3167252540588379 221
0.3236963748931885 228
0.3303072452545166 233
0.3370845317840576 238
0.34307861328125 242
0.3499584197998047 246
0.35683321952819824 252
0.36275219917297363 255
0.3697361946105957 259
0.3777587413787842 264
0.38361477851867676 268
0.39014649391174316 272
0.3969571590423584 276
0.40300631523132324 279
0.4098796844482422 282
0.416719913482666 286
0.42269420623779297 290
0.43059849739074707 293
0.4412825107574463 298
0.4485139846801758 302
0.4552183151245117 304
0.4616529941558838 306
0.46854114532470703 308
0.476407527923584 310
0.4824345111846924 313
0.48921656608581543 314
0.49633216857910156 316
0.5023548603057861 317
0.5089313983917236 319
0.5160300731658936 320
0.5220708847045898 322
0.5296430587768555 324
0.5364866256713867 325
0.5424201488494873 326
0.5491554737091064 327
0.5563411712646484 329
0.5623085498809814 331
0.5690321922302246 332
0.5768725872039795 333
0.5829217433929443 334
0.5897617340087891 335
0.5966315269470215 337
0.602623462677002 338
0.609699010848999 338
0.6165413856506348 339
0.6224915981292725 340
0.6301572322845459 340
0.6369998455047607 342
0.6430206298828125 342
0.6498901844024658 342
0.6567347049713135 342
0.6626582145690918 344
0.6696043014526367 344
0.6765155792236328 346
0.6831638813018799 346
0.6900203227996826 347
0.6970398426055908 347
0.702995777130127 347
0.7097551822662354 348
0.7166152000427246 348
0.7225668430328369 349
0.7304210662841797 350
0.73728346824646 350
0.7432527542114258 350
0.7500646114349365 350
0.7569115161895752 351
0.7629072666168213 352
0.7697319984436035 352
0.7765612602233887 354
0.7835333347320557 354
0.7902889251708984 353
0.7970664501190186 352
0.802997350692749 352
0.8098485469818115 353
0.816777229309082 354
0.822746753692627 354
0.8305647373199463 355
0.8421764373779297 354
0.8489425182342529 354
0.8561630249023438 354
0.8621213436126709 354
0.8688497543334961 356
0.8759357929229736 356
0.8827383518218994 357
0.8897116184234619 357
0.8965630531311035 357
0.9025259017944336 357
0.9092738628387451 357
0.9163432121276855 357
0.9223277568817139 358
0.9288668632507324 358
0.9368016719818115 359
0.942798376083374 359
0.9503324031829834 358
0.9572687149047852 358
0.9632070064544678 358
0.970146656036377 358
0.9769406318664551 358
0.9839446544647217 358
0.9904472827911377 358
0.9972231388092041 359
1.0032522678375244 360
1.0100414752960205 360
1.0168273448944092 360
1.0226750373840332 359
1.029630422592163 358
1.037212610244751 358
1.0431439876556396 359
1.0499920845031738 360
1.0567927360534668 360
1.0627131462097168 360
1.0692055225372314 360
1.0762417316436768 360
1.0821266174316406 359
1.089827060699463 359
1.0966339111328125 359
1.1025588512420654 359
1.1091539859771729 360
1.1161918640136719 360
1.1220619678497314 359
1.1286604404449463 359
1.136350154876709 359
1.1423163414001465 359
1.148993968963623 360
1.1561262607574463 360
1.1620123386383057 360
1.168473482131958 359
1.1750881671905518 359
1.1810665130615234 359
1.188673496246338 359
1.1955046653747559 360
1.201223611831665 360
1.2083079814910889 360
1.214475154876709 359
1.220977544784546 359
1.2278943061828613 359
1.233708143234253 359
1.246567726135254 360
1.252514123916626 360
1.259169101715088 360
1.266392469406128 359
1.2723932266235352 359
1.2789480686187744 359
1.2860138416290283 359
1.292734146118164 360
1.299544334411621 360
1.3063459396362305 360
1.3122248649597168 360
1.318699836730957 359
1.3255441188812256 359
1.331794023513794 359
1.3392059803009033 359
1.3464789390563965 360
1.3523600101470947 360
1.358858346939087 359
1.3659114837646484 359
1.371793270111084 359
1.3784325122833252 359
1.3850414752960205 359
1.3924319744110107 360
1.398941993713379 360
1.4058864116668701 359
1.411712884902954 359
1.4183616638183594 359
1.4249811172485352 359
1.4308929443359375 359
1.4378411769866943 360
1.4452357292175293 360
1.4515197277069092 359
1.4583330154418945 359
1.4645259380340576 359
1.4707911014556885 359
1.4785571098327637 359
1.485135555267334 360
1.4923083782196045 360
1.498802900314331 360
1.5059592723846436 359
1.511934518814087 359
1.5185034275054932 359
1.525102138519287 359
1.5310144424438477 359
1.5379345417022705 360
1.5452675819396973 360
1.5511274337768555 360
1.558002233505249 360
1.5638914108276367 360
1.570713758468628 359
1.5776996612548828 359
1.5835304260253906 359
1.5900957584381104 359
1.598088264465332 360
1.6038811206817627 360
1.6107213497161865 359
1.6177396774291992 359
1.623586893081665 359
1.6303398609161377 359
1.637087106704712 359
1.6486973762512207 360
1.6552739143371582 360
1.6615064144134521 360
1.6684365272521973 359
1.6750867366790771 359
1.6809864044189453 359
1.6881160736083984 359
1.6960289478302002 360
1.701875925064087 360
1.7084956169128418 359
1.7151386737823486 359
1.721055269241333 359
1.727940559387207 359
1.7337164878845215 359
1.7404131889343262 360
1.748542308807373 360
1.7551000118255615 360
1.7609355449676514 360
1.7677621841430664 359
1.773583173751831 359
1.7801129817962646 359
1.7869575023651123 359
1.7928953170776367 360
1.800605297088623 360
1.807746171951294 360
1.8132662773132324 359
1.820115089416504 359
1.8269524574279785 359
1.8328728675842285 359
1.839686632156372 359
1.8472766876220703 360
1.8532674312591553 360
1.8600289821624756 360
1.8670001029968262 360
1.8729274272918701 359
1.8797111511230469 359
1.8865015506744385 359
1.8923957347869873 360
1.9000506401062012 360
1.9068386554718018 360
1.912721872329712 359
1.9195139408111572 359
1.9265334606170654 359
1.9324705600738525 359
1.9389760494232178 359
1.9460554122924805 360
1.9536733627319336 360
1.9601874351501465 360
1.966932773590088 360
1.972780466079712 359
1.9795808792114258 359
1.9866008758544922 359
1.9925317764282227 359
2.0019447803497314 360
2.0085608959198 360
2.0150954723358154 360
2.0209546089172363 360
2.0278120040893555 360
2.0335259437561035 360
2.0437259674072266 359
2.051795482635498 359
2.0586190223693848 359
2.0652379989624023 360
2.071638584136963 360
2.0782902240753174 360
2.084425449371338 360
2.090718984603882 360
2.097276449203491 360
2.105015754699707 360
2.1110732555389404 360
2.1179394721984863 360
2.123709201812744 360
2.130326747894287 360
2.137057304382324 359
2.1430184841156006 359
2.149834156036377 360
2.157799482345581 360
2.163524866104126 360
2.1701879501342773 360
2.176923990249634 360
2.1827774047851562 360
2.18927001953125 360
2.1962976455688477 360
2.202909469604492 360
2.2096304893493652 360
2.216367483139038 360
2.2222683429718018 360
2.2289535999298096 360
2.2359347343444824 360
2.2419497966766357 360
2.2484371662139893 360
2.256422758102417 360
2.262298822402954 360
2.268728256225586 360
2.2752609252929688 360
2.2811057567596436 360
2.2881698608398438 360
2.293926477432251 360
2.300367593765259 360
2.3082258701324463 360
2.314018726348877 360
2.3206117153167725 360
2.3271946907043457 360
2.3330509662628174 360
2.339799642562866 360
2.3467423915863037 360
2.3526034355163574 360
2.3600618839263916 360
2.366824150085449 360
2.3726911544799805 360
2.379183769226074 360
2.386348009109497 360
2.392300844192505 360
2.398818016052246 360
2.4065723419189453 360
2.412513017654419 360
2.418971538543701 360
2.4259164333343506 360
2.4379818439483643 360
2.4485726356506348 360
2.4551234245300293 360
2.4623091220855713 360
2.4691200256347656 360
2.4761862754821777 360
2.482053279876709 360
2.4885730743408203 360
2.49513578414917 360
2.5010406970977783 360
2.5085368156433105 360
2.5151236057281494 360
2.521130323410034 360
2.528240442276001 360
2.5340514183044434 360
2.5406038761138916 360
2.547220230102539 360
2.553165912628174 360
2.560932159423828 360
2.567805767059326 360
2.5735135078430176 360
2.57999587059021 360
2.586930274963379 360
2.592825174331665 360
2.599525213241577 360
2.6063055992126465 360
2.613039970397949 360
2.619785785675049 360
2.626553773880005 360
2.6324660778045654 360
2.6389310359954834 360
2.646150827407837 360
2.6520345211029053 360
2.658550977706909 360
2.6662511825561523 360
2.6721370220184326 360
2.6786694526672363 360
2.6852500438690186 360
2.691105365753174 360
2.6979496479034424 360
2.703711748123169 360
2.7116587162017822 360
2.7182836532592773 360
2.7244653701782227 360
2.730731964111328 360
2.7376253604888916 360
2.743189573287964 360
2.7499935626983643 360
2.7567787170410156 360
2.7636406421661377 360
2.77032732963562 360
2.777186870574951 360
2.783034086227417 360
2.789771556854248 360
2.7965357303619385 360
2.8024466037750244 360
2.8089191913604736 360
2.816770315170288 360
2.8226606845855713 360
2.8295931816101074 360
2.8363797664642334 360
2.8445472717285156 360
2.852684497833252 360
2.8595352172851562 360
2.8672537803649902 360
2.8731579780578613 360
2.880000114440918 360
2.8869850635528564 360
2.8928658962249756 360
2.899590015411377 360
2.9064950942993164 360
2.9123456478118896 360
2.919881582260132 360
2.9266653060913086 360
2.9325437545776367 360
2.939051389694214 360
2.946289539337158 360
2.952916383743286 360
2.9596211910247803 360
2.9670956134796143 360
2.97297739982605 360
2.9797120094299316 360
2.986457109451294 360
2.9923346042633057 360
2.9987921714782715 360
3.005952835083008 360
3.0117201805114746 360
3.018979787826538 360
3.025965452194214 360
3.03178334236145 360
3.0385422706604004 360
3.045095443725586 360
3.051630973815918 360
3.0582635402679443 360
3.064415216445923 360
3.0721123218536377 360
3.0785951614379883 360
3.0851783752441406 360
3.0910515785217285 360
3.0979344844818115 360
3.103682518005371 360
3.110161304473877 360
3.1179990768432617 360
3.12381911277771 360
3.1304502487182617 360
3.1371688842773438 360
3.143040895462036 360
3.1497743129730225 360
3.1565914154052734 360
3.162504196166992 360
3.170222282409668 360
3.17695689201355 360
3.1828320026397705 360
3.1896984577178955 360
3.196446180343628 360
3.2022931575775146 360
3.208765983581543 360
3.215772867202759 360
3.2224972248077393 360
3.228990316390991 360
3.2360312938690186 360
3.2418618202209473 360
3.2523586750030518 360
3.258972644805908 360
3.2661030292510986 360
3.272810459136963 360
3.2796528339385986 360
3.2864649295806885 360
3.292343854904175 360
3.298956871032715 360
3.3061044216156006 360
3.311976909637451 360
3.3185040950775146 360
3.3263111114501953 360
3.332195281982422 360
3.3386635780334473 360
3.3452305793762207 360
3.3511226177215576 360
3.3580710887908936 360
3.3638315200805664 360
3.371612548828125 360
3.3782711029052734 360
3.3844499588012695 360
3.390723943710327 360
3.3976218700408936 360
3.4031925201416016 360
3.409938097000122 360
3.4167141914367676 360
3.4236245155334473 360
3.4303677082061768 360
3.4371073246002197 360
3.442988634109497 360
3.449723720550537 360
3.4565117359161377 360
3.462347984313965 360
3.468818426132202 360
3.4766416549682617 360
3.4825243949890137 360
3.489213228225708 360
3.496215581893921 360
3.502056837081909 360
3.5085370540618896 360
3.5150909423828125 360
3.520972728729248 360
3.5286598205566406 360
3.535229206085205 360
3.541100263595581 360
3.5481810569763184 360
3.553976535797119 360
3.5607571601867676 360
3.56768798828125 360
3.5732202529907227 360
3.5808918476104736 360
3.5877797603607178 360
3.593585968017578 360
3.60003924369812 360
3.606966018676758 360
3.612832546234131 360
3.6192734241485596 360
3.62705397605896 360
3.6329150199890137 360
3.639632225036621 360
3.6489639282226562 360
3.656855583190918 360
3.6627159118652344 360
3.6697442531585693 360
3.677800416946411 360
3.6835615634918213 360
3.6920416355133057 360
3.703672409057617 360
3.7107791900634766 360
3.7177345752716064 360
3.7232511043548584 360
3.7310996055603027 360
3.737947463989258 360
3.7437093257904053 360
3.7502167224884033 360
3.756953716278076 360
3.7628071308135986 360
3.769531726837158 360
3.7763113975524902 360
3.7828619480133057 360
3.789781332015991 360
3.796574354171753 360
3.8025007247924805 360
3.8090169429779053 360
3.8162283897399902 360
3.8221142292022705 360
3.8296921253204346 360
3.8364551067352295 360
3.842341423034668 360
3.848950147628784 360
3.8559510707855225 360
3.8616995811462402 360
3.8683085441589355 360
3.874469518661499 360
3.8819997310638428 360
3.888488292694092 360
3.895033359527588 360
3.9009392261505127 360
3.9079511165618896 360
3.9137063026428223 360
3.920168399810791 360
3.9269256591796875 360
3.93381667137146 360
3.9403035640716553 360
3.9482381343841553 360
3.9544148445129395 360
3.960754871368408 360
3.9678170680999756 360
3.9744694232940674 360
3.981865882873535 360
3.988462448120117 360
3.99505877494812 360
4.000959396362305 360
4.007781028747559 360
4.013529539108276 360
4.0200514793396 360
4.026957035064697 360
4.033846616744995 360
4.0403032302856445 360
4.050363540649414 360
4.057272672653198 360
4.063172340393066 360
4.0700695514678955 360
4.077165126800537 360
4.084472894668579 360
4.090889930725098 360
4.0977771282196045 360
4.103533506393433 360
4.110020875930786 360
4.116767883300781 360
4.122653245925903 360
4.129138708114624 360
4.136957168579102 360
4.14290976524353 360
4.149806022644043 360
4.156578540802002 360
4.162448167800903 360
4.168935537338257 360
4.175922632217407 360
4.181668996810913 360
4.1889026165008545 360
4.195908546447754 360
4.201689720153809 360
4.208486557006836 360
4.215039968490601 360
4.2208874225616455 360
4.227813482284546 360
4.233569622039795 360
4.24090051651001 360
4.247778654098511 360
4.253553867340088 360
4.260052919387817 360
4.26694917678833 360
4.272827625274658 360
4.279515266418457 360
4.2869908809661865 360
4.292876720428467 360
4.29961085319519 360
4.306382417678833 360
4.312276601791382 360
4.318776845932007 360
4.325890302658081 360
4.331700086593628 360
4.339168071746826 360
4.3462135791778564 360
4.35207724571228 360
4.358558416366577 360
4.365091323852539 360
4.370953559875488 360
4.377858638763428 360
4.383596658706665 360
4.391206979751587 360
4.398145437240601 360
4.403902053833008 360
4.410392761230469 360
4.417110919952393 360
4.422960996627808 360
4.429702997207642 360
4.438678741455078 360
4.445253133773804 360
4.456479787826538 360
4.462312936782837 360
4.469071626663208 360
4.476279020309448 360
4.4821457862854 360
4.4896464347839355 360
4.4964563846588135 360
4.5023298263549805 360
4.508940935134888 360
4.515897512435913 360
4.521665334701538 360
4.52828049659729 360
4.53441596031189 360
4.5418782234191895 360
4.548424243927002 360
4.55500602722168 360
4.560856103897095 360
4.567974805831909 360
4.573741912841797 360
4.580178737640381 360
4.586972713470459 360
4.5938568115234375 360
4.600621461868286 360
4.607217073440552 360
4.613065004348755 360
4.619822263717651 360
4.626735687255859 360
4.632592678070068 360
4.639081001281738 360
4.646923542022705 360
4.652800798416138 360
4.659273147583008 360
4.666287899017334 360
4.67215895652771 360
4.678647518157959 360
4.685210943222046 360
4.6912243366241455 360
4.698791742324829 360
4.705814599990845 360
4.711509943008423 360
4.718209266662598 360
4.723995923995972 360
4.730792760848999 360
4.737759351730347 360
4.745116233825684 360
4.75113320350647 360
4.757953882217407 360
4.763718605041504 360
4.77021336555481 360
4.776935577392578 360
4.782803535461426 360
4.78925085067749 360
4.797101020812988 360
4.803038835525513 360
4.813841104507446 360
4.82033634185791 360
4.8270673751831055 360
4.832918643951416 360
4.839600086212158 360
4.846935033798218 360
4.85776424407959 360
4.863269329071045 360
4.870270729064941 360
4.877119064331055 360
4.883015155792236 360
4.896736145019531 360
4.902661323547363 360
4.909132480621338 360
4.91617226600647 360
4.922025918960571 360
4.928723335266113 360
4.935243368148804 360
4.941106557846069 360
4.949594497680664 360
4.956403017044067 360
4.962284326553345 360
4.968763828277588 360
4.97576904296875 360
4.981235504150391 360
4.988326787948608 360
4.994417190551758 360
5.001878261566162 360
5.008495330810547 360
5.015048027038574 360
5.020891189575195 360
5.027774333953857 360
5.033541440963745 360
5.04002046585083 360
5.046938896179199 360
5.053933382034302 360
5.060409069061279 360
5.067233562469482 360
5.0731041431427 360
5.079857110977173 360
5.086638927459717 360
5.092543125152588 360
5.100070953369141 360
5.1070168018341064 360
5.112894058227539 360
5.11979866027832 360
5.126608610153198 360
5.1325201988220215 360
5.138991832733154 360
5.146038293838501 360
5.152624130249023 360
5.1591668128967285 360
5.166372299194336 360
5.17230486869812 360
5.178757429122925 360
5.185755729675293 360
5.191242933273315 360
5.198204040527344 360
5.206228256225586 360
5.212105989456177 360
5.21862268447876 360
5.225168466567993 360
5.231227397918701 360
5.238147020339966 360
5.243977308273315 360
5.256351709365845 360
5.262279748916626 360
5.268883943557739 360
5.2760210037231445 360
5.281794548034668 360
5.288580417633057 360
5.295107841491699 360
5.300969839096069 360
5.308643341064453 360
5.315204381942749 360
5.321061134338379 360
5.327939510345459 360
5.333709716796875 360
5.340158462524414 360
5.347056150436401 360
5.353968381881714 360
5.360421895980835 360
5.367141962051392 360
5.373006343841553 360
5.379974842071533 360
5.386729955673218 360
5.392630338668823 360
5.399129867553711 360
5.407069206237793 360
5.412931203842163 360
5.419660806655884 360
5.426433563232422 360
5.432327032089233 360
5.438766956329346 360
5.445552349090576 360
5.451197147369385 360
5.458881378173828 360
5.466053485870361 360
5.471958637237549 360
5.478460073471069 360
5.485083818435669 360
5.490938425064087 360
5.497775077819824 360
5.503262281417847 360
5.5111002922058105 360
5.518081903457642 360
5.52384352684021 360
5.5305681228637695 360
5.5371692180633545 360
5.543031454086304 360
5.549778699874878 360
5.557698965072632 360
5.5632476806640625 360
5.569987773895264 360
5.576766014099121 360
5.582656145095825 360
5.589279651641846 360
5.59629225730896 360
5.60221791267395 360
5.609820604324341 360
5.616571664810181 360
5.622488021850586 360
5.628956317901611 360
5.636119365692139 360
5.6420066356658936 360
5.6486430168151855 360
5.6600000858306885 360
5.666975259780884 360
5.672913312911987 360
5.679754018783569 360
5.686514854431152 360
5.692413568496704 360
5.698920726776123 360
5.7060322761535645 360
5.712748765945435 360
5.71924090385437 360
5.726290225982666 360
5.732205152511597 360
5.7387425899505615 360
5.7455034255981445 360
5.7511961460113525 360
5.758153200149536 360
5.766190767288208 360
5.772065877914429 360
5.778575420379639 360
5.7851457595825195 360
5.79099702835083 360
5.797873258590698 360
5.803599834442139 360
5.81098484992981 360
5.817949295043945 360
5.823725461959839 360
5.830354690551758 360
5.837046384811401 360
5.842892646789551 360
5.852316379547119 360
5.863670110702515 360
5.87015700340271 360
5.876905679702759 360
5.88278603553772 359
5.88985013961792 359
5.896874666213989 360
5.902997970581055 360
5.909743070602417 360
5.917273283004761 360
5.923176288604736 360
5.929963827133179 360
5.936767101287842 360
5.942657470703125 359
5.95033597946167 359
5.957130193710327 359
5.964908599853516 360
5.970939636230469 360
5.977780342102051 359
5.983645677566528 359
5.990192413330078 359
5.996993541717529 359
6.002918720245361 359
6.009868144989014 360
6.0179033279418945 360
6.023672580718994 360
6.030323266983032 360
6.037025213241577 360
6.042878866195679 359
6.049683570861816 359
6.060774564743042 360
6.068905830383301 360
6.076056241989136 360
6.081957578659058 360
6.088477373123169 360
6.095085620880127 360
6.100964784622192 360
6.107844829559326 360
6.1135900020599365 360
6.1210618019104 360
6.128086566925049 360
6.133861541748047 360
6.140340089797974 360
6.147075414657593 360
6.152977466583252 360
6.159856557846069 360
6.1677937507629395 360
6.173566818237305 360
6.180055856704712 360
6.18698787689209 360
6.192854642868042 360
6.199592351913452 360
6.206351041793823 360
6.212261438369751 360
6.219749689102173 360
6.226558685302734 360
6.232497453689575 360
6.238975524902344 360
6.246203660964966 360
6.252179861068726 360
6.258676767349243 360
6.265255451202393 360
6.272278785705566 360
6.278822183609009 360
6.2859368324279785 360
6.2917492389678955 360
6.2983338832855225 360
6.3044421672821045 360
6.310873746871948 360
6.317760229110718 360
6.325131177902222 360
6.330981969833374 360
6.337834358215332 360
6.343599557876587 360
6.350054025650024 360
6.35680890083313 360
6.362672567367554 360
6.370349884033203 360
6.377098798751831 360
6.382995843887329 360
6.389724969863892 360
6.396462440490723 360
6.402321815490723 360
6.408804655075073 360
6.415938377380371 360
6.422621726989746 360
6.429585695266724 360
6.43636417388916 360
6.442314863204956 360
6.448771715164185 360
6.459880590438843 360
6.4668004512786865 360
6.473724842071533 360
6.480337381362915 360
6.487811326980591 360
6.4938976764678955 360
6.50039005279541 360
6.507110595703125 360
6.5129876136779785 360
6.519701719284058 360
6.527608156204224 360
6.533169269561768 360
6.539895296096802 360
6.546842336654663 360
6.552706718444824 360
6.559242010116577 360
6.566228151321411 360
6.572835445404053 360
6.579537391662598 360
6.586349725723267 360
6.5922160148620605 360
6.598656415939331 360
6.605211496353149 360
6.611256837844849 360
6.618182420730591 360
6.626041650772095 360
6.631872892379761 360
6.638423442840576 360
6.644946098327637 360
6.650797367095947 360
6.657704591751099 360
6.6632466316223145 360
6.670111179351807 360
6.677968978881836 360
6.683716058731079 360
6.69018816947937 360
6.696935653686523 360
6.702803373336792 360
6.709284067153931 360
6.716289520263672 360
6.722142457962036 360
6.729700565338135 360
6.736488342285156 360
6.742347717285156 360
6.7488274574279785 360
6.75582218170166 360
6.761600494384766 360
6.768269062042236 360
6.774438381195068 360
6.781680107116699 360
6.788450241088867 360
6.7950279712677 360
6.80093240737915 360
6.807981491088867 360
6.813779830932617 360
6.820274591445923 360
6.828204393386841 360
6.833988904953003 360
6.840437650680542 360
6.847635269165039 360
6.853194952011108 360
6.8637166023254395 360
6.870321035385132 360
6.878322601318359 360
6.88450026512146 360
6.892653703689575 360
6.89914870262146 360
6.906371593475342 360
6.912287473678589 360
6.918785572052002 360
6.925778865814209 360
6.932505130767822 360
6.93914794921875 360
6.9461989402771 360
6.952745676040649 360
6.959217548370361 360
6.966400146484375 360
6.97229266166687 360
6.979797840118408 360
6.9866087436676025 360
6.992520093917847 360
6.9989848136901855 360
7.006038665771484 360
7.011787176132202 360
7.018404960632324 360
7.024528503417969 360
7.0320611000061035 360
7.038574457168579 360
7.045103549957275 360
7.0509583950042725 360
7.057870626449585 360
7.063624143600464 360
7.070317983627319 360
7.077052354812622 360
7.083987712860107 360
7.090764284133911 360
7.097728967666626 360
7.103262186050415 360
7.1099913120269775 360
7.116757154464722 360
7.122651815414429 360
7.129150152206421 360
7.1370015144348145 360
7.142883777618408 360
7.149771690368652 360
7.156580448150635 360
7.162497520446777 360
7.168970346450806 360
7.175967454910278 360
7.1825175285339355 360
7.189126491546631 360
7.196260690689087 360
7.202155828475952 360
7.208774089813232 360
7.215564012527466 360
7.22125244140625 360
7.228161573410034 360
7.235978841781616 360
7.241769313812256 360
7.2484190464019775 360
7.254964828491211 360
7.265272617340088 360
7.271697282791138 360
7.278449296951294 360
7.286410570144653 360
7.292302131652832 360
7.298764705657959 360
7.30556058883667 360
7.311179876327515 360
7.3181235790252686 360
7.323928356170654 360
7.330734729766846 360
7.33836030960083 360
7.344507932662964 360
7.350754261016846 360
7.357610464096069 360
7.363164186477661 360
7.369937181472778 360
7.376706123352051 360
7.389810562133789 360
7.3966100215911865 360
7.402507066726685 360
7.408970355987549 360
7.415992021560669 360
7.421780347824097 360
7.428406238555908 360
7.434945821762085 360
7.442113399505615 360
7.448763847351074 360
7.455896615982056 360
7.461670398712158 360
7.468267202377319 360
7.474422454833984 360
7.480695724487305 360
7.488425970077515 360
7.495001792907715 360
7.500910043716431 360
7.5079357624053955 360
7.5136942863464355 360
7.5201780796051025 360
7.526934623718262 360
7.5328028202056885 360
7.540339469909668 360
7.547064304351807 360
7.552910566329956 360
7.559659481048584 360
7.566553354263306 360
7.572422504425049 360
7.57896089553833 360
7.586115121841431 360
7.592932224273682 360
7.599639177322388 360
7.606437921524048 360
7.612323045730591 360
7.6187708377838135 360
7.625903129577637 360
7.631699323654175 360
7.638293266296387 360
7.646085977554321 360
7.651925325393677 360
7.661214828491211 360
7.669045925140381 360
7.676185846328735 360
7.682065010070801 360
7.6888110637664795 360
7.696709632873535 360
7.702621221542358 360
7.709121227264404 360
7.716259956359863 360
7.722163677215576 360
7.728670120239258 360
7.735234498977661 360
7.742275953292847 360
7.748950719833374 360
7.755940914154053 360
7.76168417930603 360
7.768264055252075 360
7.774431943893433 360
7.78070855140686 360
7.7872631549835205 360
7.794959545135498 360
7.800811529159546 360
7.807904005050659 360
7.813657522201538 360
7.8202197551727295 360
7.826935052871704 360
7.832819700241089 360
7.839258432388306 360
7.8472583293914795 360
7.85318398475647 360
7.859946012496948 360
7.866868019104004 360
7.872767210006714 360
7.879279851913452 360
7.8862879276275635 360
7.892202377319336 360
7.899681568145752 360
7.908754587173462 360
7.915543079376221 360
7.921624183654785 360
7.928555011749268 360
7.935119390487671 360
7.941151857376099 360
7.9497456550598145 360
7.956536531448364 360
7.962407112121582 360
7.968927621841431 360
7.976030349731445 360
7.981867551803589 360
7.988542318344116 360
7.995130777359009 360
8.00212049484253 360
8.008601903915405 360
8.015181064605713 360
8.021047592163086 360
8.027933359146118 360
8.033689022064209 360
8.040159940719604 360
8.048236608505249 360
8.054033279418945 360
8.065186977386475 360
8.071210861206055 360
8.078304052352905 360
8.08447551727295 360
8.090878963470459 360
8.098599672317505 360
8.105229139328003 360
8.111268997192383 360
8.118693351745605 360
8.12524676322937 360
8.1312735080719 360
8.138335704803467 360
8.144479751586914 360
8.152122735977173 360
8.158607721328735 360
8.165145874023438 360
8.171183109283447 360
8.178193092346191 360
8.18398904800415 360
8.190422058105469 360
8.19713544845581 360
8.204486608505249 360
8.21071481704712 360
8.217262506484985 360
8.223170518875122 360
8.230060338973999 360
8.237067222595215 360
8.242938756942749 360
8.250597715377808 360
8.25721001625061 360
8.263067960739136 360
8.269814729690552 360
8.276570558547974 360
8.282484292984009 360
8.289104223251343 360
8.296143531799316 360
8.30279803276062 360
8.309255361557007 360
8.316267251968384 360
8.322129964828491 360
8.328644275665283 360
8.33521842956543 360
8.34107756614685 360
8.348105192184448 360
8.355820417404175 360
8.361281633377075 360
8.368376731872559 360
8.37452220916748 360
8.380799531936646 360
8.387795686721802 360
8.393507719039917 360
8.40002179145813 360
8.40799880027771 360
8.413799047470093 360
8.420286655426025 360
8.427008390426636 360
8.4328773021698 360
8.439603328704834 360
8.446360111236572 360
8.453024864196777 360
8.463256120681763 360
8.470252275466919 360
8.47716760635376 360
8.483026027679443 360
8.48989725112915 360
8.496827602386475 360
8.502706050872803 360
8.510239839553833 360
8.516985177993774 360
8.522928476333618 360
8.529812574386597 360
8.536612749099731 360
8.542519092559814 360
8.549027442932129 360
8.55681037902832 360
8.562677383422852 360
8.569185972213745 360
8.576196193695068 360
8.582076787948608 360
8.58870792388916 360
8.5952627658844 360
8.601115465164185 360
8.608776092529297 360
8.615749835968018 360
8.621223449707031 360
8.62837266921997 360
8.634506225585938 360
8.640754222869873 360
8.647786378860474 360
8.653511047363281 360
8.661031007766724 360
8.667928695678711 360
8.673685550689697 360
8.680170774459839 360
8.68694519996643 360
8.692913293838501 360
8.699608087539673 360
8.706521272659302 360
8.713203430175781 360
8.71998405456543 360
8.728841781616211 360
8.73655390739441 360
8.742468357086182 360
8.748964071273804 360
8.756093740463257 360
8.762745141983032 360
8.769600629806519 360
8.776400804519653 360
8.782284021377563 360
8.788742780685425 360
8.795519590377808 360
8.80118465423584 360
8.808147192001343 360
8.815968751907349 360
8.821770191192627 360
8.828549146652222 360
8.835123777389526 360
8.84099268913269 360
8.847866296768188 360
8.853621244430542 360
8.866079330444336 360
8.872021675109863 360
8.878646850585938 360
8.885232210159302 360
8.891787767410278 360
8.898391723632812 360
8.904512405395508 360
8.911995887756348 360
8.918503999710083 360
8.92508053779602 360
8.930941343307495 360
8.937803745269775 360
8.943528413772583 360
8.951085567474365 360
8.957961320877075 360
8.965512990951538 360
8.971223592758179 360
8.978131771087646 360
8.983980178833008 360
8.990972518920898 360
8.998265027999878 360
9.004417181015015 360
9.010884046554565 360
9.018714904785156 360
9.025268316268921 360
9.03111481666565 360
9.037979125976562 360
9.04375433921814 360
9.050235271453857 360
9.056965827941895 360
9.063968896865845 360
9.07075810432434 360
9.077664136886597 360
9.083213090896606 360
9.08996057510376 360
9.096713781356812 360
9.102597713470459 360
9.109083890914917 360
9.116875886917114 360
9.122767210006714 360
9.129679203033447 360
9.136484622955322 360
9.142345666885376 360
9.1489577293396 360
9.1559317111969 360
9.161703109741211 360
9.168985843658447 360
9.176014184951782 360
9.181795597076416 360
9.18855905532837 360
9.195125579833984 360
9.200974464416504 360
9.207829713821411 360
9.213579416275024 360
9.221084356307983 360
9.227940320968628 360
9.233662128448486 360
9.24014949798584 360
9.247117757797241 360
9.253024816513062 360
9.259740829467773 360
9.270771503448486 360
9.27802586555481 360
9.2837975025177 360
9.29039216041565 360
9.297248125076294 360
9.303145170211792 360
9.310046434402466 360
9.317893743515015 360
9.32366681098938 360
9.330138206481934 360
9.33686876296997 360
9.342764377593994 360
9.349249839782715 360
9.356251239776611 360
9.362120389938354 360
9.369707345962524 360
9.37645435333252 360
9.382334232330322 360
9.390243768692017 360
9.39698076248169 360
9.402923345565796 360
9.409795045852661 360
9.416565656661987 360
9.423509120941162 360
9.430173397064209 360
9.436912775039673 360
9.442790031433105 360
9.449249267578125 360
9.456275939941406 360
9.462191581726074 360
9.468673944473267 360
9.476454257965088 360
9.48232889175415 360
9.488993167877197 360
9.496035814285278 360
9.501794338226318 360
9.508416652679443 360
9.514926671981812 360
9.522069692611694 360
9.52859115600586 360
9.535105228424072 360
9.541133403778076 360
9.548195600509644 360
9.554019927978516 360
9.560579299926758 360
9.567154884338379 360
9.574449062347412 360
9.5807363986969 360
9.587661266326904 360
9.593196392059326 360
9.599932193756104 360
9.606870651245117 360
9.612730503082275 360
9.619213104248047 360
9.62701940536499 360
9.63286566734314 360
9.639587879180908 360
9.646378517150879 360
9.652274370193481 360
9.658817052841187 360
9.669265031814575 360
9.677186727523804 360
9.683053493499756 360
9.689964056015015 360
9.696875095367432 360
9.702775478363037 360
9.7092604637146 360
9.716284036636353 360
9.722182035446167 360
9.72986102104187 360
9.736625909805298 360
9.7425057888031 360
9.748953342437744 360
9.75604510307312 360
9.76197361946106 360
9.768505573272705 360
9.776116609573364 360
9.782022714614868 360
9.78866696357727 360
9.795210361480713 360
9.801248550415039 360
9.81176233291626 360
9.818432331085205 360
9.826016426086426 360
9.831875562667847 360
9.83842396736145 360
9.844966888427734 360
9.85099458694458 360
9.85787320137024 360
9.86363673210144 360
9.870100021362305 360
9.877932071685791 360
9.883703231811523 360
9.89016604423523 360
9.902523040771484 360
9.909223794937134 360
9.916214942932129 360
9.922118663787842 360
9.929805755615234 360
9.936640501022339 360
9.942543029785156 360
9.950007438659668 360
9.956776142120361 360
9.962695598602295 360
9.969567060470581 360
9.976353168487549 360
9.983027219772339 360
9.989752292633057 360
9.996548175811768 360
