00
0.012149810791015625 0
0.021098852157592773 0
0.029660701751708984 0
0.038300514221191406 1
0.046416521072387695 3
0.05497002601623535 4
0.06470417976379395 7
0.07319116592407227 9
0.08191466331481934 11
0.09068703651428223 13
0.09948086738586426 16
0.10827136039733887 19
0.11812233924865723 22
0.12624096870422363 25
0.13490080833435059 28
0.14352893829345703 31
0.1523427963256836 34
0.1612095832824707 37
0.1710202693939209 41
0.1796567440032959 44
0.1886441707611084 47
0.1964423656463623 51
0.20507383346557617 54
0.21486759185791016 58
0.22363758087158203 61
0.23248624801635742 65
0.2412717342376709 69
0.25043654441833496 72
0.2591273784637451 76
0.2689344882965088 80
0.27707791328430176 83
0.2856154441833496 86
0.29444050788879395 89
0.3029031753540039 93
0.3115401268005371 99
0.3249168395996094 103
0.3339264392852783 106
0.34277987480163574 110
0.3515138626098633 113
0.360522985458374 116
0.3703181743621826 121
0.37915802001953125 125
0.387876033782959 128
0.3956611156463623 131
0.4046943187713623 135
0.4132962226867676 139
0.4227879047393799 143
0.4315218925476074 146
0.44055867195129395 149
0.4492011070251465 153
0.45800113677978516 157
0.46892404556274414 161
0.47746920585632324 165
0.48546814918518066 168
0.49447035789489746 171
0.5030319690704346 175
0.512047290802002 179
0.5219557285308838 183
0.5307567119598389 186
0.5394687652587891 190
0.5482912063598633 193
0.5562937259674072 198
0.5649211406707764 201
0.574739933013916 205
0.5835416316986084 209
0.5923480987548828 212
0.6011109352111816 216
0.6100196838378906 219
0.6187775135040283 223
0.6286036968231201 227
0.6363933086395264 231
0.6452982425689697 234
0.6543638706207275 237
0.6629526615142822 241
0.6725995540618896 245
0.6813631057739258 249
0.6904125213623047 252
0.6993048191070557 256
0.7080817222595215 259
0.7207133769989014 265
0.7306883335113525 269
0.7395012378692627 273
0.7483522891998291 276
0.7563028335571289 280
0.765099048614502 283
0.7749850749969482 287
0.7836222648620605 291
0.7924070358276367 294
0.8012685775756836 298
0.8102817535400391 301
0.819136381149292 305
0.8290424346923828 310
0.8375928401947021 313
0.845557451248169 316
0.8544561862945557 319
0.8629922866821289 323
0.871575117111206 327
0.8814871311187744 331
0.8905603885650635 334
0.8993668556213379 338
0.9081552028656006 341
0.9161951541900635 346
0.9256398677825928 349
0.9345510005950928 353
0.9433708190917969 357
0.9522213935852051 360
0.961066722869873 363
0.9699862003326416 366
0.9795701503753662 369
0.9885804653167725 371
0.9965014457702637 373
1.0054442882537842 373
1.0143659114837646 373
1.022782325744629 372
1.032716989517212 371
1.0414581298828125 369
1.050518274307251 368
1.0593268871307373 366
1.0681509971618652 364
1.0775830745697021 361
1.0856165885925293 360
1.0944838523864746 359
1.1030375957489014 357
1.1116392612457275 356
1.12437105178833 355
1.1341753005981445 355
1.1431586742401123 354
1.1519873142242432 354
1.1608967781066895 354
1.1695704460144043 354
1.1794400215148926 355
1.1882989406585693 356
1.1962597370147705 357
1.204927921295166 359
1.2135207653045654 359
1.2223238945007324 360
1.2321252822875977 361
1.2410600185394287 361
1.2499425411224365 361
1.258765459060669 361
1.2665505409240723 362
1.2752702236175537 362
1.2850000858306885 362
1.2941131591796875 362
1.3027474880218506 362
1.3115313053131104 362
1.3205206394195557 362
1.3291633129119873 362
1.3390066623687744 362
1.3475604057312012 362
1.3555126190185547 362
1.364579677581787 362
1.373291015625 362
1.3829774856567383 362
1.3915777206420898 362
1.4006152153015137 362
1.4093053340911865 362
1.4180548191070557 362
1.426236629486084 362
1.4358818531036377 362
1.4445512294769287 362
1.4531652927398682 362
1.4627337455749512 362
1.4715161323547363 362
1.4807181358337402 362
1.4905943870544434 362
1.4992218017578125 362
1.507964849472046 362
1.520517349243164 362
1.5293164253234863 362
1.539447546005249 362
1.5482110977172852 362
1.556433916091919 362
1.5651047229766846 362
1.5740280151367188 362
1.582517147064209 362
1.5923190116882324 362
1.601271629333496 362
1.6102440357208252 362
1.618884801864624 362
1.6270713806152344 362
1.6364660263061523 362
1.6452205181121826 362
1.6541657447814941 362
1.662977933883667 362
1.6715867519378662 362
1.6808013916015625 362
1.6905815601348877 362
1.6992828845977783 362
1.7080316543579102 362
1.716043472290039 362
1.7248964309692383 362
1.7334749698638916 362
1.7432408332824707 362
1.75197172164917 362
1.7607219219207764 362
1.7693936824798584 362
1.778183937072754 362
1.7863035202026367 362
1.7959260940551758 362
1.8045861721038818 362
1.8134586811065674 362
1.8225204944610596 362
1.8313252925872803 362
1.8411200046539307 362
1.8501408100128174 362
1.8593535423278809 362
1.8681576251983643 362
1.8760888576507568 362
1.884758710861206 362
1.8945558071136475 362
1.9034473896026611 362
1.9122796058654785 362
1.924591302871704 362
1.933349847793579 362
1.9433653354644775 362
1.9523780345916748 362
1.9613182544708252 362
1.970339059829712 362
1.9789843559265137 362
1.987497329711914 362
1.9989418983459473 362
2.0074710845947266 362
2.015469551086426 362
2.0245704650878906 362
2.0331833362579346 362
2.0427534580230713 362
2.0515172481536865 362
2.0605406761169434 362
2.0693655014038086 362
2.078119993209839 362
2.0863075256347656 362
2.0960564613342285 362
2.1047887802124023 362
2.113490104675293 362
2.1223459243774414 362
2.131087064743042 362
2.1402597427368164 362
2.1496384143829346 362
2.1586084365844727 362
2.1664021015167236 362
2.1750640869140625 362
2.184048891067505 362
2.1925292015075684 362
2.2024600505828857 362
2.2112064361572266 362
2.2201852798461914 362
2.2288618087768555 362
2.236994743347168 362
2.2463769912719727 362
2.2550525665283203 362
2.2642006874084473 362
2.2726829051971436 362
2.2814347743988037 362
2.2904903888702393 362
2.3002538681030273 362
2.3088560104370117 362
2.3170535564422607 362
2.330284833908081 362
2.3390793800354004 362
2.348933696746826 362
2.357480049133301 362
2.3654747009277344 362
2.3744728565216064 362
2.3832473754882812 362
2.3919899463653564 362
2.4014346599578857 362
2.410468578338623 362
2.419127941131592 362
2.427929639816284 362
2.435657501220703 362
2.4446842670440674 362
2.45444393157959 362
2.4643497467041016 362
2.472952127456665 362
2.4815492630004883 362
2.490525007247925 362
2.500439167022705 362
2.5090997219085693 362
2.5176093578338623 362
2.525571823120117 362
2.534471035003662 362
2.543046474456787 362
2.5526859760284424 362
2.5616366863250732 362
2.570651054382324 362
2.5793354511260986 362
2.5881187915802 362
2.5963265895843506 362
2.6061484813690186 362
2.6148300170898438 362
2.628720998764038 362
2.636481761932373 362
2.645111322402954 362
2.6550471782684326 362
2.6639180183410645 362
2.672457695007324 362
2.6813786029815674 362
2.690415620803833 362
2.6990773677825928 362
2.708895683288574 362
2.71708345413208 362
2.730454683303833 362
2.7393951416015625 362
2.7481486797332764 362
2.758007049560547 362
2.7659695148468018 362
2.77463960647583 362
2.7832815647125244 362
2.7920846939086914 362
2.8010292053222656 362
2.810701370239258 362
2.819471597671509 362
2.8283040523529053 362
2.8362529277801514 362
2.844890832901001 362
2.8539059162139893 362
2.863880157470703 362
2.8724586963653564 362
2.8812005519866943 362
2.8902618885040283 362
2.8989081382751465 362
2.9086527824401855 362
2.9164531230926514 362
2.925346851348877 362
2.9342193603515625 362
2.9427716732025146 362
2.951531410217285 362
2.961271047592163 362
2.9702987670898438 362
2.9791550636291504 362
2.987950086593628 362
2.9959304332733154 362
3.0046026706695557 362
3.0142202377319336 362
3.022749423980713 362
3.031553268432617 362
3.0407259464263916 362
3.0494158267974854 362
3.0592122077941895 362
3.0680012702941895 362
3.075953722000122 362
3.0845985412597656 362
3.093238592147827 362
3.1021878719329834 362
3.112062454223633 362
3.1247270107269287 362
3.1334776878356934 362
3.1425130367279053 362
3.1514205932617188 362
3.1614441871643066 362
3.1705241203308105 362
3.1791799068450928 362
3.1879444122314453 362
3.195966958999634 362
3.2046656608581543 362
3.2145209312438965 362
3.2233200073242188 362
3.232128858566284 362
3.241084337234497 362
3.249962329864502 362
3.264810085296631 362
3.2734334468841553 362
3.2823944091796875 362
3.291196823120117 362
3.3001842498779297 362
3.308858633041382 362
3.318744421005249 362
3.3264949321746826 362
3.335212230682373 362
3.3443403244018555 362
3.3527817726135254 362
3.361543893814087 362
3.3715016841888428 362
3.380528688430786 362
3.3891866207122803 362
3.39792799949646 362
3.406059980392456 362
3.415515661239624 362
3.424402952194214 362
3.4330034255981445 362
3.441558599472046 362
3.450531005859375 362
3.459369421005249 362
3.470283269882202 362
3.4789364337921143 362
3.4874587059020996 362
3.495493173599243 362
3.504589080810547 362
3.5131618976593018 362
3.527595281600952 362
3.5359585285186768 362
3.5447919368743896 362
3.5535898208618164 362
3.5623300075531006 362
3.57212495803833 362
3.5810751914978027 362
3.590118646621704 362
3.598766803741455 362
3.6065492630004883 362
3.6152937412261963 362
3.6248834133148193 362
3.6339430809020996 362
3.6426665782928467 362
3.6515285968780518 362
3.660557985305786 362
3.6703455448150635 362
3.6789770126342773 362
3.687592029571533 362
3.6955621242523193 362
3.704636573791504 362
3.7133004665374756 362
3.7231273651123047 362
3.7319259643554688 362
3.7406716346740723 362
3.7493577003479004 362
3.7581496238708496 362
3.766335964202881 362
3.776150941848755 362
3.784839153289795 362
3.7934908866882324 362
3.8023250102996826 362
3.811077356338501 362
3.820239782333374 362
3.8299496173858643 362
3.8387041091918945 362
3.8465259075164795 362
3.8552393913269043 362
3.864077568054199 362
3.873537302017212 362
3.8825230598449707 362
3.8914904594421387 362
3.900514841079712 362
3.909179925918579 362
3.917999267578125 362
3.931171178817749 362
3.9404168128967285 362
3.949256420135498 362
3.9580705165863037 362
3.9660308361053467 362
3.975611686706543 362
3.984548330307007 362
3.993131160736084 362
4.002072811126709 362
4.010888338088989 362
4.019997596740723 362
4.029602527618408 362
4.038552284240723 362
4.0463128089904785 362
4.054956436157227 362
4.064109802246094 362
4.072592735290527 362
4.082360029220581 362
4.091122627258301 362
4.1001458168029785 362
4.1087987422943115 362
4.116589546203613 362
4.126516103744507 362
4.1352081298828125 362
4.144066095352173 362
4.152740240097046 362
4.16151237487793 362
4.170501470565796 362
4.180540084838867 362
4.189191818237305 362
4.197965860366821 362
4.2059712409973145 362
4.214601755142212 362
4.223248243331909 362
4.2330310344696045 362
4.2419960498809814 362
4.250775337219238 362
4.259527683258057 362
4.268364906311035 362
4.276311159133911 362
4.28606104850769 362
4.294726371765137 362
4.303522348403931 362
4.312311410903931 362
4.3210883140563965 362
4.334598064422607 362
4.343398094177246 362
4.352383852005005 362
4.361303329467773 362
4.370917558670044 362
4.380709886550903 362
4.389409780502319 362
4.398190498352051 362
4.406247138977051 362
4.415064096450806 362
4.4241931438446045 362
4.433617353439331 362
4.442445755004883 362
4.45121693611145 362
4.4602649211883545 362
4.469658613204956 362
4.478835582733154 362
4.488706350326538 362
4.4964752197265625 362
4.5050787925720215 362
4.513915061950684 362
4.522459506988525 362
4.532217264175415 362
4.541233062744141 362
4.55029559135437 362
4.5589611530303955 362
4.567495822906494 362
4.5754923820495605 362
4.585254192352295 362
4.594087600708008 362
4.602778673171997 362
4.611543416976929 362
4.62055230140686 362
4.6291773319244385 362
4.6390111446380615 362
4.6475465297698975 362
4.655587911605835 362
4.66468071937561 362
4.673504590988159 362
4.6822919845581055 362
4.692097902297974 362
4.70086669921875 362
4.709507703781128 362
4.718339920043945 362
4.730787754058838 362
4.740808963775635 362
4.7496418952941895 362
4.75868821144104 362
4.766438245773315 362
4.775232553482056 362
4.784224510192871 362
4.793602705001831 362
4.802651882171631 362
4.811392545700073 362
4.8203818798065186 362
4.829123020172119 362
4.838907241821289 362
4.847025632858276 362
4.8553431034088135 362
4.864213943481445 362
4.87270188331604 362
4.881453275680542 362
4.891294240951538 362
4.900470733642578 362
4.909135818481445 362
4.917949199676514 362
4.925933122634888 362
4.934754133224487 362
4.944614410400391 362
4.9533069133758545 362
4.962294101715088 362
4.971055030822754 362
4.979969024658203 362
4.9887261390686035 362
4.998324632644653 362
5.006314992904663 362
5.014971017837524 362
5.024036884307861 362
5.03255558013916 362
5.042392015457153 362
5.051200866699219 362
5.060408353805542 362
5.069062948226929 362
5.077902555465698 362
5.086055278778076 362
5.09592866897583 362
5.104610443115234 362
5.113261461257935 362
5.122065544128418 362
5.1346166133880615 362
5.14473295211792 362
5.153486013412476 362
5.162461757659912 362
5.171203851699829 362
5.18027138710022 362
5.1890857219696045 362
5.199026107788086 362
5.207545518875122 362
5.215486526489258 362
5.224401950836182 362
5.232962131500244 362
5.241573095321655 362
5.251410007476807 362
5.262033462524414 362
5.270767688751221 362
5.279464960098267 362
5.288242816925049 362
5.2981040477752686 362
5.3060784339904785 362
5.314701557159424 362
5.323557615280151 362
5.332350254058838 362
5.3411383628845215 362
5.3509368896484375 362
5.359634876251221 362
5.3686909675598145 362
5.376479864120483 362
5.385396718978882 362
5.394218683242798 362
5.4040772914886475 362
5.41258978843689 362
5.421363353729248 362
5.430364370346069 362
5.4391562938690186 362
5.449129104614258 362
5.457909822463989 362
5.467095851898193 362
5.475437879562378 362
5.484330892562866 362
5.492782354354858 362
5.502784013748169 362
5.5115344524383545 362
5.520546197891235 362
5.532495975494385 362
5.541422128677368 362
5.5513105392456055 362
5.560638666152954 362
5.569257497787476 362
5.578023433685303 362
5.586183071136475 362
5.594856262207031 362
5.604607343673706 362
5.613221168518066 362
5.622162342071533 362
5.6309661865234375 362
5.639618396759033 362
5.648597717285156 362
5.658299922943115 362
5.6662890911102295 362
5.674926280975342 362
5.683894157409668 362
5.692543268203735 362
5.702343225479126 362
5.711201190948486 362
5.720210790634155 362
5.728846073150635 362
5.73696756362915 362
5.745499134063721 362
5.755343437194824 362
5.764187574386597 362
5.7727155685424805 362
5.781520366668701 362
5.790530204772949 362
5.799361705780029 362
5.809235572814941 362
5.8179404735565186 362
5.825880527496338 362
5.834552764892578 362
5.843309640884399 362
5.852085828781128 362
5.862058877944946 362
5.870870351791382 362
5.879504442214966 362
5.888310194015503 362
5.896296262741089 362
5.906022310256958 362
5.914682149887085 362
5.923511028289795 362
5.9360878467559814 362
5.944935083389282 362
5.954886436462402 362
5.963936805725098 362
5.972695350646973 362
5.981633424758911 362
5.990671157836914 362
5.999334812164307 362
6.00919246673584 362
6.017947196960449 362
6.025935411453247 362
6.03459906578064 362
6.04341459274292 362
6.052245616912842 362
6.06799054145813 362
6.075970411300659 362
6.084638833999634 362
6.093286752700806 362
6.102214097976685 362
6.111640691757202 362
6.1206769943237305 362
6.129351377487183 362
6.138140916824341 362
6.146137714385986 362
6.154805421829224 362
6.164786338806152 362
6.17343282699585 362
6.182234287261963 362
6.191030025482178 362
6.199639797210693 362
6.209496259689331 362
6.218312978744507 362
6.226511001586914 362
6.235431432723999 362
6.244324684143066 362
6.252748489379883 362
6.262613534927368 362
6.271401405334473 362
6.2805702686309814 362
6.289307594299316 362
6.298082113265991 362
6.306061744689941 362
6.315881013870239 362
6.324552774429321 362
6.337549924850464 362
6.3460164070129395 362
6.354887008666992 362
6.365041971206665 362
6.374049663543701 362
6.382537126541138 362
6.391300916671753 362
6.4004967212677 362
6.409170866012573 362
6.419012546539307 362
6.427528619766235 362
6.435518264770508 362
6.444369077682495 362
6.452904224395752 362
6.463642835617065 362
6.47245717048645 362
6.481205224990845 362
6.490391731262207 362
6.499064683914185 362
6.507595777511597 362
6.517045259475708 362
6.525580406188965 362
6.534448146820068 362
6.5429863929748535 362
6.551613092422485 362
6.560665845870972 362
6.570372581481934 362
6.579254627227783 362
6.587992429733276 362
6.601971387863159 362
6.610806703567505 362
6.620743751525879 362
6.629403829574585 362
6.638207197189331 362
6.646470069885254 362
6.655279636383057 362
6.664117336273193 362
6.673556327819824 362
6.682415962219238 362
6.691229820251465 362
6.700416564941406 362
6.709082365036011 362
6.718792676925659 362
6.726994752883911 362
6.740224361419678 362
6.749147653579712 362
6.757960081100464 362
6.767883539199829 362
6.7758948802948 362
6.78457236289978 362
6.79316258430481 362
6.801936864852905 362
6.810701608657837 362
6.820562124252319 362
6.829225301742554 362
6.838098764419556 362
6.84605598449707 362
6.8546857833862305 362
6.863581895828247 362
6.874310255050659 362
6.8831400871276855 362
6.891955614089966 362
6.90076208114624 362
6.909459829330444 362
6.9182822704315186 362
6.928112030029297 362
6.9360504150390625 362
6.944931983947754 362
6.953521728515625 362
6.962357044219971 362
6.972150564193726 362
6.980912208557129 362
6.98956561088562 362
6.998358249664307 362
7.006508111953735 362
7.0154407024383545 362
7.025363206863403 362
7.034212827682495 362
7.042737245559692 362
7.051485776901245 362
7.060731887817383 362
7.069387912750244 362
7.079176664352417 362
7.087987422943115 362
7.095975875854492 362
7.104619741439819 362
7.1133012771606445 362
7.123194932937622 362
7.135926723480225 362
7.1449010372161865 362
7.153909683227539 362
7.1625895500183105 362
7.171358585357666 362
7.181413650512695 362
7.19040322303772 362
7.19907808303833 362
7.20764422416687 362
7.215648889541626 362
7.22542142868042 362
7.234335422515869 362
7.243128061294556 362
7.251635551452637 362
7.2607011795043945 362
7.269553184509277 362
7.279275417327881 362
7.288101434707642 362
7.296052932739258 362
7.304919719696045 362
7.313551664352417 362
7.322356462478638 362
7.332168817520142 362
7.340986251831055 362
7.349922180175781 362
7.358842611312866 362
7.3669657707214355 362
7.375333786010742 362
7.385028123855591 362
7.393895387649536 362
7.402708053588867 362
7.411451578140259 362
7.420661449432373 362
7.4303975105285645 362
7.439080476760864 362
7.4476423263549805 362
7.455595254898071 362
7.465358018875122 362
7.474196195602417 362
7.484132528305054 362
7.492648363113403 362
7.50140118598938 362
7.510400772094727 362
7.5190675258636475 362
7.527613162994385 362
7.541621446609497 362
7.550794839859009 362
7.559619188308716 362
7.56865119934082 362
7.576479434967041 362
7.586284637451172 362
7.594961166381836 362
7.6040661334991455 362
7.6125805377960205 362
7.6254353523254395 362
7.6352643966674805 362
7.644100189208984 362
7.652679204940796 362
7.661616563796997 362
7.670657157897949 362
7.679277181625366 362
7.689000368118286 362
7.6975133419036865 362
7.705498456954956 362
7.714388847351074 362
7.723146915435791 362
7.731940507888794 362
7.741499662399292 362
7.750647068023682 362
7.75925350189209 362
7.767985105514526 362
7.775940418243408 362
7.7855284214019775 362
7.794609546661377 362
7.803244113922119 362
7.812030553817749 362
7.82078218460083 362
7.829498291015625 362
7.839399814605713 362
7.8481528759002686 362
7.85612416267395 362
7.864801645278931 362
7.873399972915649 362
7.882182836532593 362
7.891995429992676 362
7.900892019271851 362
7.909507513046265 362
7.918318748474121 362
7.926476240158081 362
7.9404377937316895 362
7.949291229248047 362
7.958076238632202 362
7.966307163238525 362
7.974979877471924 362
7.984079599380493 362
7.993506908416748 362
8.002331972122192 362
8.01107668876648 362
8.020235300064087 362
8.031556606292725 362
8.0413978099823 362
8.050770282745361 362
8.059471607208252 362
8.068254470825195 362
8.076298475265503 362
8.085078001022339 362
8.094888925552368 362
8.103478908538818 362
8.112294435501099 362
8.121057987213135 362
8.129977464675903 362
8.138882637023926 362
8.148687362670898 362
8.156462669372559 362
8.165112733840942 362
8.174108505249023 362
8.182787895202637 362
8.192648649215698 362
8.20158839225769 362
8.210628032684326 362
8.219320058822632 362
8.228140354156494 362
8.236130714416504 362
8.245943069458008 362
8.254639148712158 362
8.263477802276611 362
8.27233624458313 362
8.281068563461304 362
8.289969205856323 362
8.299499034881592 362
8.308292865753174 362
8.316479682922363 362
8.325355052947998 362
8.3342125415802 362
8.34815788269043 362
8.35628890991211 362
8.365069389343262 362
8.374214887619019 362
8.383126974105835 362
8.391647338867188 362
8.401498079299927 362
8.410553932189941 362
8.419191598892212 362
8.427995204925537 362
8.435951709747314 362
8.445938110351562 362
8.454599857330322 362
8.464401483535767 362
8.472799062728882 362
8.481561660766602 362
8.490617275238037 362
8.500554323196411 362
8.509226322174072 362
8.518001317977905 362
8.525943756103516 362
8.534604549407959 362
8.543275833129883 362
8.553014755249023 362
8.56203842163086 362
8.57100510597229 362
8.579919338226318 362
8.588675737380981 362
8.59958028793335 362
8.608571767807007 362
8.616342544555664 362
8.625106573104858 362
8.634085655212402 362
8.642577886581421 362
8.652509927749634 362
8.661339044570923 362
8.67034387588501 362
8.679138422012329 362
8.687907457351685 362
8.69589900970459 362
8.70555567741394 362
8.71446681022644 362
8.722981691360474 362
8.731579542160034 362
8.744485855102539 362
8.754436731338501 362
8.763211727142334 362
8.772198677062988 362
8.780996084213257 362
8.789623022079468 362
8.798774719238281 362
8.808600902557373 362
8.816397190093994 362
8.825069427490234 362
8.834202527999878 362
8.842698097229004 362
8.852527618408203 362
8.861505031585693 362
8.870548009872437 362
8.879183292388916 362
8.887975692749023 362
8.895946979522705 362
8.905481815338135 362
8.914380073547363 362
8.923161506652832 362
8.931948900222778 362
8.94070816040039 362
8.949471950531006 362
8.959368467330933 362
8.96815013885498 362
8.976155042648315 362
8.984985589981079 362
8.993573904037476 362
9.00334358215332 362
9.012193441390991 362
9.0210120677948 362
9.029937267303467 362
9.038874626159668 362
9.047002792358398 362
9.05638074874878 362
9.065032005310059 362
9.073898077011108 362
9.082523107528687 362
9.091500282287598 362
9.10071325302124 362
9.110552787780762 362
9.119229555130005 362
9.127994298934937 362
9.135939836502075 362
9.149218082427979 362
9.159274578094482 362
9.168118000030518 362
9.176289796829224 362
9.184917449951172 362
9.193539142608643 362
9.202373504638672 362
9.21217393875122 362
9.221114873886108 362
9.230179071426392 362
9.238829374313354 362
9.246603012084961 362
9.255284309387207 362
9.26503872871399 362
9.273887872695923 362
9.282620906829834 362
9.29140830039978 362
9.300418376922607 362
9.309968709945679 362
9.318742990493774 362
9.326537370681763 362
9.335327863693237 362
9.34445571899414 362
9.353276491165161 362
9.362788200378418 362
9.372577667236328 362
9.381334781646729 362
9.390383243560791 362
9.399243593215942 362
9.407981395721436 362
9.417493104934692 362
9.425462484359741 362
9.434463500976562 362
9.442989110946655 362
9.45158839225769 362
9.462392568588257 362
9.471177816390991 362
9.480381488800049 362
9.489059925079346 362
9.497610569000244 362
9.505627393722534 362
9.533622741699219 362
9.55162262916565 362
9.560802698135376 362
9.570724487304688 362
9.579603910446167 362
9.5885648727417 362
9.59637975692749 362
9.605597257614136 362
9.615525484085083 362
9.624481439590454 362
9.633015871047974 362
9.64202618598938 362
9.650874376296997 362
9.660110473632812 362
9.669515371322632 362
9.678309917449951 362
9.686305284500122 362
9.694951295852661 362
9.703934907913208 362
9.712506532669067 362
9.722287893295288 362
9.731078386306763 362
9.740270853042603 362
9.748946905136108 362
9.757482528686523 362
9.76706051826477 362
9.775455713272095 362
9.784383773803711 362
9.792784214019775 362
9.801581621170044 362
9.810602188110352 362
9.820528984069824 362
9.82928466796875 362
9.83800745010376 362
9.845949649810791 362
9.85456371307373 362
9.86329984664917 362
9.87316370010376 362
9.882097244262695 362
9.890894651412964 362
9.899516344070435 362
9.908353805541992 362
9.916381597518921 362
9.926037311553955 362
9.934682607650757 362
9.948198318481445 362
9.95634913444519 362
9.965259313583374 362
9.975069999694824 362
9.983944416046143 362
9.992520570755005 362
