00
0.009874105453491211 0
0.017154693603515625 0
0.02328634262084961 0
0.029819011688232422 1
0.03754711151123047 2
0.04358553886413574 2
0.05013871192932129 3
0.05726265907287598 4
0.0632638931274414 5
0.07005620002746582 6
0.07713723182678223 8
0.08310842514038086 9
0.0903327465057373 10
0.09748721122741699 12
0.1035456657409668 14
0.110198974609375 15
0.11734533309936523 17
0.12339425086975098 18
0.1340045928955078 22
0.1420748233795166 24
0.14926791191101074 26
0.15559840202331543 28
0.16221237182617188 30
0.1692652702331543 31
0.17555594444274902 34
0.18222522735595703 36
0.19060993194580078 38
0.19752287864685059 40
0.20355486869812012 42
0.21017241477966309 44
0.2173466682434082 46
0.22344064712524414 48
0.23006725311279297 50
0.23728060722351074 52
0.24496793746948242 55
0.25198841094970703 56
0.25901055335998535 58
0.2649192810058594 61
0.27182745933532715 62
0.2789278030395508 64
0.2848241329193115 67
0.2927517890930176 68
0.2995738983154297 71
0.30626487731933594 73
0.3128056526184082 74
0.31952691078186035 77
0.32628965377807617 79
0.3323171138763428 80
0.33939552307128906 83
0.347365140914917 84
0.353412389755249 86
0.3600301742553711 89
0.3672821521759033 90
0.37334489822387695 92
0.3800032138824463 94
0.3871300220489502 96
0.393951416015625 99
0.4009969234466553 100
0.4079415798187256 103
0.4139885902404785 104
0.4208824634552002 106
0.42795348167419434 108
0.43401622772216797 110
0.44089436531066895 112
0.4488968849182129 114
0.4548020362854004 116
0.46144986152648926 118
0.46837401390075684 120
0.4746558666229248 121
0.4812915325164795 123
0.4883155822753906 125
0.49619603157043457 127
0.5022382736206055 129
0.5093386173248291 130
0.5160565376281738 133
0.5220975875854492 134
0.5320827960968018 137
0.5400385856628418 139
0.5482754707336426 141
0.5543427467346191 143
0.5613336563110352 144
0.5682120323181152 147
0.574237585067749 148
0.5811691284179688 150
0.5880956649780273 152
0.5951166152954102 154
0.6019248962402344 156
0.6092061996459961 157
0.6155974864959717 159
0.6220111846923828 160
0.6290485858917236 162
0.63494873046875 164
0.6417028903961182 166
0.649569034576416 168
0.6562602519989014 169
0.6627798080444336 170
0.6697080135345459 172
0.6765978336334229 174
0.6827414035797119 176
0.6895339488983154 178
0.6973886489868164 179
0.703493595123291 180
0.7101225852966309 182
0.7172825336456299 184
0.7233390808105469 185
0.730144739151001 187
0.737297534942627 188
0.7433257102966309 190
0.7510662078857422 192
0.7580893039703369 194
0.7641446590423584 195
0.7710566520690918 196
0.7779841423034668 198
0.7840397357940674 200
0.7911579608917236 201
0.7991878986358643 203
0.8055214881896973 205
0.8119642734527588 206
0.8190023899078369 208
0.8249392509460449 209
0.8316574096679688 210
0.8387844562530518 212
0.8447067737579346 213
0.8523421287536621 215
0.8594057559967041 216
0.8660776615142822 218
0.8721513748168945 220
0.8792409896850586 221
0.8855881690979004 222
0.891993522644043 224
0.8989980220794678 226
0.9070553779602051 227
0.9131383895874023 228
0.9199252128601074 230
0.9270548820495605 231
0.9375793933868408 234
0.9436502456665039 235
0.9515242576599121 236
0.9589600563049316 238
0.964902400970459 239
0.9718551635742188 240
0.9789772033691406 242
0.984898567199707 243
0.9915039539337158 244
0.9988014698028564 246
1.0070631504058838 247
1.0130980014801025 248
1.019737720489502 250
1.0270135402679443 251
1.033073902130127 252
1.039710521697998 254
1.0465970039367676 255
1.0538008213043213 256
1.0607218742370605 258
1.0676045417785645 259
1.0736072063446045 260
1.0802032947540283 261
1.0874884128570557 262
1.0935280323028564 264
1.1001522541046143 265
1.1081616878509521 267
1.1141948699951172 268
1.1211073398590088 269
1.1279971599578857 270
1.1340677738189697 271
1.1409235000610352 272
1.147946834564209 274
1.1550002098083496 275
1.1617152690887451 276
1.1688520908355713 277
1.174760341644287 278
1.1816534996032715 280
1.1887364387512207 281
1.1947174072265625 282
1.2013068199157715 283
1.2095906734466553 284
1.2162916660308838 286
1.2223048210144043 286
1.2293834686279297 288
1.2360646724700928 289
1.2432727813720703 290
1.249835729598999 291
1.2577118873596191 292
1.2637314796447754 294
1.2708134651184082 294
1.2777044773101807 296
1.2837200164794922 297
1.290374994277954 298
1.297501564025879 299
1.3035931587219238 300
1.311307430267334 301
1.318213939666748 302
1.3242342472076416 303
1.3312962055206299 305
1.3421194553375244 306
1.349285364151001 307
1.3555736541748047 308
1.3632245063781738 309
1.3698453903198242 310
1.3769207000732422 311
1.3828303813934326 312
1.3897690773010254 313
1.3968756198883057 314
1.402787208557129 315
1.4102895259857178 316
1.4175021648406982 317
1.42354154586792 318
1.4301433563232422 319
1.43743896484375 320
1.4434535503387451 320
1.4506001472473145 322
1.4575166702270508 323
1.4643275737762451 324
1.4712152481079102 324
1.478137731552124 326
1.4841256141662598 326
1.4909729957580566 327
1.4978611469268799 328
1.5038721561431885 329
1.5119128227233887 330
1.5189762115478516 331
1.5248780250549316 332
1.5314712524414062 333
1.5383586883544922 334
1.5446598529815674 334
1.5512683391571045 335
1.5581414699554443 336
1.5660068988800049 337
1.5722177028656006 338
1.5792851448059082 339
1.5855956077575684 340
1.591963529586792 340
1.5990171432495117 341
1.6049609184265137 342
1.612849235534668 343
1.6195974349975586 344
1.6263115406036377 344
1.632826566696167 345
1.639549732208252 346
1.6462030410766602 347
1.6522023677825928 348
1.659282922744751 348
1.6672091484069824 349
1.6732587814331055 350
1.6798593997955322 351
1.6871116161346436 351
1.6931431293487549 352
1.6998867988586426 353
1.7069745063781738 354
1.7137675285339355 354
1.720667839050293 355
1.7275960445404053 356
1.7378149032592773 357
1.7438397407531738 358
1.7509737014770508 358
1.758025884628296 359
1.7649707794189453 360
1.7718842029571533 361
1.7790052890777588 361
1.7849085330963135 362
1.7914774417877197 363
1.7983365058898926 364
1.804352045059204 364
1.8113799095153809 365
1.8194425106048584 365
1.8260626792907715 366
1.8322169780731201 367
1.8393034934997559 367
1.845998764038086 368
1.8520448207855225 368
1.8590576648712158 369
1.867112159729004 370
1.873157024383545 370
1.8797638416290283 371
1.886671543121338 372
1.892754316329956 372
1.8995087146759033 373
1.906214714050293 374
1.9122090339660645 374
1.920006275177002 375
1.927243947982788 375
1.9332911968231201 376
1.939877986907959 376
1.947136640548706 377
1.9531219005584717 378
1.959913730621338 378
1.967806100845337 379
1.9738335609436035 380
1.980713129043579 380
1.9877591133117676 381
1.9938421249389648 382
2.002040386199951 382
2.0090177059173584 382
2.0160648822784424 383
2.0233523845672607 384
2.0299880504608154 384
2.037137508392334 384
2.043152093887329 385
2.0499014854431152 386
2.057067632675171 386
2.0630722045898438 387
2.070664405822754 387
2.077589988708496 388
2.0836243629455566 388
2.0906238555908203 389
2.101418972015381 390
2.1088407039642334 390
2.1147565841674805 390
2.12231183052063 391
2.1294150352478027 391
2.139894962310791 392
2.1473031044006348 392
2.153348445892334 393
2.1601290702819824 394
2.1675403118133545 394
2.174360990524292 394
2.1812334060668945 395
2.1881089210510254 395
2.194115400314331 396
2.200998067855835 396
2.2078680992126465 396
2.2138752937316895 397
2.221534013748169 398
2.228982448577881 398
2.2348766326904297 398
2.242337703704834 398
2.2493977546691895 399
2.256066083908081 400
2.2620859146118164 400
2.269063711166382 400
2.2769360542297363 401
2.2828731536865234 401
2.2897703647613525 402
2.296848773956299 402
2.302741050720215 402
2.309497117996216 402
2.3162171840667725 403
2.323427438735962 403
2.3300323486328125 404
2.3371379375457764 404
2.343101978302002 404
2.3498783111572266 405
2.3569836616516113 405
2.362879514694214 405
2.3696177005767822 406
2.377549648284912 406
2.3835744857788086 406
2.3901748657226562 407
2.397272825241089 407
2.403270959854126 407
2.4100406169891357 408
2.417314052581787 408
2.4233510494232178 408
2.430979013442993 409
2.4379825592041016 409
2.4440722465515137 409
2.450958251953125 410
2.457833766937256 410
2.46435546875 410
2.4713666439056396 410
2.4795637130737305 411
2.486257791519165 411
2.4989755153656006 412
2.5048904418945312 412
2.5114684104919434 412
2.518319845199585 412
2.524608850479126 413
2.532355785369873 413
2.5431487560272217 413
2.549884080886841 414
2.5571882724761963 414
2.5632641315460205 414
2.569979429244995 414
2.5778071880340576 415
2.5838775634765625 415
2.5908868312835693 415
2.5977694988250732 416
2.6037659645080566 416
2.6107985973358154 416
2.6177237033843994 416
2.6237378120422363 416
2.6314353942871094 416
2.638273239135742 417
2.6443235874176025 417
2.6513309478759766 417
2.6581735610961914 417
2.6641838550567627 418
2.6710422039031982 418
2.6780104637145996 418
2.685035228729248 418
2.6917126178741455 418
2.698814868927002 418
2.7047338485717773 419
2.7115373611450195 419
2.718761444091797 419
2.7246716022491455 419
2.7322585582733154 419
2.7396340370178223 420
2.746368169784546 420
2.7526094913482666 420
2.7594168186187744 420
2.766096591949463 420
2.772235155105591 420
2.7792749404907227 420
2.7871475219726562 421
2.793276786804199 421
2.7998764514923096 421
2.8069889545440674 421
2.8129525184631348 421
2.819683074951172 422
2.826371908187866 422
2.8336353302001953 422
2.8402318954467773 422
2.847337245941162 422
2.8533742427825928 422
2.8599977493286133 422
2.8672244548797607 423
2.8732569217681885 423
2.879845142364502 423
2.887974262237549 423
2.8939414024353027 423
2.9007620811462402 423
2.907665252685547 423
2.913689374923706 423
2.920309543609619 423
2.927448034286499 423
2.9342575073242188 423
2.9449117183685303 423
2.9519262313842773 423
2.959195137023926 424
2.965109348297119 424
2.972025156021118 424
2.9790008068084717 424
2.9866671562194824 424
2.992743968963623 424
2.999682664871216 424
3.0065906047821045 424
3.0128157138824463 424
3.0195271968841553 424
3.027273416519165 424
3.0332913398742676 424
3.040896415710449 424
3.04777193069458 424
3.053785800933838 424
3.060373544692993 424
3.067671298980713 424
3.0736663341522217 424
3.0803263187408447 424
3.088221311569214 425
3.0942602157592773 425
3.1011219024658203 425
3.1080520153045654 425
3.1140480041503906 425
3.1209232807159424 425
3.1279661655426025 425
3.1339735984802246 425
3.141679048538208 425
3.14876389503479 425
3.1546881198883057 425
3.1612768173217773 425
3.168118715286255 425
3.1741061210632324 425
3.1809871196746826 425
3.188985824584961 425
3.1949222087860107 425
3.201519250869751 425
3.2087132930755615 425
3.214684247970581 425
3.2212769985198975 425
3.228149652481079 425
3.2341713905334473 425
3.2430264949798584 425
3.2497944831848145 425
3.2570130825042725 425
3.2630374431610107 425
3.2696290016174316 425
3.276339530944824 425
3.2822988033294678 425
3.2901604175567627 425
3.2973392009735107 425
3.3034067153930664 425
3.310178756713867 425
3.317289113998413 425
3.3232903480529785 425
3.329880475997925 425
3.3370652198791504 425
3.34875226020813 425
3.354663372039795 425
3.3614468574523926 425
3.3688583374023438 425
3.3747692108154297 425
3.381441593170166 425
3.3887534141540527 425
3.3963189125061035 425
3.4023544788360596 425
3.4094080924987793 425
3.4160566329956055 425
3.422079563140869 425
3.4292218685150146 425
3.4355099201202393 425
3.443147659301758 425
3.44979190826416 425
3.4568569660186768 425
3.462737560272217 425
3.4695167541503906 425
3.4761810302734375 425
3.4822072982788086 425
3.489403009414673 425
3.4972453117370605 425
3.5032708644866943 425
3.5098650455474854 425
3.5172231197357178 425
3.5232510566711426 425
3.529832124710083 425
3.5368573665618896 425
3.543675661087036 425
3.5507736206054688 425
3.557600736618042 425
3.563567638397217 425
3.5701651573181152 425
3.577284097671509 425
3.5833191871643066 425
3.5899479389190674 425
3.597855567932129 425
3.6038620471954346 425
3.610870599746704 425
3.617755174636841 425
3.6237454414367676 425
3.630337953567505 425
3.637458562850952 425
3.6434686183929443 425
3.6512885093688965 425
3.6581318378448486 425
3.664137363433838 425
3.6711819171905518 425
3.678011655807495 425
3.684048652648926 425
3.6908583641052246 425
3.698831796646118 425
3.7046825885772705 425
3.711249589920044 425
3.7180988788604736 425
3.724086284637451 425
3.731086492538452 425
3.7380025386810303 425
3.7499890327453613 425
3.757234573364258 425
3.763247489929199 425
3.769970655441284 425
3.777259111404419 425
3.7832720279693604 425
3.789987564086914 425
3.7970776557922363 425
3.803873062133789 425
3.810741424560547 425
3.8176207542419434 425
3.8236398696899414 425
3.830202102661133 425
3.837280511856079 425
3.8433239459991455 425
3.8510994911193848 425
3.8579742908477783 425
3.8639397621154785 425
3.8707828521728516 425
3.8777148723602295 425
3.8837058544158936 425
3.89034366607666 425
3.8974804878234863 425
3.9041941165924072 425
3.9112424850463867 425
3.9180798530578613 425
3.9240479469299316 425
3.930896520614624 425
3.937779426574707 425
3.943753719329834 425
3.951462745666504 425
3.958287239074707 425
3.964350461959839 425
3.9713568687438965 425
3.978205680847168 425
3.98421311378479 425
3.991117000579834 425
3.9979755878448486 425
4.004958391189575 425
4.0114967823028564 425
4.0183234214782715 425
4.024596214294434 425
4.031348705291748 425
4.0383620262146 425
4.044363021850586 425
4.052073001861572 425
4.059064865112305 425
4.064957618713379 425
4.07153058052063 425
4.078366994857788 425
4.084646940231323 425
4.091429710388184 425
4.098215341567993 425
4.106036424636841 425
4.1121132373809814 425
4.119050741195679 425
4.12491774559021 425
4.131487607955933 425
4.138321399688721 425
4.149153232574463 425
4.15718674659729 425
4.163174629211426 425
4.1700663566589355 425
4.177156209945679 425
4.183129549026489 425
4.189721345901489 425
4.196359395980835 425
4.20233941078186 425
4.210246801376343 425
4.21732234954834 425
4.223289489746094 425
4.229877710342407 425
4.236971139907837 425
4.243644952774048 425
4.2501890659332275 425
4.258091449737549 425
4.26405143737793 425
4.271058797836304 425
4.277912378311157 425
4.283872604370117 425
4.290740489959717 425
4.297754287719727 425
4.303735017776489 425
4.311286449432373 425
4.318115472793579 425
4.324100017547607 425
4.3311262130737305 425
4.338012218475342 425
4.343953609466553 425
4.3507702350616455 425
4.358312606811523 425
4.364322662353516 425
4.3711817264556885 425
4.378031253814697 425
4.3840227127075195 425
4.391037464141846 425
4.39789891242981 425
4.403871059417725 425
4.411451816558838 425
4.418293714523315 425
4.4242494106292725 425
4.431230783462524 425
4.438096284866333 425
4.444087266921997 425
4.451061248779297 425
4.459082841873169 425
4.464959621429443 425
4.471501111984253 425
4.4783244132995605 425
4.48430061340332 425
4.491136312484741 425
4.4996373653411865 425
4.506334543228149 425
4.513595819473267 425
4.5201334953308105 425
4.527271747589111 425
4.533282279968262 425
4.539841651916504 425
4.55034327507019 425
4.557679891586304 425
4.564770221710205 425
4.571720361709595 425
4.578799486160278 425
4.5846593379974365 425
4.591264486312866 425
4.5981056690216064 425
4.6040778160095215 425
4.611907958984375 425
4.618993043899536 425
4.624872207641602 425
4.631694316864014 425
4.638722658157349 425
4.6446452140808105 425
4.651257753372192 425
4.658101558685303 425
4.665102005004883 425
4.671832323074341 425
4.678896188735962 425
4.684769868850708 425
4.691658973693848 425
4.69837498664856 425
4.7043750286102295 425
4.711227893829346 425
4.719164609909058 425
4.72503662109375 425
4.7318031787872314 425
4.7388691902160645 425
4.744771957397461 425
4.75153923034668 425
4.758737087249756 425
4.766213655471802 425
4.772234201431274 425
4.7792346477508545 425
4.785555362701416 425
4.792032480239868 425
4.798990249633789 425
4.804882049560547 425
4.811796426773071 425
4.819712162017822 425
4.826370716094971 425
4.8323750495910645 425
4.839437484741211 425
4.8460986614227295 425
4.852102994918823 425
4.859076499938965 425
4.867125988006592 425
4.873124361038208 425
4.879742383956909 425
4.8866212368011475 425
4.8927624225616455 425
4.899522542953491 425
4.906182289123535 425
4.912205457687378 425
4.92000150680542 425
4.927285432815552 425
4.93327260017395 425
4.93984317779541 425
4.950314521789551 425
4.957613706588745 425
4.963605165481567 425
4.971289396286011 425
4.9792540073394775 425
4.985549688339233 425
4.992117881774902 425
5.014281511306763 425
5.022032976150513 425
5.028994798660278 425
5.034940242767334 425
5.041521072387695 425
5.04894495010376 425
5.054811239242554 425
5.061427116394043 425
5.06943941116333 425
5.076147079467773 425
5.082310676574707 425
5.089380502700806 425
5.096087217330933 425
5.102046251296997 425
5.109206199645996 425
5.115521430969238 425
5.123232841491699 425
5.12984561920166 425
5.136926174163818 425
5.142816066741943 425
5.149538993835449 425
5.156218528747559 425
5.1622154712677 425
5.170179843902588 425
5.17729926109314 425
5.183344125747681 425
5.1900012493133545 425
5.197137355804443 425
5.2031354904174805 425
5.209998846054077 425
5.21713662147522 425
5.223967790603638 425
5.230970859527588 425
5.2388997077941895 425
5.2448201179504395 425
5.251433610916138 425
5.2582831382751465 425
5.264297246932983 425
5.2721848487854 425
5.279240369796753 425
5.285532236099243 425
5.292116403579712 425
5.299068450927734 425
5.305016040802002 425
5.311673641204834 425
5.318733215332031 425
5.326242923736572 425
5.332291126251221 425
5.339558362960815 425
5.350079774856567 425
5.35739278793335 425
5.36344575881958 425
5.370182037353516 425
5.378228187561035 425
5.384249925613403 425
5.391122341156006 425
5.398017644882202 425
5.404040813446045 425
5.411148309707642 425
5.418097019195557 425
5.425130605697632 425
5.43190336227417 425
5.4389824867248535 425
5.444897413253784 425
5.45149302482605 425
5.458371162414551 425
5.464638710021973 425
5.471461296081543 425
5.4795308113098145 425
5.48620867729187 425
5.49220609664917 425
5.499268531799316 425
5.505578279495239 425
5.512014627456665 425
5.519048452377319 425
5.527107000350952 425
5.533123254776001 425
5.539783716201782 425
5.5468974113464355 425
5.552807807922363 425
5.559520959854126 425
5.566186189651489 425
5.572158098220825 425
5.57994818687439 425
5.587209939956665 425
5.593208074569702 425
5.599966526031494 425
5.60712194442749 425
5.613104581832886 425
5.619755029678345 425
5.627547979354858 425
5.633587837219238 425
5.6401755809783936 425
5.647433757781982 425
5.653468608856201 425
5.66008448600769 425
5.6672563552856445 425
5.673253297805786 425
5.680852174758911 425
5.687758684158325 425
5.6937336921691895 425
5.700356483459473 425
5.707688808441162 425
5.71371054649353 425
5.720355749130249 425
5.727667331695557 425
5.734671592712402 425
5.741271495819092 425
5.75180983543396 425
5.759023427963257 425
5.764904022216797 425
5.7719151973724365 425
5.779757499694824 425
5.786867380142212 425
5.7927398681640625 425
5.799530982971191 425
5.806290626525879 425
5.8122947216033936 425
5.819386959075928 425
5.826010465621948 425
5.8334314823150635 425
5.840022802352905 425
5.847151279449463 425
5.85312819480896 425
5.859876871109009 425
5.866985321044922 425
5.872883319854736 425
5.8796772956848145 425
5.887772083282471 425
5.893761873245239 425
5.900365591049194 425
5.90751314163208 425
5.913542747497559 425
5.920150995254517 425
5.927305459976196 425
5.9340338706970215 425
5.940895080566406 425
5.9479286670684814 425
5.953927755355835 425
5.9607789516448975 425
5.967698574066162 425
5.973680734634399 425
5.980299234390259 425
5.988689184188843 425
5.994688272476196 425
6.0012993812561035 425
6.00829291343689 425
6.014296770095825 425
6.021161317825317 425
6.028107643127441 425
6.035102128982544 425
6.041841983795166 425
6.048877716064453 425
6.0547754764556885 425
6.061362266540527 425
6.068367958068848 425
6.074636936187744 425
6.081254720687866 425
6.089328289031982 425
6.095992088317871 425
6.1019909381866455 425
6.109025478363037 425
6.114933490753174 425
6.121840000152588 425
6.129042863845825 425
6.136909246444702 425
6.1428022384643555 425
6.153232574462891 425
6.159998893737793 425
6.167227745056152 425
6.173290729522705 425
6.179974555969238 425
6.1879847049713135 425
6.194067001342773 425
6.200947999954224 425
6.207845211029053 425
6.213846206665039 425
6.2206809520721436 425
6.227546215057373 425
6.233567714691162 425
6.242059946060181 425
6.249228000640869 425
6.255533933639526 425
6.2619309425354 425
6.269003868103027 425
6.274875164031982 425
6.281448125839233 425
6.289324045181274 425
6.296028137207031 425
6.302003622055054 425
6.309150218963623 425
6.315084934234619 425
6.32183837890625 425
6.328896999359131 425
6.334794282913208 425
6.342369556427002 425
6.3494110107421875 425
6.356074333190918 425
6.362038612365723 425
6.3691911697387695 425
6.37509822845459 425
6.3820343017578125 425
6.389901876449585 425
6.39703106880188 425
6.40295934677124 425
6.409642934799194 425
6.416355848312378 425
6.422350168228149 425
6.4295432567596436 425
6.436229705810547 425
6.443475961685181 425
6.45009970664978 425
6.457237243652344 425
6.4632532596588135 425
6.469860076904297 425
6.476977825164795 425
6.4828736782073975 425
6.490795373916626 425
6.497686386108398 425
6.5036680698394775 425
6.510680198669434 425
6.517586708068848 425
6.523597240447998 425
6.530181407928467 425
6.53733229637146 425
6.544095754623413 425
6.555057764053345 425
6.561953067779541 425
6.56914758682251 425
6.575067043304443 425
6.581962585449219 425
6.588982820510864 425
6.596933364868164 425
6.60283899307251 425
6.609750747680664 425
6.616628646850586 425
6.622753143310547 425
6.6409993171691895 425
6.649415731430054 425
6.656278610229492 425
6.664742708206177 425
6.671539068222046 425
6.679368734359741 425
6.693798065185547 425
6.702235698699951 425
6.70931077003479 425
6.71665358543396 425
6.7227623462677 425
6.729672908782959 425
6.736352920532227 425
6.742740869522095 425
6.7510597705841064 425
6.757940292358398 425
6.763908386230469 425
6.770893335342407 425
6.777759313583374 425
6.783750057220459 425
6.790754318237305 425
6.798783779144287 425
6.804673194885254 425
6.811287879943848 425
6.818171977996826 425
6.82417106628418 425
6.831072807312012 425
6.837961673736572 425
6.843914031982422 425
6.851815462112427 425
6.858871221542358 425
6.864755630493164 425
6.871366262435913 425
6.878251791000366 425
6.88426947593689 425
6.891176700592041 425
6.899315118789673 425
6.905637741088867 425
6.912161827087402 425
6.919203996658325 425
6.925105333328247 425
6.931913375854492 425
6.93898868560791 425
6.94489312171936 425
6.957272529602051 425
6.963253498077393 425
6.9701313972473145 425
6.977444648742676 425
6.983460426330566 425
6.9900922775268555 425
6.997217416763306 425
7.003963232040405 425
7.01214075088501 425
7.019194602966309 425
7.025130987167358 425
7.032088994979858 425
7.0391457080841064 425
7.045082092285156 425
7.05281400680542 425
7.059542417526245 425
7.066216945648193 425
7.0722315311431885 425
7.0792906284332275 425
7.085599184036255 425
7.092155456542969 425
7.103548288345337 425
7.110186576843262 425
7.117297649383545 425
7.123345851898193 425
7.129989385604858 425
7.137104749679565 425
7.143074035644531 425
7.149848461151123 425
7.157979965209961 425
7.163953542709351 425
7.170793294906616 425
7.177678108215332 425
7.183692932128906 425
7.1906044483184814 425
7.197508811950684 425
7.204300403594971 425
7.211292266845703 425
7.2181923389434814 425
7.224191188812256 425
7.23106837272644 425
7.243166208267212 425
7.24997615814209 425
7.261022567749023 425
7.271306276321411 425
7.27965235710144 425
7.290915489196777 425
7.297844171524048 425
7.306269645690918 425
7.3146071434021 425
7.3213934898376465 425
7.328860759735107 425
7.336130619049072 425
7.344646453857422 425
7.357316017150879 425
7.3634021282196045 425
7.377844333648682 425
7.383869409561157 425
7.3910071849823 425
7.399072170257568 425
7.408941030502319 425
7.41483473777771 425
7.422248363494873 425
7.432035684585571 425
7.440922260284424 425
7.4495720863342285 425
7.459437370300293 425
7.466116905212402 425
7.472099304199219 425
7.484350681304932 425
7.491245746612549 425
7.4981465339660645 425
7.508210182189941 425
7.514262676239014 425
7.521231651306152 425
7.530125617980957 425
7.5373005867004395 425
7.543379545211792 425
7.5510478019714355 425
7.561325550079346 425
7.570632219314575 425
7.577529191970825 425
7.583531618118286 425
7.591055631637573 425
7.599996328353882 425
7.607138156890869 425
7.613946437835693 425
7.6273932456970215 425
7.633461952209473 425
7.641146898269653 425
7.650203704833984 425
7.657308101654053 425
7.680344343185425 425
7.692205190658569 425
7.701385021209717 425
7.711298704147339 425
7.7213218212127686 425
7.729368448257446 425
7.738178491592407 425
7.748206853866577 425
7.763170003890991 425
7.7708799839019775 425
7.78095006942749 425
7.790037393569946 425
7.799137830734253 425
7.805114984512329 425
7.813753604888916 425
7.823277473449707 425
7.832146406173706 425
7.839226484298706 425
7.845503807067871 425
7.854122638702393 425
7.86107873916626 425
7.869279623031616 425
7.8780152797698975 425
7.887163400650024 425
7.893169641494751 425
7.899784564971924 425
7.909012317657471 425
7.916934013366699 425
7.9228291511535645 425
7.930701971054077 425
7.9398791790008545 425
7.947149276733398 425
7.9531543254852295 425
7.960798978805542 425
7.969902992248535 425
7.97705078125 425
7.984999418258667 425
7.991976976394653 425
7.998989820480347 425
8.00778079032898 425
8.013793230056763 425
8.021483421325684 425
8.02940559387207 425
8.039385557174683 425
8.046268224716187 425
8.054369688034058 425
8.064794778823853 425
8.07286286354065 425
8.07963228225708 425
8.087419509887695 425
8.097980260848999 425
8.104079961776733 425
8.113415956497192 425
8.12116527557373 425
8.1296968460083 425
8.138899803161621 425
8.14481234550476 425
8.151436567306519 425
8.162835836410522 425
8.171048402786255 425
8.180752754211426 425
8.189077615737915 424
8.198027610778809 425
8.204059362411499 424
8.210901498794556 424
8.21876049041748 424
8.227555513381958 424
8.240029335021973 424
8.247749090194702 423
8.257102966308594 423
8.263129472732544 422
8.271498680114746 422
8.287769317626953 421
8.293873310089111 420
8.306102275848389 420
8.312347888946533 419
8.319638967514038 418
8.329639911651611 418
8.33895754814148 417
8.347873449325562 416
8.357527732849121 416
8.366361379623413 415
8.373807191848755 414
8.384656429290771 414
8.391340017318726 413
8.398241996765137 412
8.404252529144287 412
8.412088871002197 411
8.423691749572754 411
8.430612087249756 410
8.439567804336548 410
8.446324110031128 409
8.452348232269287 408
8.459603548049927 408
8.466326475143433 408
8.473686695098877 407
8.480605363845825 406
8.487542152404785 406
8.493587970733643 405
8.500197172164917 405
8.507324457168579 404
8.51338791847229 404
8.519994735717773 403
8.52808403968811 403
8.534119129180908 402
8.541035890579224 402
8.547936916351318 401
8.554012775421143 401
8.56467604637146 400
8.571431875228882 400
8.579650640487671 399
8.586342096328735 398
8.593107461929321 398
8.599715232849121 398
8.60661244392395 397
8.612732410430908 397
8.619521379470825 396
8.628992795944214 396
8.634893655776978 395
8.641517162322998 395
8.648934364318848 394
8.654818058013916 394
8.661415815353394 394
8.668248653411865 393
8.67428469657898 392
8.682167530059814 392
8.689169883728027 392
8.695541858673096 391
8.701985836029053 391
8.709187746047974 390
8.715501070022583 390
8.72212553024292 390
8.729992628097534 389
8.73713994026184 388
8.743285179138184 388
8.7498939037323 388
8.75703763961792 387
8.763063669204712 387
8.769858598709106 386
8.777046203613281 386
8.783862352371216 386
8.790750980377197 385
8.797720909118652 385
8.803804636001587 384
8.810703754425049 384
8.817640542984009 384
8.823646306991577 383
8.83141827583313 383
8.838270902633667 382
8.844319820404053 382
8.851364374160767 382
8.858215570449829 381
8.86426043510437 381
8.87113642692566 380
8.87802767753601 380
8.885126829147339 380
8.892066955566406 379
8.89909553527832 379
8.904974937438965 378
8.911702156066895 378
8.918820858001709 378
8.924778699874878 377
8.93236231803894 377
8.939422130584717 377
8.946081161499023 376
8.952263355255127 376
8.96215295791626 375
8.970072269439697 375
8.977499723434448 374
8.984344005584717 374
8.99135684967041 374
8.998223543167114 374
9.004264831542969 373
9.01131820678711 373
9.018251657485962 372
9.024271965026855 372
9.031156778335571 372
9.03921389579773 372
9.04509162902832 371
9.051850318908691 371
9.058924913406372 370
9.064815044403076 370
9.071717739105225 370
9.078838348388672 370
9.086349487304688 369
9.092374563217163 369
9.099447965621948 368
9.106130838394165 368
9.11233401298523 368
9.119399785995483 368
9.126070022583008 367
9.132238626480103 367
9.140023708343506 367
9.147133350372314 366
9.153124809265137 366
9.159787893295288 366
9.16686725616455 366
9.172832489013672 365
9.179560661315918 365
9.187655925750732 364
9.193675994873047 364
9.200306415557861 364
9.207468509674072 364
9.213496446609497 363
9.22015643119812 363
9.227292537689209 363
9.233359575271606 362
9.247488021850586 362
9.25715970993042 362
9.2677321434021 361
9.274021625518799 361
9.284329414367676 360
9.292326211929321 360
9.299408912658691 360
9.308781862258911 360
9.314699411392212 359
9.321314096450806 359
9.329679727554321 359
9.339678049087524 358
9.346631526947021 358
9.35295844078064 358
9.36414122581482 358
9.371964693069458 357
9.381128072738647 357
9.389332294464111 356
9.397144317626953 356
9.405060291290283 356
9.411841869354248 356
9.418919801712036 356
9.42802381515503 355
9.439259767532349 355
9.448139190673828 354
9.454111337661743 354
9.46110200881958 354
9.469013690948486 354
9.479535341262817 353
9.486244916915894 353
9.497185707092285 353
9.503222942352295 352
9.509875774383545 352
9.517273187637329 352
9.526077508926392 352
9.532060384750366 352
9.53907585144043 351
9.549705743789673 351
9.557473421096802 351
9.566189050674438 351
9.572220802307129 350
9.579288959503174 350
9.587063789367676 350
9.59989857673645 350
9.607754468917847 350
9.61381220817566 349
9.621460914611816 349
9.63087797164917 349
9.637733697891235 348
9.644842863082886 348
9.652034521102905 348
9.670979738235474 348
9.679362297058105 348
9.688328266143799 347
9.69788908958435 347
9.703914403915405 347
9.717147827148438 346
9.723186254501343 346
9.730322122573853 346
9.740218162536621 346
9.749196529388428 346
9.758733034133911 346
9.769715547561646 346
9.77905535697937 346
9.784942150115967 345
9.791991949081421 345
9.800209045410156 345
9.810170412063599 345
9.819201231002808 344
9.82508373260498 344
9.83181357383728 344
9.838833570480347 344
9.846191644668579 344
9.852699995040894 344
9.859549760818481 344
9.866214275360107 344
9.8722083568573 344
9.879265308380127 344
9.885544538497925 343
9.892130136489868 343
9.899782419204712 343
9.907050371170044 343
9.91308331489563 343
9.919722080230713 343
9.926599264144897 343
9.932725191116333 343
9.939554452896118 342
9.946282148361206 342
9.95346736907959 342
9.960102081298828 342
9.96739649772644 342
9.973452091217041 342
9.980679750442505 342
9.988049983978271 342
9.99404525756836 342
