00
0.009395837783813477 0
0.014889240264892578 0
0.022238492965698242 0
0.028796911239624023 2
0.03455352783203125 3
0.04085707664489746 4
0.047502994537353516 6
0.05293083190917969 8
0.0638875961303711 13
0.0714271068572998 17
0.07780694961547852 20
0.0836033821105957 23
0.09011983871459961 27
0.09573602676391602 32
0.10199642181396484 34
0.10860872268676758 40
0.11428976058959961 44
0.12169814109802246 48
0.12854409217834473 53
0.13418364524841309 58
0.14054155349731445 62
0.1465468406677246 66
0.1526045799255371 71
0.1590433120727539 75
0.16482305526733398 80
0.17217779159545898 86
0.17882251739501953 91
0.1845262050628662 96
0.19105172157287598 100
0.19780826568603516 105
0.20358800888061523 110
0.21374964714050293 118
0.22029519081115723 124
0.2277059555053711 129
0.2336583137512207 134
0.2402935028076172 141
0.24588990211486816 146
0.2524564266204834 151
0.2590806484222412 156
0.26482367515563965 161
0.27136754989624023 168
0.27881956100463867 172
0.2844810485839844 178
0.29086971282958984 183
0.2976264953613281 188
0.3030705451965332 193
0.3100316524505615 198
0.3156473636627197 205
0.32190370559692383 210
0.3297100067138672 215
0.3350701332092285 220
0.3415873050689697 225
0.34819626808166504 230
0.35384273529052734 236
0.3602020740509033 241
0.3658444881439209 248
0.3722062110900879 252
0.3799412250518799 258
0.3856372833251953 264
0.392056941986084 270
0.39865708351135254 275
0.40432238578796387 280
0.41074490547180176 285
0.41735267639160156 290
0.42284059524536133 295
0.43137264251708984 301
0.4380178451538086 306
0.4435873031616211 311
0.4500305652618408 315
0.45568203926086426 320
0.4619152545928955 323
0.4685249328613281 329
0.47417664527893066 332
0.48144960403442383 336
0.4882321357727051 341
0.4938666820526123 343
0.5002884864807129 347
0.505889892578125 350
0.5121614933013916 352
0.5189886093139648 355
0.5247540473937988 358
0.5320034027099609 360
0.5386409759521484 362
0.5442814826965332 364
0.550788402557373 366
0.5574309825897217 367
0.5628938674926758 368
0.5696306228637695 369
0.575035810470581 370
0.582467794418335 371
0.5889101028442383 372
0.594569206237793 372
0.6009118556976318 373
0.6075155735015869 373
0.6176886558532715 374
0.623624324798584 374
0.6309850215911865 374
0.6376335620880127 373
0.6435651779174805 373
0.6501674652099609 373
0.6557958126068115 372
0.6620151996612549 372
0.668799638748169 372
0.6744177341461182 372
0.6818149089813232 371
0.6884341239929199 371
0.6941092014312744 370
0.7005085945129395 370
0.7064657211303711 370
0.7125890254974365 369
0.719031572341919 369
0.7248117923736572 368
0.7324562072753906 368
0.7389180660247803 368
0.7445683479309082 368
0.7508895397186279 367
0.7575201988220215 367
0.7629730701446533 366
0.7697243690490723 366
0.7750842571258545 366
0.7827813625335693 366
0.7897195816040039 365
0.7950849533081055 365
0.8015427589416504 365
0.8081567287445068 364
0.8137571811676025 364
0.8201885223388672 364
0.8259079456329346 364
0.8333640098571777 364
0.8399145603179932 364
0.8455379009246826 364
0.8519339561462402 364
0.8585104942321777 364
0.8641049861907959 363
0.8704540729522705 363
0.8760449886322021 363
0.8835837841033936 363
0.8900096416473389 363
0.8956480026245117 363
0.9028787612915039 363
0.9098079204559326 363
0.9154071807861328 363
0.9216392040252686 363
0.9282758235931396 363
0.9347245693206787 363
0.9409680366516113 363
0.9475419521331787 363
0.9529938697814941 363
0.959758996963501 363
0.9650747776031494 363
0.9716856479644775 363
0.9782834053039551 363
0.9847135543823242 363
0.9909417629241943 363
0.9975247383117676 363
1.0029430389404297 363
1.0096418857574463 363
1.0198116302490234 363
1.025414228439331 363
1.0318944454193115 363
1.039902687072754 363
1.0455079078674316 363
1.051725149154663 363
1.058335304260254 363
1.0639171600341797 363
1.0702710151672363 363
1.0758593082427979 363
1.0820379257202148 363
1.0899951457977295 363
1.0956058502197266 363
1.1018171310424805 363
1.1083877086639404 363
1.1139435768127441 363
1.120293378829956 363
1.1258785724639893 363
1.1320462226867676 363
1.1398894786834717 363
1.145475149154663 363
1.1519062519073486 363
1.1585009098052979 363
1.1640753746032715 363
1.1705782413482666 363
1.176563024520874 363
1.1825926303863525 363
1.1900312900543213 363
1.1956303119659424 363
1.2018206119537354 363
1.2085819244384766 363
1.2142186164855957 363
1.2205355167388916 363
1.2264893054962158 363
1.2324700355529785 363
1.2400543689727783 363
1.2456543445587158 363
1.251889705657959 363
1.258453607559204 363
1.2640721797943115 363
1.270587682723999 363
1.2765498161315918 363
1.2824935913085938 363
1.2900516986846924 363
1.2956862449645996 363
1.3021321296691895 363
1.3086774349212646 363
1.3142969608306885 363
1.3206148147583008 363
1.3269603252410889 363
1.33278226852417 363
1.3401691913604736 363
1.3458006381988525 363
1.3519887924194336 363
1.3586070537567139 363
1.364206075668335 363
1.3705320358276367 363
1.3764564990997314 363
1.3823628425598145 363
1.389045238494873 363
1.3958141803741455 363
1.4019920825958252 363
1.408536672592163 363
1.4184455871582031 363
1.4240753650665283 363
1.4306702613830566 363
1.4370238780975342 363
1.4440362453460693 363
1.4505393505096436 363
1.456526279449463 363
1.4625904560089111 363
1.4693892002105713 363
1.4748854637145996 363
1.4811170101165771 363
1.487715244293213 363
1.4943161010742188 363
1.500716209411621 363
1.507084608078003 363
1.5129168033599854 363
1.5195982456207275 363
1.5249669551849365 363
1.531435251235962 363
1.5377700328826904 363
1.5447587966918945 363
1.5509755611419678 363
1.5575957298278809 363
1.563422679901123 363
1.5700514316558838 363
1.5756540298461914 363
1.5818941593170166 363
1.5885024070739746 363
1.5950002670288086 363
1.601440191268921 363
1.6078035831451416 363
1.613572359085083 363
1.6200008392333984 363
1.6255919933319092 363
1.6319727897644043 363
1.6385259628295898 363
1.6450128555297852 363
1.6514649391174316 363
1.658055067062378 363
1.663604974746704 363
1.670003890991211 363
1.6756110191345215 363
1.6818077564239502 363
1.6885497570037842 363
1.6941535472869873 363
1.7014336585998535 363
1.7078075408935547 363
1.7135579586029053 363
1.719954490661621 363
1.7255923748016357 363
1.7317986488342285 363
1.7383599281311035 363
1.7439303398132324 363
1.751084566116333 363
1.7577369213104248 363
1.7634949684143066 363
1.7698919773101807 363
1.7754671573638916 363
1.7816953659057617 363
1.788344144821167 363
1.7939174175262451 363
1.8010118007659912 363
1.8075993061065674 363
1.8135151863098145 363
1.8238201141357422 363
1.830331563949585 363
1.8359289169311523 363
1.842465877532959 363
1.8501389026641846 363
1.8557124137878418 363
1.8619437217712402 363
1.8686854839324951 363
1.8743095397949219 363
1.8806183338165283 363
1.8869493007659912 363
1.892587423324585 363
1.9001917839050293 363
1.9075024127960205 363
1.9129552841186523 363
1.919611930847168 363
1.9249660968780518 363
1.9316203594207764 363
1.9382004737854004 363
1.9438018798828125 363
1.9510595798492432 363
1.957737922668457 363
1.9634010791778564 363
1.9698741436004639 363
1.975480556488037 363
1.9817314147949219 363
1.988499402999878 363
1.994081974029541 363
2.002840757369995 363
2.009469747543335 363
2.014906883239746 363
2.021371364593506 363
2.0277292728424072 363
2.0334084033966064 363
2.039944887161255 363
2.0455172061920166 363
2.052938461303711 363
2.0596330165863037 363
2.0649361610412598 363
2.0714120864868164 363
2.0777597427368164 363
2.083651065826416 363
2.090179204940796 363
2.0957422256469727 363
2.1029980182647705 363
2.1100361347198486 363
2.115654230117798 363
2.1218905448913574 363
2.1284682750701904 363
2.1340725421905518 363
2.1404130458831787 363
2.146007537841797 363
2.153111696243286 363
2.159883737564087 363
2.1654748916625977 363
2.171933174133301 363
2.1784989833831787 363
2.184114694595337 363
2.190443515777588 363
2.1960158348083496 363
2.2022011280059814 363
2.2100508213043213 363
2.2199292182922363 363
2.2255289554595947 363
2.232008695602417 363
2.23870849609375 363
2.244325637817383 363
2.2507920265197754 363
2.2584104537963867 363
2.2640249729156494 363
2.2704248428344727 363
2.276026725769043 363
2.2822375297546387 363
2.288972854614258 363
2.2945730686187744 363
2.308133840560913 363
2.313765048980713 363
2.320117950439453 363
2.325721502304077 363
2.331944465637207 363
2.3386855125427246 363
2.344306468963623 363
2.350745677947998 363
2.358391284942627 363
2.364051580429077 363
2.370469570159912 363
2.37605881690979 363
2.3824098110198975 363
2.388859748840332 363
2.3944661617279053 363
2.4008002281188965 363
2.408297300338745 363
2.4140467643737793 363
2.4204015731811523 363
2.426021099090576 363
2.432215452194214 363
2.4388089179992676 363
2.4444730281829834 363
2.45085072517395 363
2.457446813583374 363
2.463956117630005 363
2.470529079437256 363
2.4765100479125977 363
2.4825315475463867 363
2.4889583587646484 363
2.4946773052215576 363
2.500920534133911 363
2.5076112747192383 363
2.5142171382904053 363
2.5205729007720947 363
2.5265681743621826 363
2.5328032970428467 363
2.539433717727661 363
2.5449070930480957 363
2.5513553619384766 363
2.557797908782959 363
2.5643041133880615 363
2.5706393718719482 363
2.5770046710968018 363
2.582714319229126 363
2.5896406173706055 363
2.594977617263794 363
2.6016345024108887 363
2.6082170009613037 363
2.6147704124450684 363
2.6245815753936768 363
2.6310629844665527 363
2.637698173522949 363
2.643617868423462 363
2.6502859592437744 363
2.655890703201294 363
2.6634035110473633 363
2.669905662536621 363
2.675520181655884 363
2.6817753314971924 363
2.688401937484741 363
2.6940200328826904 363
2.7003862857818604 363
2.7059953212738037 363
2.7136547565460205 363
2.7201077938079834 363
2.725694417953491 363
2.7321367263793945 363
2.738719940185547 363
2.7443249225616455 363
2.750659227371216 363
2.7570478916168213 363
2.763917922973633 363
2.7704524993896484 363
2.776048183441162 363
2.782365560531616 363
2.788883686065674 363
2.794497013092041 363
2.80084228515625 363
2.8074429035186768 363
2.814016580581665 363
2.8204007148742676 363
2.826016426086426 363
2.83260440826416 363
2.839001417160034 363
2.844750165939331 363
2.850980520248413 363
2.857614278793335 363
2.8635122776031494 363
2.8707070350646973 363
2.877091407775879 363
2.882723331451416 363
2.8895633220672607 363
2.894925594329834 363
2.9021756649017334 363
2.9087612628936768 363
2.9143753051757812 363
2.921679735183716 363
2.9282569885253906 363
2.933908700942993 363
2.9408679008483887 363
2.947467803955078 363
2.9530467987060547 363
2.959770679473877 363
2.965113878250122 363
2.972184896469116 363
2.978754758834839 363
2.9843900203704834 363
2.990903854370117 363
2.9975147247314453 363
3.0029261112213135 363
3.0097947120666504 363
3.015381097793579 363
3.0270988941192627 363
3.032928228378296 363
3.039808750152588 363
3.0454111099243164 363
3.0517702102661133 363
3.0583460330963135 363
3.063934803009033 363
3.0714194774627686 363
3.077775716781616 363
3.083538293838501 363
3.09004807472229 363
3.0956571102142334 363
3.1019046306610107 363
3.10847806930542 363
3.11415433883667 363
3.121588945388794 363
3.128373146057129 363
3.1339735984802246 363
3.140319585800171 363
3.1459126472473145 363
3.1521613597869873 363
3.158747434616089 363
3.1643431186676025 363
3.1718339920043945 363
3.1784424781799316 363
3.1841001510620117 363
3.190585136413574 363
3.196535110473633 363
3.2025129795074463 363
3.208925485610962 363
3.2145609855651855 363
3.221905469894409 363
3.228490114212036 363
3.2341148853302 363
3.2404561042785645 363
3.2460715770721436 363
3.2527318000793457 363
3.259121894836426 363
3.26481294631958 363
3.2710492610931396 363
3.278644561767578 363
3.2842695713043213 363
3.290584087371826 363
3.2965455055236816 363
3.302605152130127 363
3.3094382286071777 363
3.3148536682128906 363
3.321054697036743 363
3.3287203311920166 363
3.334336280822754 363
3.3406925201416016 363
3.347081422805786 363
3.352764129638672 363
3.3593826293945312 363
3.364851951599121 363
3.371455669403076 363
3.379000425338745 363
3.38470196723938 363
3.390977144241333 363
3.397587299346924 363
3.4030072689056396 363
3.409759759902954 363
3.415404796600342 363
3.4274656772613525 363
3.433393716812134 363
3.4400529861450195 363
3.44568133354187 363
3.4520533084869385 363
3.458634376525879 363
3.464294910430908 363
3.4706361293792725 363
3.4782164096832275 363
3.4838290214538574 363
3.4903557300567627 363
3.495969772338867 363
3.5021920204162598 363
3.50895094871521 363
3.514671564102173 363
3.5208895206451416 363
3.5284366607666016 363
3.534044027328491 363
3.5403785705566406 363
3.5460045337677 363
3.552583694458008 363
3.5589985847473145 363
3.564711570739746 363
3.5709400177001953 363
3.578571081161499 363
3.584212064743042 363
3.5905725955963135 363
3.5965309143066406 363
3.602583408355713 363
3.6093993186950684 363
3.614910840988159 363
3.6214041709899902 363
3.6287078857421875 363
3.6343393325805664 363
3.6408228874206543 363
3.647465229034424 363
3.652895212173462 363
3.6595704555511475 363
3.664933204650879 363
3.6715683937072754 363
3.67817759513855 363
3.6845574378967285 363
3.690915107727051 363
3.6974949836730957 363
3.7029778957366943 363
3.709712266921997 363
3.7150683403015137 363
3.721534252166748 363
3.7282896041870117 363
3.734806537628174 363
3.7410380840301514 363
3.747645139694214 363
3.753065824508667 363
3.7598087787628174 363
3.7653467655181885 363
3.7718148231506348 363
3.778402090072632 363
3.7849385738372803 363
3.7916576862335205 363
3.79826283454895 363
3.803882598876953 363
3.810265302658081 363
3.815901756286621 363
3.825988292694092 363
3.833759307861328 363
3.8402795791625977 363
3.8458924293518066 363
3.8525946140289307 363
3.859037160873413 363
3.864750623703003 363
3.8709964752197266 363
3.8776016235351562 363
3.8842055797576904 363
3.890554189682007 363
3.8965413570404053 363
3.90391206741333 363
3.9104278087615967 363
3.9160187244415283 363
3.922246217727661 363
3.9288439750671387 363
3.9356231689453125 363
3.9418768882751465 363
3.948439598083496 363
3.9540488719940186 363
3.960397243499756 363
3.966005563735962 363
3.972505807876587 363
3.9789488315582275 363
3.9856650829315186 363
3.991917371749878 363
3.998486280441284 363
4.004110097885132 363
4.010494232177734 363
4.016497611999512 363
4.022523880004883 363
4.029117584228516 363
4.035779714584351 363
4.041998386383057 363
4.048592567443848 363
4.054214239120483 363
4.0605432987213135 363
4.0665037631988525 363
4.072479486465454 363
4.078916072845459 363
4.085689306259155 363
4.09220290184021 363
4.098789215087891 363
4.104449272155762 363
4.1108012199401855 363
4.117382764816284 363
4.1228413581848145 363
4.129591226577759 363
4.135873317718506 363
4.142157316207886 363
4.14885687828064 363
4.154463529586792 363
4.160966634750366 363
4.167589902877808 363
4.173027276992798 363
4.1797308921813965 363
4.185075283050537 363
4.192368030548096 363
4.198842287063599 363
4.204462766647339 363
4.2109644412994385 363
4.217614412307739 363
4.22822904586792 363
4.2338762283325195 363
4.2410643100738525 363
4.247755765914917 363
4.253636837005615 363
4.260073184967041 363
4.265671730041504 363
4.272030591964722 363
4.278655290603638 363
4.284257173538208 363
4.291814088821411 363
4.298380613327026 363
4.305529594421387 363
4.3117835521698 363
4.318351745605469 363
4.323948621749878 363
4.33045506477356 363
4.336026430130005 363
4.343589782714844 363
4.350017547607422 363
4.355635166168213 363
4.361898899078369 363
4.368464469909668 363
4.374066591262817 363
4.380420446395874 363
4.386014461517334 363
4.393645286560059 363
4.400105237960815 363
4.405673980712891 363
4.411931276321411 363
4.41870379447937 363
4.424322128295898 363
4.430644989013672 363
4.436997890472412 363
4.443856239318848 363
4.450401544570923 363
4.455989837646484 363
4.462212085723877 363
4.468812465667725 363
4.474457502365112 363
4.480790376663208 363
4.487355709075928 363
4.494003772735596 363
4.500353574752808 363
4.505966424942017 363
4.512511253356934 363
4.518937826156616 363
4.524554014205933 363
4.530883073806763 363
4.537498235702515 363
4.544094562530518 363
4.550611257553101 363
4.5569398403167725 363
4.562698841094971 363
4.569561004638672 363
4.574914216995239 363
4.581399202346802 363
4.587767839431763 363
4.594425439834595 363
4.6007421016693115 363
4.60710597038269 363
4.612794876098633 363
4.619396448135376 363
4.629770040512085 363
4.6353538036346436 363
4.641759395599365 363
4.654557466506958 363
4.660908222198486 363
4.667591571807861 363
4.67303991317749 363
4.6799116134643555 363
4.685554265975952 363
4.691975116729736 363
4.699631452560425 363
4.705017566680908 363
4.711532115936279 363
4.7181007862091064 363
4.723640203475952 363
4.730093240737915 363
4.735719442367554 363
4.741938352584839 363
4.749668598175049 363
4.7550048828125 363
4.761548757553101 363
4.76812744140625 363
4.773742914199829 363
4.780108213424683 363
4.785686492919922 363
4.79193115234375 363
4.79956316947937 363
4.804924488067627 363
4.811577081680298 363
4.818235635757446 363
4.823838472366333 363
4.830199480056763 363
4.835824489593506 363
4.842014312744141 363
4.849724769592285 363
4.855100631713867 363
4.861515045166016 363
4.868223667144775 363
4.873874187469482 363
4.880289316177368 363
4.885883331298828 363
4.892139911651611 363
4.8998448848724365 363
4.906544923782349 363
4.912590503692627 363
4.919012784957886 363
4.924730539321899 363
4.931383848190308 363
4.937772035598755 363
4.943666934967041 363
4.950908660888672 363
4.957526445388794 363
4.9629762172698975 363
4.969714403152466 363
4.975071907043457 363
4.981542110443115 363
4.988278388977051 363
4.993910074234009 363
5.001005411148071 363
5.007637977600098 363
5.0130462646484375 363
5.019796133041382 363
5.029747724533081 363
5.035095930099487 363
5.041699647903442 363
5.048603773117065 363
5.055122375488281 363
5.065640926361084 363
5.072054386138916 363
5.078623056411743 363
5.084223747253418 363
5.090651512145996 363
5.096987724304199 363
5.103844404220581 363
5.110360860824585 363
5.11597752571106 363
5.1222243309021 363
5.1288251876831055 363
5.134475469589233 363
5.14080810546875 363
5.147394180297852 363
5.154029607772827 363
5.160412073135376 363
5.165999412536621 363
5.172499418258667 363
5.178960800170898 363
5.184673309326172 363
5.190938949584961 363
5.197510719299316 363
5.204243898391724 363
5.210597038269043 363
5.217007398605347 363
5.222659111022949 363
5.229480743408203 363
5.234881162643433 363
5.241121768951416 363
5.247757196426392 363
5.2533910274505615 363
5.260692358016968 363
5.267085552215576 363
5.272824287414551 363
5.279447317123413 363
5.284894704818726 363
5.291518449783325 363
5.298077821731567 363
5.303667306900024 363
5.310759782791138 363
5.3171021938323975 363
5.3227338790893555 363
5.329669713973999 363
5.335029363632202 363
5.341494560241699 363
5.348224878311157 363
5.353839874267578 363
5.360939979553223 363
5.367560386657715 363
5.372996807098389 363
5.379721641540527 363
5.385052442550659 363
5.391529083251953 363
5.398120164871216 363
5.403650522232056 363
5.410884618759155 363
5.4175310134887695 363
5.422989368438721 363
5.43310022354126 363
5.439963340759277 363
5.445849180221558 363
5.45282244682312 363
5.460552453994751 363
5.466562986373901 363
5.472773313522339 363
5.479114532470703 363
5.484842300415039 363
5.491068124771118 363
5.497791528701782 363
5.503555059432983 363
5.51076865196228 363
5.517340183258057 363
5.522778511047363 363
5.52965784072876 363
5.535020351409912 363
5.5414628982543945 363
5.548082113265991 363
5.553613185882568 363
5.560831308364868 363
5.567469120025635 363
5.572878837585449 363
5.579586029052734 363
5.584967374801636 363
5.5916337966918945 363
5.598209381103516 363
5.603880167007446 363
5.610978126525879 363
5.617625713348389 363
5.623034954071045 363
5.629744052886963 363
5.6350743770599365 363
5.64154577255249 363
5.6482932567596436 363
5.653907060623169 363
5.660273313522339 363
5.667659282684326 363
5.673110723495483 363
5.679830312728882 363
5.685442686080933 363
5.691646099090576 363
5.699712753295898 363
5.710780382156372 363
5.718453884124756 363
5.724105596542358 363
5.730469465255737 363
5.736039876937866 363
5.742363214492798 363
5.748836994171143 363
5.754477500915527 363
5.760833263397217 363
5.768692255020142 363
5.774334669113159 363
5.780663251876831 363
5.787064790725708 363
5.7927446365356445 363
5.799102544784546 363
5.804789781570435 363
5.811060905456543 363
5.818691253662109 363
5.824325799942017 363
5.834499835968018 363
5.841015815734863 363
5.8475916385650635 363
5.853607177734375 363
5.860205173492432 363
5.86759352684021 363
5.873026132583618 363
5.879748344421387 363
5.885080814361572 363
5.891678810119629 363
5.898275136947632 363
5.904717445373535 363
5.9109532833099365 363
5.918604373931885 363
5.9242682456970215 363
5.930578708648682 363
5.936535120010376 363
5.942611217498779 363
5.949437379837036 363
5.95493221282959 363
5.961408615112305 363
5.968710422515869 363
5.974323511123657 363
5.9808127880096436 363
5.987405061721802 363
5.992842674255371 363
5.999562501907349 363
6.004922866821289 363
6.011590957641602 363
6.01897668838501 363
6.0246782302856445 363
6.030892372131348 363
6.037499904632568 363
6.042928457260132 363
6.049605369567871 363
6.0549585819244385 363
6.061410427093506 363
6.0687384605407715 363
6.0743608474731445 363
6.080658912658691 363
6.08699631690979 363
6.09281325340271 363
6.0994603633880615 363
6.104900360107422 363
6.111537933349609 363
6.118807792663574 363
6.1245033740997314 363
6.131019353866577 363
6.137614011764526 363
6.1430442333221436 363
6.1498191356658936 363
6.155479192733765 363
6.161683797836304 363
6.168262004852295 363
6.174748659133911 363
6.1809892654418945 363
6.187608957290649 363
6.193509101867676 363
6.19988226890564 363
6.205493450164795 363
6.211754083633423 363
6.2183568477630615 363
6.22484278678894 363
6.234886646270752 363
6.2416603565216064 363
6.248515844345093 363
6.254116058349609 363
6.260587692260742 363
6.266577243804932 363
6.273783922195435 363
6.2801313400268555 363
6.28580379486084 363
6.292015314102173 363
6.298657655715942 363
6.304284334182739 363
6.310766935348511 363
6.317343235015869 363
6.32398796081543 363
6.33031439781189 363
6.3359034061431885 363
6.342470169067383 363
6.348917484283447 363
6.354552507400513 363
6.360871076583862 363
6.367452383041382 363
6.374238729476929 363
6.380640268325806 363
6.3870179653167725 363
6.392660856246948 363
6.399049282073975 363
6.404773950576782 363
6.411022424697876 363
6.417616367340088 363
6.424249172210693 363
6.430750608444214 363
6.437092065811157 363
6.442779302597046 363
6.449123382568359 363
6.454818964004517 363
6.4610595703125 363
6.467724084854126 363
6.47434139251709 363
6.480660438537598 363
6.487000465393066 363
6.492818593978882 363
6.499743700027466 363
6.505085706710815 363
6.511529207229614 363
6.518080949783325 363
6.523621082305908 363
6.5307934284210205 363
6.537383556365967 363
6.542813539505005 363
6.5496439933776855 363
6.555047988891602 363
6.56149959564209 363
6.568069696426392 363
6.573639154434204 363
6.581037998199463 363
6.58766508102417 363
6.593090772628784 363
6.599783182144165 363
6.605118989944458 363
6.611727714538574 363
6.618342638015747 363
6.623934507369995 363
6.634758710861206 363
6.6414055824279785 363
6.647791624069214 363
6.655343055725098 363
6.661713361740112 363
6.668515920639038 363
6.674147605895996 363
6.681493520736694 363
6.688076019287109 363
6.693630695343018 363
6.700102806091309 363
6.705695152282715 363
6.711940765380859 363
6.718526601791382 363
6.724134922027588 363
6.731607675552368 363
6.738204479217529 363
6.743831634521484 363
6.7501795291900635 363
6.755836009979248 363
6.7622106075286865 363
6.76881217956543 363
6.774404287338257 363
6.78175163269043 363
6.788505554199219 363
6.794089078903198 363
6.800449848175049 363
6.8060386180877686 363
6.812264919281006 363
6.818871736526489 363
6.824499845504761 363
6.83190393447876 363
6.838485956192017 363
6.844097137451172 363
6.85060977935791 363
6.856976509094238 363
6.8626344203948975 363
6.86907696723938 363
6.874792575836182 363
6.882101535797119 363
6.888838052749634 363
6.894463777542114 363
6.901748180389404 363
6.908512830734253 363
6.914108514785767 363
6.920503377914429 363
6.926454067230225 363
6.93363618850708 363
6.9400835037231445 363
6.945671796798706 363
6.951890707015991 363
6.9584550857543945 363
6.964063405990601 363
6.970553159713745 363
6.976541042327881 363
6.983622074127197 363
6.990063905715942 363
6.995642423629761 363
7.001850128173828 363
7.008438587188721 363
7.014088153839111 363
7.020606756210327 363
7.026944398880005 363
7.043510913848877 363
7.050124406814575 363
7.0556957721710205 363
7.062140703201294 363
7.068740367889404 363
7.074388027191162 363
7.080718278884888 363
7.088446140289307 363
7.0941572189331055 363
7.100575685501099 363
7.106561183929443 363
7.112515449523926 363
7.118928909301758 363
7.124541759490967 363
7.1308958530426025 363
7.138577699661255 363
7.14418888092041 363
7.150765419006348 363
7.157347202301025 363
7.162775039672852 363
7.169391632080078 363
7.174838542938232 363
7.1810431480407715 363
7.18864369392395 363
7.1942548751831055 363
7.2005836963653564 363
7.2069807052612305 363
7.212825775146484 363
7.21957540512085 363
7.224924325942993 363
7.231419801712036 363
7.238712310791016 363
7.244363307952881 363
7.2506725788116455 363
7.257021188735962 363
7.262664079666138 363
7.269607305526733 363
7.274961471557617 363
7.2816267013549805 363
7.288896083831787 363
7.294503450393677 363
7.3008811473846436 363
7.307482957839966 363
7.312930107116699 363
7.319622993469238 363
7.324977874755859 363
7.331617832183838 363
7.339048147201538 363
7.344764947891235 363
7.351008415222168 363
7.357650995254517 363
7.363091707229614 363
7.369795799255371 363
7.375401496887207 363
7.381608963012695 363
7.38836932182312 363
7.39487886428833 363
7.40109920501709 363
7.40770697593689 363
7.413652181625366 363
7.420133113861084 363
7.425694227218628 363
7.4350080490112305 363
7.4437642097473145 363
7.450395345687866 363
7.456003189086914 363
7.462506055831909 363
7.468938112258911 363
7.4745588302612305 363
7.480896711349487 363
7.487498998641968 363
7.494136571884155 363
7.500561952590942 363
7.506568908691406 363
7.512752532958984 363
7.519101142883301 363
7.524804592132568 363
7.5310821533203125 363
7.537729978561401 363
7.544536828994751 363
7.550884008407593 363
7.5575270652771 363
7.562969207763672 363
7.569829702377319 363
7.57543420791626 363
7.581642150878906 363
7.588279962539673 363
7.594768524169922 363
7.601043939590454 363
7.607698678970337 363
7.613398790359497 363
7.619878768920898 363
7.6254723072052 363
7.631938457489014 363
7.638487100601196 363
7.644978046417236 363
7.651407241821289 363
7.6577699184417725 363
7.663523435592651 363
7.670117616653442 363
7.6757001876831055 363
7.681906223297119 363
7.6886305809021 363
7.695342540740967 363
7.7016072273254395 363
7.708198547363281 363
7.713794708251953 363
7.7201762199401855 363
7.725783586502075 363
7.73201322555542 363
7.738574981689453 363
7.745030164718628 363
7.751691818237305 363
7.758336305618286 363
7.763936281204224 363
7.7702696323394775 363
7.775877952575684 363
7.782056093215942 363
7.7886552810668945 363
7.794220685958862 363
7.801684617996216 363
7.808430194854736 363
7.814086675643921 363
7.820441246032715 363
7.830126762390137 363
7.84020733833313 363
7.847461700439453 363
7.853406190872192 363
7.860056638717651 363
7.865663766860962 363
7.8720924854278564 363
7.8786656856536865 363
7.884293079376221 363
7.890600919723511 363
7.8981945514678955 363
7.9045703411102295 363
7.910902261734009 363
7.917493104934692 363
7.922919034957886 363
7.929820537567139 363
7.935449838638306 363
7.941674470901489 363
7.949921369552612 363
7.955562353134155 363
7.96178674697876 363
7.9683942794799805 363
7.974026203155518 363
7.98037314414978 363
7.985980749130249 363
7.992595672607422 363
8.000140905380249 363
8.00571322441101 363
8.01195502281189 363
8.018516302108765 363
8.024131774902344 363
8.030469179153442 363
8.03603720664978 363
8.042357683181763 363
8.050061464309692 363
8.05573034286499 363
8.062135457992554 363
8.068732500076294 363
8.074325561523438 363
8.080653429031372 363
8.087002992630005 363
8.092806339263916 363
8.099485874176025 363
8.10598635673523 363
8.112522840499878 363
8.118955612182617 363
8.124678611755371 363
8.13091492652893 363
8.13758659362793 363
8.143002271652222 363
8.149775981903076 363
8.156538963317871 363
8.162497997283936 363
8.169072389602661 363
8.174793243408203 363
8.181055068969727 363
8.187692403793335 363
8.193606853485107 363
8.200052976608276 363
8.207383632659912 363
8.212844133377075 363
8.219578981399536 363
8.22493863105774 363
8.231626272201538 363
8.241781949996948 363
8.24851131439209 363
8.255011796951294 363
8.261673927307129 363
8.26831340789795 363
8.273910999298096 363
8.280282258987427 363
8.285872459411621 363
8.292242765426636 363
8.298832654953003 363
8.305603981018066 363
8.311806917190552 363
8.31853437423706 363
8.324163436889648 363
8.330525875091553 363
8.33649730682373 363
8.342506408691406 363
8.3490731716156 363
8.355838775634766 363
8.362032890319824 363
8.368624448776245 363
8.374241352081299 363
8.380585432052612 363
8.38697624206543 363
8.392637014389038 363
8.399025201797485 363
8.405734539031982 363
8.41219425201416 363
8.4187753200531 363
8.424392461776733 363
8.430691719055176 363
8.437060117721558 363
8.442816734313965 363
8.44975733757019 363
8.455927848815918 363
8.462233781814575 363
8.468995809555054 363
8.474714994430542 363
8.480934381484985 363
8.487517356872559 363
8.49294400215149 363
8.499690294265747 363
8.505028009414673 363
8.512428045272827 363
8.518872737884521 363
8.524477481842041 363
8.53107738494873 363
8.537695169448853 363
8.54338550567627 363
8.549846172332764 363
8.555473327636719 363
8.562684774398804 363
8.569059610366821 363
8.57478380203247 363
8.581444263458252 363
8.5878164768219 363
8.593802690505981 363
8.600125074386597 363
8.605726480484009 363
8.612990140914917 363
8.619702339172363 363
8.625051021575928 363
8.631521224975586 363
8.641705751419067 363
8.648558855056763 363
8.654165744781494 363
8.66170334815979 363
8.668506860733032 363
8.67410683631897 363
8.680452585220337 363
8.686055183410645 363
8.692424058914185 363
8.698908567428589 363
8.704541206359863 363
8.712181091308594 363
8.718754768371582 363
8.724387407302856 363
8.730687618255615 363
8.737064123153687 363
8.742816925048828 363
8.749465942382812 363
8.754960298538208 363
8.762427568435669 363
8.769044876098633 363
8.774794816970825 363
8.78103232383728 363
8.787713527679443 363
8.793376684188843 363
8.799883604049683 363
8.80550217628479 363
8.81261157989502 363
8.819020748138428 363
8.824723482131958 363
8.831118822097778 363
8.837765216827393 363
8.843756914138794 363
8.850135803222656 363
8.855716228485107 363
8.862909078598022 363
8.869638919830322 363
8.874987363815308 363
8.8814377784729 363
8.887791633605957 363
8.893744945526123 363
8.900127410888672 363
8.90739130973816 363
8.913905143737793 363
8.920268535614014 363
8.925904750823975 363
8.932147741317749 363
8.938722133636475 363
8.944334983825684 363
8.950855255126953 363
8.957505702972412 363
8.96293330192566 363
8.970517635345459 363
8.976498126983643 363
8.98247241973877 363
8.988922595977783 363
8.994560956954956 363
9.00088357925415 363
9.00749945640564 363
9.013373374938965 363
9.020689964294434 363
9.027081727981567 363
9.032778024673462 363
9.044269323348999 363
9.050728559494019 363
9.057092189788818 363
9.062914848327637 363
9.070612907409668 363
9.076970100402832 363
9.082620859146118 363
9.089107990264893 363
9.094786643981934 363
9.101456880569458 363
9.108026266098022 363
9.113581418991089 363
9.120754718780518 363
9.127355813980103 363
9.132957935333252 363
9.139884233474731 363
9.145505905151367 363
9.151715755462646 363
9.158337354660034 363
9.163933038711548 363
9.170874118804932 363
9.177476406097412 363
9.182950735092163 363
9.189818620681763 363
9.195448160171509 363
9.201674461364746 363
9.208250522613525 363
9.213939666748047 363
9.22093677520752 363
9.227545261383057 363
9.23338270187378 363
9.23984146118164 363
9.245471715927124 363
9.251866340637207 363
9.25844120979309 363
9.264068603515625 363
9.27141261100769 363
9.277790069580078 363
9.283515214920044 363
9.289917230606079 363
9.295509099960327 363
9.301891088485718 363
9.308621883392334 363
9.314260721206665 363
9.321494102478027 363
9.328104496002197 363
9.333669185638428 363
9.340102195739746 363
9.345693826675415 363
9.351914644241333 363
9.358671426773071 363
9.364327669143677 363
9.371845245361328 363
9.37846827507019 363
9.384082555770874 363
9.390461206436157 363
9.396039962768555 363
9.402260303497314 363
9.408843755722046 363
9.414488315582275 363
9.421869039535522 363
9.43395447731018 363
9.443990468978882 363
9.450442552566528 363
9.456051111221313 363
9.462625503540039 363
9.469560861587524 363
9.476011037826538 363
9.482211351394653 363
9.489002466201782 363
9.494753122329712 363
9.50098967552185 363
9.507601499557495 363
9.51301908493042 363
9.519745349884033 363
9.52657413482666 363
9.532623767852783 363
9.539471864700317 363
9.544934034347534 363
9.551603555679321 363
9.558207035064697 363
9.563807725906372 363
9.570147275924683 363
9.577483892440796 363
9.58294677734375 363
9.589661359786987 363
9.5950288772583 363
9.601499795913696 363
9.608239889144897 363
9.613893747329712 363
9.620404720306396 363
9.628057479858398 363
9.633623600006104 363
9.640078783035278 363
9.645697593688965 363
9.651904344558716 363
9.658499479293823 363
9.664150714874268 363
9.670655250549316 363
9.67828917503357 363
9.683895826339722 363
9.690258026123047 363
9.69585394859314 363
9.702075242996216 363
9.708646059036255 363
9.714282751083374 363
9.720590829849243 363
9.728371381759644 363
9.734031915664673 363
9.74040675163269 363
9.746027946472168 363
9.752603530883789 363
9.759021997451782 363
9.764766693115234 363
9.77096939086914 363
9.77840256690979 363
9.784065246582031 363
9.79059386253357 363
9.796948432922363 363
9.802619218826294 363
9.809035778045654 363
9.81474494934082 363
9.821004390716553 363
9.827621459960938 363
9.834145545959473 363
9.844242572784424 363
9.850854873657227 363
9.857473134994507 363
9.863073825836182 363
9.869961023330688 363
9.875592470169067 363
9.88295841217041 363
9.889647483825684 363
9.895006895065308 363
9.90236234664917 363
9.909029245376587 363
9.914737939834595 363
9.920944929122925 363
9.927557229995728 363
9.934083938598633 363
9.940456867218018 363
9.9460608959198 363
9.952453851699829 363
9.958921194076538 363
9.96454668045044 363
9.971036911010742 363
9.977648496627808 363
9.98433542251587 363
9.990687131881714 363
9.997068166732788 363
