00
0.009301185607910156 0
0.014853239059448242 0
0.020955801010131836 0
0.028688430786132812 1
0.03411698341369629 2
0.04117417335510254 4
0.047646522521972656 7
0.053156137466430664 8
0.05945944786071777 11
0.0650322437286377 14
0.07119059562683105 16
0.07869338989257812 20
0.08409452438354492 24
0.09514760971069336 31
0.10148954391479492 35
0.10821413993835449 39
0.11393356323242188 43
0.12065935134887695 47
0.1279585361480713 52
0.13353800773620605 57
0.13984394073486328 61
0.14577293395996094 66
0.15196824073791504 70
0.1583390235900879 74
0.16397452354431152 79
0.170210599899292 84
0.17677950859069824 90
0.18337416648864746 93
0.18968772888183594 100
0.19525551795959473 104
0.2014296054840088 109
0.20814132690429688 114
0.21370148658752441 119
0.21998810768127441 124
0.22633004188537598 129
0.23314189910888672 134
0.2394552230834961 139
0.24501419067382812 145
0.2513730525970459 150
0.2578878402709961 155
0.26345324516296387 160
0.2699239253997803 165
0.2763047218322754 170
0.283189058303833 175
0.28954458236694336 182
0.29514193534851074 187
0.30144524574279785 192
0.30804872512817383 197
0.31368470191955566 202
0.3199903964996338 207
0.32659459114074707 212
0.33345484733581543 218
0.3397793769836426 222
0.3457529544830322 227
0.3517305850982666 231
0.35820484161376953 236
0.36380505561828613 240
0.37012457847595215 244
0.3767397403717041 248
0.38360023498535156 254
0.3900768756866455 258
0.3966679573059082 262
0.4020838737487793 265
0.4086754322052002 269
0.41413450241088867 272
0.42061781883239746 276
0.42702436447143555 279
0.433549165725708 283
0.4398632049560547 286
0.4462409019470215 289
0.4520421028137207 292
0.4583554267883301 295
0.4640934467315674 298
0.4703085422515869 300
0.47695493698120117 303
0.48360538482666016 306
0.48993635177612305 308
0.5009255409240723 312
0.5077736377716064 314
0.5133891105651855 316
0.5198650360107422 318
0.5262265205383301 320
0.5318472385406494 322
0.5393366813659668 324
0.5449316501617432 326
0.5511488914489746 326
0.5577301979064941 328
0.5632898807525635 329
0.569779634475708 331
0.575775146484375 332
0.5817475318908691 333
0.5893189907073975 334
0.5948593616485596 336
0.6011121273040771 336
0.6076619625091553 338
0.6132779121398926 338
0.6195785999298096 339
0.6251497268676758 340
0.6315124034881592 341
0.6394689083099365 342
0.6450831890106201 342
0.6512436866760254 343
0.6578259468078613 344
0.6633930206298828 344
0.6697144508361816 344
0.6752774715423584 345
0.6815040111541748 346
0.6893787384033203 346
0.6949100494384766 346
0.7011234760284424 347
0.70768141746521 347
0.7132523059844971 348
0.7195618152618408 348
0.7251226902008057 348
0.7322554588317871 349
0.7397494316101074 349
0.7452852725982666 349
0.7517814636230469 350
0.7581949234008789 350
0.7637674808502197 350
0.7702412605285645 350
0.7768127918243408 350
0.7821750640869141 350
0.7895104885101318 350
0.7951064109802246 351
0.8012688159942627 351
0.807992696762085 351
0.8135960102081299 351
0.8199019432067871 352
0.8262343406677246 352
0.8317770957946777 352
0.8392894268035889 352
0.8450169563293457 352
0.8512096405029297 352
0.8577854633331299 352
0.8633601665496826 352
0.869821310043335 352
0.8757851123809814 352
0.881732702255249 352
0.88926100730896 352
0.8995435237884521 353
0.905144214630127 353
0.9114894866943359 353
0.9182124137878418 353
0.9240677356719971 352
0.9306974411010742 352
0.9370665550231934 352
0.9435563087463379 352
0.9498593807220459 352
0.9561805725097656 352
0.9617612361907959 352
0.9681704044342041 352
0.9737224578857422 352
0.9800403118133545 352
0.9865927696228027 352
0.9933912754058838 352
0.9996964931488037 352
1.0052721500396729 352
1.0114343166351318 352
1.0179979801177979 352
1.0235493183135986 352
1.0299887657165527 352
1.0363342761993408 352
1.0431981086730957 352
1.0496351718902588 352
1.055161714553833 352
1.0612907409667969 352
1.0678269863128662 352
1.07342529296875 352
1.0797178745269775 352
1.0853002071380615 352
1.092761754989624 352
1.099153757095337 352
1.1047706604003906 352
1.1111536026000977 352
1.117666244506836 352
1.1232187747955322 352
1.12955904006958 352
1.1350970268249512 352
1.1412434577941895 352
1.1489431858062744 352
1.1542422771453857 352
1.1608493328094482 352
1.1675705909729004 352
1.1731834411621094 352
1.1794607639312744 352
1.1850275993347168 352
1.191230297088623 352
1.1989071369171143 352
1.2042064666748047 352
1.2103641033172607 352
1.2169415950775146 352
1.2223467826843262 352
1.2292261123657227 352
1.2347755432128906 352
1.240964412689209 352
1.2482905387878418 352
1.254016637802124 352
1.260221004486084 352
1.2667815685272217 352
1.2721524238586426 352
1.2788808345794678 352
1.2841763496398926 352
1.2907721996307373 352
1.3016626834869385 352
1.3082365989685059 352
1.313781976699829 352
1.3202300071716309 352
1.326824426651001 352
1.332594633102417 352
1.3390049934387207 352
1.3442962169647217 352
1.3516647815704346 352
1.3580617904663086 352
1.3636343479156494 352
1.3698861598968506 352
1.3761820793151855 352
1.381744623184204 352
1.3881216049194336 352
1.3936941623687744 352
1.4009957313537598 352
1.4077537059783936 352
1.4133102893829346 352
1.419748306274414 352
1.4252746105194092 352
1.4314301013946533 352
1.43794846534729 352
1.4435362815856934 352
1.450866460800171 352
1.4574103355407715 352
1.4629027843475342 352
1.4694383144378662 352
1.475043773651123 352
1.4813830852508545 352
1.4879119396209717 352
1.4934539794921875 352
1.5007858276367188 352
1.507347822189331 352
1.5128419399261475 352
1.519186019897461 352
1.524726152420044 352
1.5311262607574463 352
1.5376439094543457 352
1.5431933403015137 352
1.5506973266601562 352
1.5570399761199951 352
1.5626115798950195 352
1.5690560340881348 352
1.5745983123779297 352
1.5807709693908691 352
1.5874855518341064 352
1.5930414199829102 352
1.6000919342041016 352
1.6066672801971436 352
1.6120259761810303 352
1.6183476448059082 352
1.6239855289459229 352
1.630187749862671 352
1.6367394924163818 352
1.6421141624450684 352
1.6489746570587158 352
1.6553142070770264 352
1.6614599227905273 352
1.667983055114746 352
1.673553228378296 352
1.680008888244629 352
1.6863329410552979 352
1.6919591426849365 352
1.7031662464141846 352
1.709740161895752 352
1.715273380279541 352
1.7217774391174316 352
1.7283427715301514 352
1.7349998950958252 352
1.7411627769470215 352
1.7476825714111328 352
1.7541282176971436 352
1.7603116035461426 352
1.766892910003662 352
1.7727644443511963 352
1.7791540622711182 352
1.7847118377685547 352
1.790907382965088 352
1.7974238395690918 352
1.803727388381958 352
1.8102166652679443 352
1.8168203830718994 352
1.8221967220306396 352
1.8290224075317383 352
1.8343229293823242 352
1.8407275676727295 352
1.847076416015625 352
1.8534703254699707 352
1.8597989082336426 352
1.8653144836425781 352
1.8714241981506348 352
1.8779559135437012 352
1.883538007736206 352
1.893672227859497 352
1.8999912738800049 352
1.907557725906372 352
1.913130760192871 352
1.9195520877838135 352
1.9250929355621338 352
1.9312586784362793 352
1.9379675388336182 352
1.9435315132141113 352
1.9499826431274414 352
1.9574406147003174 352
1.9630217552185059 352
1.9695045948028564 352
1.9750950336456299 352
1.981234073638916 352
1.9877946376800537 352
1.9933371543884277 352
2.0010979175567627 352
2.008915901184082 352
2.0142416954040527 352
2.0203678607940674 352
2.0269386768341064 352
2.0323219299316406 352
2.0389976501464844 352
2.044330358505249 352
2.0507185459136963 352
2.0580215454101562 352
2.0636227130889893 352
2.070042133331299 352
2.0765857696533203 352
2.0819625854492188 352
2.0882856845855713 352
2.093961238861084 352
2.1039373874664307 352
2.111315965652466 352
2.1179938316345215 352
2.123652458190918 352
2.1301934719085693 352
2.13673996925354 352
2.142144203186035 352
2.1488137245178223 352
2.154163122177124 352
2.1614365577697754 352
2.167971611022949 352
2.1735432147979736 352
2.1798834800720215 352
2.186187505722046 352
2.1919665336608887 352
2.198737859725952 352
2.2041425704956055 352
2.211428642272949 352
2.218019485473633 352
2.2235710620880127 352
2.2298500537872314 352
2.2357802391052246 352
2.2417352199554443 352
2.2483413219451904 352
2.2540042400360107 352
2.2612109184265137 352
2.2677323818206787 352
2.273359537124634 352
2.2850472927093506 352
2.291229009628296 352
2.297785997390747 352
2.303377151489258 352
2.30983829498291 352
2.317441940307617 352
2.3229291439056396 352
2.329517126083374 352
2.335136651992798 352
2.34136700630188 352
2.3478901386260986 352
2.3534514904022217 352
2.3597748279571533 352
2.3674635887145996 352
2.3730249404907227 352
2.3793301582336426 352
2.3849151134490967 352
2.3911795616149902 352
2.3976893424987793 352
2.4032421112060547 352
2.4095542430877686 352
2.416931390762329 352
2.4223599433898926 352
2.4291882514953613 352
2.4347429275512695 352
2.440964937210083 352
2.447572708129883 352
2.453144073486328 352
2.4596006870269775 352
2.466938018798828 352
2.4723713397979736 352
2.4790239334106445 352
2.4843242168426514 352
2.490922212600708 352
2.4975039958953857 352
2.5077126026153564 352
2.5133321285247803 352
2.5207571983337402 352
2.5275254249572754 352
2.53318190574646 352
2.5394692420959473 352
2.5466606616973877 352
2.552215337753296 352
2.558933973312378 352
2.5642147064208984 352
2.5713891983032227 352
2.5779309272766113 352
2.5835776329040527 352
2.5900304317474365 352
2.5966174602508545 352
2.6019906997680664 352
2.6088619232177734 352
2.614208936691284 352
2.6213247776031494 352
2.6278774738311768 352
2.6334493160247803 352
2.639726400375366 352
2.6453053951263428 352
2.6514885425567627 352
2.658074378967285 352
2.663651704788208 352
2.671121835708618 352
2.677645444869995 352
2.6832170486450195 352
2.68949818611145 352
2.6950843334198 352
2.70125412940979 352
2.7078144550323486 352
2.713388204574585 352
2.7208473682403564 352
2.727595090866089 352
2.733997106552124 352
2.7401986122131348 352
2.7467784881591797 352
2.7521471977233887 352
2.7588493824005127 352
2.7641661167144775 352
2.7713747024536133 352
2.777909755706787 352
2.7834787368774414 352
2.789895534515381 352
2.796226739883423 352
2.8018710613250732 352
2.8082008361816406 352
2.813809871673584 352
2.8212203979492188 352
2.8278133869171143 352
2.8333687782287598 352
2.8396990299224854 352
2.8452870845794678 352
2.8517649173736572 352
2.8581392765045166 352
2.863744020462036 352
2.871112108230591 352
2.8776586055755615 352
2.883206844329834 352
2.889500379562378 352
2.895073652267456 352
2.904817581176758 352
2.911252021789551 352
2.9179012775421143 352
2.924683094024658 352
2.931013345718384 352
2.9375505447387695 352
2.943166971206665 352
2.9494645595550537 352
2.955059766769409 352
2.9612553119659424 352
2.9679582118988037 352
2.974677324295044 352
2.981046199798584 352
2.9875829219818115 352
2.993138313293457 352
2.999423027038574 352
3.0049235820770264 352
3.01114821434021 352
3.017695426940918 352
3.024177312850952 352
3.0307841300964355 352
3.0373764038085938 352
3.0429091453552246 352
3.049276113510132 352
3.0548017024993896 352
3.060969114303589 352
3.0675837993621826 352
3.0739617347717285 352
3.080200433731079 352
3.0868046283721924 352
3.0926034450531006 352
3.0991475582122803 352
3.1047091484069824 352
3.1110646724700928 352
3.117570638656616 352
3.1231698989868164 352
3.130260944366455 352
3.1368212699890137 352
3.142216444015503 352
3.1490681171417236 352
3.154674530029297 352
3.160869836807251 352
3.167419672012329 352
3.172935962677002 352
3.179927110671997 352
3.1862740516662598 352
3.191887140274048 352
3.198202610015869 352
3.203766345977783 352
3.2102389335632324 352
3.2168078422546387 352
3.2222211360931396 352
3.229668617248535 352
3.2352287769317627 352
3.241755247116089 352
3.248110294342041 352
3.253641128540039 352
3.2599048614501953 352
3.266184091567993 352
3.272005796432495 352
3.279435396194458 352
3.2850139141082764 352
3.2911789417266846 352
3.2977020740509033 352
3.307715654373169 352
3.3133044242858887 352
3.319760322570801 352
3.3253064155578613 352
3.333097219467163 352
3.3394079208374023 352
3.34492826461792 352
3.3511247634887695 352
3.3576903343200684 352
3.3632514476776123 352
3.369739532470703 352
3.3752894401550293 352
3.3828933238983154 352
3.3894824981689453 352
3.3950726985931396 352
3.4012184143066406 352
3.407759189605713 352
3.4133472442626953 352
3.419673442840576 352
3.42524790763855 352
3.432755708694458 352
3.439140796661377 352
3.4447247982025146 352
3.451105833053589 352
3.457648515701294 352
3.463179349899292 352
3.4694812297821045 352
3.4750723838806152 352
3.482222557067871 352
3.4888973236083984 352
3.4941840171813965 352
3.5008251667022705 352
3.5075721740722656 352
3.5131514072418213 352
3.5194222927093506 352
3.5249955654144287 352
3.5320944786071777 352
3.538724899291992 352
3.544092893600464 352
3.5502798557281494 352
3.556950330734253 352
3.5623421669006348 352
3.569169282913208 352
3.574735641479492 352
3.5809237957000732 352
3.588310718536377 352
3.5939579010009766 352
3.6001365184783936 352
3.606724262237549 352
3.612110137939453 352
3.6187233924865723 352
3.6241331100463867 352
3.6307525634765625 352
3.638054847717285 352
3.6436338424682617 352
3.6498568058013916 352
3.6558260917663574 352
3.661766767501831 352
3.668168783187866 352
3.673758029937744 352
3.6800811290740967 352
3.687739133834839 352
3.6933016777038574 352
3.699586868286133 352
3.709489583969116 352
3.715074300765991 352
3.721381187438965 352
3.737694263458252 352
3.7551488876342773 352
3.7693326473236084 352
3.783162832260132 352
3.790187358856201 352
3.7967936992645264 352
3.8022079467773438 352
3.809079647064209 352
3.8146307468414307 352
3.8208346366882324 352
3.8274340629577637 352
3.8336291313171387 352
3.8408892154693604 352
3.8474154472351074 352
3.852895736694336 352
3.8592724800109863 352
3.864854097366333 352
3.871215581893921 352
3.8777449131011963 352
3.883310556411743 352
3.8907535076141357 352
3.8973240852355957 352
3.902811288833618 352
3.909163475036621 352
3.914759397506714 352
3.9210245609283447 352
3.9277212619781494 352
3.933291435241699 352
3.940350294113159 352
3.9469709396362305 352
3.952605962753296 352
3.959019422531128 352
3.9643189907073975 352
3.970771074295044 352
3.977299690246582 352
3.9827938079833984 352
3.9900903701782227 352
3.996644973754883 352
4.002050876617432 352
4.008353233337402 352
4.013993263244629 352
4.020640850067139 352
4.026980400085449 352
4.032368183135986 352
4.039792060852051 352
4.045718431472778 352
4.051873445510864 352
4.058198690414429 352
4.063755512237549 352
4.070084095001221 352
4.0766496658325195 352
4.082059860229492 352
4.088648080825806 352
4.095095872879028 352
4.1012842655181885 352
4.111495733261108 352
4.118267297744751 352
4.1238181591033936 352
4.130691289901733 352
4.13701605796814 352
4.143775224685669 352
4.150228500366211 352
4.1567816734313965 352
4.162159204483032 352
4.169037103652954 352
4.174353361129761 352
4.180777311325073 352
4.187356233596802 352
4.193718910217285 352
4.200042486190796 352
4.206366777420044 352
4.212000608444214 352
4.218292951583862 352
4.223964691162109 352
4.230344533920288 352
4.236923694610596 352
4.243535041809082 352
4.249876260757446 352
4.256191968917847 352
4.261744976043701 352
4.268126487731934 352
4.27370285987854 352
4.28167724609375 352
4.288303852081299 352
4.294909954071045 352
4.301112651824951 352
4.3076348304748535 352
4.313190460205078 352
4.31948709487915 352
4.325035810470581 352
4.3312013149261475 352
4.33771824836731 352
4.3441479206085205 352
4.3507959842681885 352
4.35735559463501 352
4.362845420837402 352
4.369203567504883 352
4.374792814254761 352
4.380970478057861 352
4.387530088424683 352
4.393096446990967 352
4.400141477584839 352
4.4067113399505615 352
4.412283420562744 352
4.4189772605896 352
4.424280643463135 352
4.4307074546813965 352
4.437024354934692 352
4.44266152381897 352
4.4498560428619385 352
4.4558024406433105 352
4.4617695808410645 352
4.468329191207886 352
4.473968267440796 352
4.480189085006714 352
4.486764192581177 352
4.4921393394470215 352
4.499520778656006 352
4.50961709022522 352
4.51521897315979 352
4.521681308746338 352
4.528357744216919 352
4.534005880355835 352
4.540666818618774 352
4.547945261001587 352
4.553530693054199 352
4.559866189956665 352
4.5658063888549805 352
4.5717761516571045 352
4.578180551528931 352
4.583760976791382 352
4.590245485305786 352
4.596821308135986 352
4.60338282585144 352
4.609691143035889 352
4.615244626998901 352
4.621418476104736 352
4.627980947494507 352
4.646685600280762 352
4.6534953117370605 352
4.659784317016602 352
4.665309429168701 352
4.671772003173828 352
4.678223371505737 352
4.683795928955078 352
4.6900904178619385 352
4.696615695953369 352
4.703251838684082 352
4.70968222618103 352
4.715281009674072 352
4.721478462219238 352
4.728040456771851 352
4.734679698944092 352
4.7409069538116455 352
4.747436761856079 352
4.753953695297241 352
4.760138273239136 352
4.766726016998291 352
4.7722694873809814 352
4.779007434844971 352
4.784310579299927 352
4.790716648101807 352
4.797063112258911 352
4.8038108348846436 352
4.810163974761963 352
4.816760063171387 352
4.822145700454712 352
4.829002380371094 352
4.8343000411987305 352
4.840701341629028 352
4.847036838531494 352
4.853576898574829 352
4.859889507293701 352
4.866178274154663 352
4.871845722198486 352
4.878180503845215 352
4.883787155151367 352
4.890241622924805 352
4.8968164920806885 352
4.902190208435059 352
4.913082838058472 352
4.919612169265747 352
4.925175905227661 352
4.931844711303711 352
4.938369989395142 352
4.944091081619263 352
4.9506919384002686 352
4.958103179931641 352
4.963689804077148 352
4.9699859619140625 352
4.976325988769531 352
4.982008695602417 352
4.98830246925354 352
4.993975400924683 352
