00
0.012399911880493164 0
0.020020723342895508 0
0.02871990203857422 1
0.03729987144470215 2
0.047033071517944336 3
0.05584549903869629 5
0.06447029113769531 7
0.07303166389465332 9
0.08172392845153809 11
0.08981871604919434 14
0.0995943546295166 17
0.10817193984985352 19
0.11659932136535645 23
0.12520194053649902 25
0.13415026664733887 28
0.14291143417358398 32
0.15272903442382812 35
0.16123366355895996 39
0.16914939880371094 41
0.17801427841186523 45
0.18676543235778809 49
0.1963813304901123 53
0.20524358749389648 56
0.22630572319030762 65
0.2517261505126953 74
0.2596626281738281 77
0.2683901786804199 81
0.27696943283081055 85
0.28565120697021484 88
0.29438090324401855 91
0.318798303604126 104
0.3444631099700928 112
0.35669994354248047 118
0.36528992652893066 121
0.3743247985839844 125
0.3831038475036621 129
0.39182591438293457 132
0.40232133865356445 137
0.4249556064605713 146
0.43729591369628906 151
0.44624948501586914 154
0.45604467391967773 158
0.4647951126098633 163
0.47370266914367676 166
0.48244500160217285 169
0.4901847839355469 173
0.4998018741607666 177
0.508641242980957 181
0.5172436237335205 184
0.5260977745056152 187
0.5348658561706543 191
0.5438339710235596 195
0.5531809329986572 199
0.5619406700134277 202
0.5700399875640869 207
0.57879638671875 210
0.5876202583312988 213
0.596135139465332 217
0.6057994365692139 221
0.6145181655883789 225
0.6232430934906006 228
0.6320052146911621 231
0.6399095058441162 235
0.6484963893890381 239
0.658306360244751 242
0.6668715476989746 247
0.6756417751312256 250
0.6845295429229736 254
0.6931164264678955 257
0.7066662311553955 263
0.7156398296356201 267
0.7245018482208252 271
0.7331018447875977 274
0.7418384552001953 277
0.7499268054962158 281
0.759610652923584 285
0.768237829208374 288
0.7767150402069092 292
0.785271406173706 295
0.7942266464233398 299
0.8030412197113037 303
0.8128006458282471 307
0.8212506771087646 310
0.8291876316070557 314
0.8381946086883545 317
0.8466804027557373 321
0.8562467098236084 324
0.8651549816131592 329
0.8741250038146973 332
0.8827579021453857 336
0.8912332057952881 339
0.8991434574127197 343
0.908653974533081 347
0.917238712310791 350
0.9261298179626465 353
0.9348492622375488 357
0.9438023567199707 361
0.9524478912353516 364
0.9620499610900879 368
0.9701616764068604 370
0.9787387847900391 371
0.9877932071685791 372
0.9962146282196045 373
1.0049335956573486 372
1.0147099494934082 372
1.0233373641967773 371
1.0323596000671387 369
1.0400421619415283 367
1.0487501621246338 366
1.0573453903198242 363
1.0670161247253418 361
1.0757644176483154 359
1.0845751762390137 356
1.0937144756317139 355
1.106886863708496 353
1.116870403289795 353
1.1257615089416504 354
1.1346325874328613 355
1.1432695388793945 357
1.1519930362701416 358
1.1616125106811523 360
1.1697194576263428 363
1.178309440612793 364
1.186880111694336 365
1.195357322692871 365
1.204334020614624 365
1.214061975479126 365
1.2228195667266846 363
1.2313294410705566 362
1.2392282485961914 361
1.248108148574829 359
1.256476879119873 357
1.2661089897155762 356
1.2748229503631592 355
1.2839760780334473 355
1.292576551437378 356
1.300241231918335 357
1.308788537979126 358
1.3184618949890137 360
1.3270301818847656 361
1.3367116451263428 363
1.3456571102142334 364
1.354518175125122 364
1.3641746044158936 364
1.3727688789367676 363
1.3812172412872314 362
1.389143466949463 361
1.3979196548461914 359
1.4067590236663818 357
1.4162993431091309 356
1.4250099658966064 355
1.4339563846588135 355
1.4425382614135742 356
1.4502265453338623 357
1.458916187286377 359
1.468813419342041 361
1.4776091575622559 363
1.4862611293792725 364
1.4949400424957275 365
1.5077836513519287 365
1.5176036357879639 365
1.5264780521392822 364
1.5353367328643799 363
1.5443239212036133 361
1.5529146194458008 359
1.5616555213928223 357
1.5707786083221436 356
1.5790634155273438 355
1.5880382061004639 356
1.596398115158081 356
1.6051018238067627 357
1.6142334938049316 359
1.6240143775939941 361
1.6326630115509033 363
1.6407711505889893 364
1.649224042892456 365
1.6580562591552734 365
1.6664209365844727 365
1.6768686771392822 364
1.6856484413146973 363
1.6943418979644775 362
1.7030553817749023 360
1.7119090557098389 359
1.7216501235961914 356
1.729276180267334 355
1.7380781173706055 354
1.7467255592346191 354
1.755239486694336 355
1.764380931854248 356
1.774153709411621 357
1.7827274799346924 359
1.7911632061004639 361
1.7991223335266113 363
1.8079097270965576 365
1.8163390159606934 366
1.8261678218841553 366
1.8348772525787354 366
1.843691349029541 365
1.852363109588623 364
1.8600788116455078 362
1.8686509132385254 361
1.8785624504089355 358
1.887270212173462 356
1.8960516452789307 354
1.9084594249725342 353
1.9171924591064453 353
1.9270460605621338 353
1.9359171390533447 353
1.9447767734527588 355
1.9533264636993408 356
1.962003231048584 358
1.9699409008026123 360
1.9798388481140137 363
1.9884107112884521 364
1.998694896697998 365
2.007782220840454 366
2.0161757469177246 365
2.025792121887207 365
2.034529209136963 363
2.0430827140808105 362
2.051762342453003 360
2.0596601963043213 359
2.068446636199951 356
2.0782227516174316 355
2.086726188659668 355
2.095259428024292 355
2.104142904281616 355
2.1127376556396484 356
2.1211729049682617 357
2.1307549476623535 359
2.1392436027526855 361
2.1480965614318848 363
2.156423807144165 365
2.1651690006256104 365
2.174138307571411 365
2.1840219497680664 365
2.192600727081299 363
2.2002766132354736 362
2.2089357376098633 361
2.217360496520996 359
2.226123094558716 357
2.2358696460723877 355
2.244722366333008 354
2.253282070159912 354
2.262017011642456 355
2.2700870037078857 355
2.279780626296997 357
2.2884140014648438 358
2.2969372272491455 360
2.3102874755859375 363
2.3191184997558594 365
2.328813314437866 366
2.3386926651000977 366
2.347269058227539 366
2.355991840362549 366
2.364867687225342 365
2.373828411102295 363
2.3831655979156494 361
2.391892433166504 360
2.400020122528076 357
2.4085774421691895 356
2.417095184326172 355
2.4260270595550537 355
2.435643434524536 355
2.4443206787109375 355
2.4529247283935547 357
2.461358070373535 358
2.46924090385437 360
2.478065013885498 361
2.4879846572875977 363
2.4963572025299072 364
2.505044937133789 365
2.5139942169189453 364
2.522758722305298 363
2.531309127807617 362
2.540292978286743 360
2.549145221710205 359
2.5580389499664307 357
2.5664286613464355 355
2.575145721435547 355
2.5848629474639893 355
2.593705177307129 355
2.6025078296661377 357
2.610234260559082 358
2.618800163269043 359
2.627584934234619 361
2.637139320373535 363
2.6459121704101562 365
2.654831647872925 366
2.663975954055786 366
2.672572374343872 366
2.680262804031372 365
2.6900312900543213 364
2.6986160278320312 363
2.7118217945098877 361
2.7198855876922607 358
2.728792667388916 356
2.7387876510620117 354
2.7473227977752686 353
2.756052255630493 353
2.7647409439086914 353
2.773329496383667 353
2.7820279598236084 354
2.791893243789673 355
2.799840211868286 357
2.808384656906128 359
2.8171308040618896 361
2.825937509536743 363
2.8346779346466064 365
2.844677448272705 365
2.8532931804656982 366
2.8620381355285645 365
2.8699164390563965 364
2.878499984741211 363
2.888165235519409 361
2.8968517780303955 359
2.90578293800354 357
2.914710521697998 355
2.9232935905456543 355
2.9320485591888428 354
2.941610813140869 355
2.9492602348327637 355
2.958066940307617 356
2.966724157333374 358
2.975273370742798 359
2.984200954437256 361
2.993969678878784 363
3.0026214122772217 364
3.010291337966919 365
3.0189433097839355 364
3.027869939804077 363
3.036259651184082 362
3.046147584915161 361
3.0548453330993652 359
3.0637214183807373 357
3.0723347663879395 356
3.080031394958496 355
3.0888173580169678 355
3.0984315872192383 356
3.111729621887207 357
3.1198198795318604 359
3.128584384918213 361
3.1373064517974854 363
3.1471292972564697 364
3.1558454036712646 365
3.1645357608795166 365
3.1733007431030273 365
3.1820168495178223 365
3.1899354457855225 363
3.199680805206299 362
3.208404302597046 360
3.216940402984619 358
3.225717782974243 357
3.234473943710327 355
3.244260787963867 355
3.2528798580169678 355
3.261345148086548 355
3.2693393230438232 356
3.278186082839966 357
3.2866952419281006 359
3.296320915222168 361
3.305169105529785 363
3.3192503452301025 365
3.3282675743103027 365
3.3378243446350098 365
3.347292184829712 364
3.35601544380188 363
3.3647892475128174 362
3.3736534118652344 360
3.382488965988159 358
3.390237331390381 357
3.400006055831909 355
3.408597230911255 355
3.4171338081359863 355
3.4258739948272705 355
3.434772491455078 357
3.4438555240631104 358
3.4532904624938965 359
3.4620511531829834 361
3.4699747562408447 363
3.4785189628601074 364
3.4870617389678955 364
3.5018255710601807 363
3.5145370960235596 362
3.523632526397705 361
3.532485246658325 359
3.540269374847412 357
3.5499587059020996 356
3.5585711002349854 356
3.5673305988311768 356
3.5763020515441895 357
3.584968328475952 358
3.5938947200775146 359
3.6032655239105225 361
3.6120059490203857 363
3.6198923587799072 365
3.6286566257476807 366
3.637219190597534 366
3.6460468769073486 365
3.655795097351074 365
3.6645376682281494 363
3.6730918884277344 362
3.681774139404297 360
3.6898891925811768 358
3.6986775398254395 356
3.7082574367523193 355
3.716752767562866 355
3.725278377532959 355
3.7342169284820557 356
3.7430217266082764 357
3.7517309188842773 359
3.7602944374084473 360
3.76898455619812 362
3.77776837348938 363
3.786181688308716 365
3.794849157333374 365
3.8047285079956055 364
3.8132998943328857 363
3.8220043182373047 362
3.830047607421875 361
3.838688373565674 359
3.847353458404541 357
3.856987953186035 356
3.865891456604004 355
3.8745930194854736 355
3.883201837539673 356
3.891956329345703 357
3.899885892868042 359
3.9142868518829346 361
3.923171281814575 363
3.9318838119506836 365
3.9399540424346924 366
3.948521137237549 367
3.9583935737609863 366
3.9669177532196045 366
3.9756429195404053 365
3.9845199584960938 363
3.9930622577667236 362
4.001792669296265 360
4.011303186416626 358
4.019261837005615 356
4.028096437454224 355
4.03643536567688 354
4.045331716537476 353
4.0542848110198975 354
4.064047813415527 355
4.072633266448975 356
4.0803022384643555 357
4.0891406536102295 359
4.098002672195435 361
4.1067352294921875 363
4.116424560546875 365
4.125091075897217 365
4.134059190750122 365
4.142660617828369 364
4.150311231613159 363
4.16005539894104 362
4.168800115585327 360
4.177344799041748 359
4.187043905258179 357
4.1957433223724365 355
4.204469919204712 355
4.214412212371826 355
4.2230963706970215 355
4.231839179992676 356
4.239731311798096 358
4.248311758041382 359
4.2569358348846436 361
4.266344308853149 363
4.2750914096832275 364
4.284230470657349 364
4.2927587032318115 364
4.301203489303589 363
4.314392328262329 362
4.323165416717529 361
4.331852912902832 359
4.341763019561768 357
4.34993314743042 356
4.358472585678101 355
4.368121862411499 356
4.376422643661499 357
4.385093450546265 358
4.394044399261475 359
4.402836322784424 361
4.4113311767578125 363
4.420233726501465 364
4.428938150405884 364
4.437344074249268 364
4.446021318435669 363
4.454828977584839 363
4.4646711349487305 361
4.473716735839844 360
4.482441663742065 358
4.490123748779297 357
4.49868369102478 356
4.507209539413452 356
4.516880989074707 356
4.5258564949035645 357
4.534536838531494 359
4.543127536773682 360
4.551892995834351 362
4.559802055358887 363
4.569361925125122 364
4.578153610229492 364
4.586868047714233 364
4.595360994338989 363
4.60450553894043 362
4.613084077835083 360
4.6228249073028564 358
4.6315765380859375 357
4.63927149772644 355
4.64829683303833 354
4.656867742538452 353
4.666205883026123 354
4.67500901222229 355
4.68395209312439 355
4.692594051361084 357
4.700245380401611 359
4.709083795547485 361
4.7232136726379395 364
4.731905221939087 366
4.740107536315918 367
4.748918771743774 368
4.757351875305176 368
4.766250848770142 367
4.7760491371154785 367
4.784754514694214 365
4.7933220863342285 364
4.802050828933716 362
4.809933423995972 360
4.819328546524048 358
4.8283751010894775 356
4.836942195892334 353
4.845665454864502 352
4.854367971420288 351
4.863109350204468 351
4.872884273529053 352
4.881330966949463 353
4.889616966247559 353
4.898195028305054 355
4.906652212142944 357
4.915218114852905 359
4.924931287765503 361
4.9338274002075195 363
4.942585706710815 366
4.950268745422363 367
4.958937168121338 368
4.967764616012573 368
4.977209091186523 367
4.9859607219696045 367
4.994865655899048 365
5.003985166549683 364
5.0125954151153564 362
5.020290374755859 360
5.029900074005127 358
5.038540363311768 356
5.04712700843811 354
5.055872917175293 353
5.064785957336426 353
5.074459552764893 353
5.0830397605896 355
5.091757774353027 356
5.099616289138794 357
5.10819411277771 359
5.120770454406738 362
5.1307594776153564 364
5.139206171035767 365
5.148207902908325 365
5.156695365905762 365
5.165226459503174 365
5.1748340129852295 363
5.184021949768066 362
5.192603588104248 361
5.20067834854126 359
5.209159851074219 357
5.217982292175293 356
5.227622985839844 355
5.236125946044922 355
5.2450268268585205 355
5.254361867904663 356
5.2629313468933105 358
5.271604776382446 359
5.280803203582764 361
5.289143800735474 363
5.297984600067139 364
5.306692123413086 365
5.316926002502441 365
5.325701475143433 363
5.336190938949585 363
5.344948768615723 361
5.353884935379028 359
5.362629413604736 357
5.3703062534332275 356
5.380023956298828 355
5.388784646987915 356
5.397324800491333 356
5.406078577041626 357
5.414783477783203 359
5.423898458480835 361
5.433356761932373 363
5.442309379577637 364
5.4500391483306885 365
5.458617687225342 366
5.467163324356079 365
5.475917100906372 365
5.485851287841797 363
5.4945549964904785 362
5.50309944152832 360
5.511892795562744 357
5.524585485458374 355
5.5344398021698 354
5.543313980102539 353
5.552019834518433 353
5.559899568557739 354
5.568479776382446 355
5.577016115188599 356
5.586441516876221 358
5.595160007476807 360
5.604325294494629 362
5.612888336181641 364
5.6213390827178955 365
5.629268169403076 365
5.638783931732178 365
5.647815704345703 365
5.656218767166138 364
5.665111303329468 363
5.674041032791138 361
5.683689594268799 359
5.692427396774292 357
5.700178384780884 355
5.70875096321106 354
5.717581272125244 354
5.726246356964111 354
5.7359299659729 355
5.744702577590942 356
5.753274202346802 358
5.7619993686676025 359
5.769913911819458 361
5.7787370681762695 363
5.788702011108398 365
5.797237157821655 365
5.805955648422241 365
5.816182374954224 365
5.828083038330078 363
5.837738752365112 362
5.846346616744995 360
5.855087995529175 359
5.864157676696777 357
5.872743129730225 355
5.881210088729858 355
5.89022970199585 355
5.89892315864563 355
5.907992839813232 356
5.920245885848999 358
5.9290876388549805 360
5.938913583755493 362
5.947835206985474 364
5.956239700317383 365
5.965087413787842 365
5.974060535430908 365
5.982644081115723 364
5.992457389831543 363
6.000208854675293 361
6.0088090896606445 360
6.0173609256744385 358
6.026268243789673 357
6.035143136978149 355
6.044912576675415 355
6.0538341999053955 355
6.062423944473267 356
6.0701353549957275 357
6.078750848770142 359
6.088668346405029 361
6.097272872924805 363
6.1060099601745605 364
6.114720821380615 365
6.123271942138672 366
6.131982803344727 365
6.141748666763306 365
6.149803876876831 363
6.158380031585693 362
6.167138576507568 360
6.175909519195557 359
6.1846160888671875 356
6.194391965866089 354
6.203155755996704 353
6.211864948272705 353
6.219724178314209 353
6.228375196456909 353
6.236944198608398 355
6.246435165405273 356
6.255161285400391 357
6.26430606842041 359
6.272881269454956 362
6.2813355922698975 364
6.289260387420654 365
6.298947334289551 366
6.3077380657196045 366
6.320141315460205 365
6.329076051712036 364
6.33893609046936 362
6.348685026168823 360
6.357223033905029 359
6.365922451019287 357
6.374697685241699 355
6.383712291717529 355
6.39236855506897 355
6.401858806610107 355
6.409797430038452 356
6.418378591537476 357
6.427135944366455 359
6.4358813762664795 361
6.445735931396484 363
6.454386949539185 364
6.4629762172698975 365
6.47161865234375 365
6.4792726039886475 364
6.488152980804443 363
6.497868299484253 361
6.506487846374512 359
6.515242338180542 358
6.524323463439941 356
6.532876253128052 355
6.541360139846802 355
6.550762414932251 355
6.559240102767944 356
6.568218469619751 357
6.57673978805542 358
6.585257053375244 360
6.5941925048828125 362
6.603984355926514 363
6.612525463104248 365
6.626435279846191 364
6.635201930999756 363
6.644148349761963 363
6.653885841369629 361
6.662506580352783 359
6.670273542404175 357
6.678814172744751 356
6.688267946243286 355
6.697275161743164 355
6.707042455673218 355
6.715782642364502 356
6.728322267532349 357
6.737022161483765 359
6.746065378189087 361
6.755701065063477 363
6.764371395111084 364
6.772927284240723 365
6.781649112701416 364
6.789275884628296 363
6.798119306564331 362
6.8079094886779785 361
6.816702604293823 359
6.825265407562256 357
6.834240674972534 356
6.842795133590698 355
6.852482080459595 355
6.860269069671631 356
6.8690760135650635 357
6.8778462409973145 358
6.8862504959106445 360
6.89493203163147 362
6.904686212539673 364
6.913306951522827 365
6.92202615737915 365
6.930066347122192 364
6.938637018203735 363
6.947348594665527 362
6.957080602645874 360
6.965825080871582 359
6.97461724281311 357
6.98362922668457 355
6.9923295974731445 354
7.0000622272491455 353
7.0097644329071045 354
7.018386125564575 354
7.026952505111694 355
7.035691499710083 357
7.0445802211761475 359
7.053126811981201 361
7.062870502471924 363
7.071313858032227 365
7.079600811004639 366
7.088195562362671 366
7.096947431564331 367
7.10684061050415 366
7.115358114242554 365
7.1281373500823975 363
7.136853456497192 362
7.145753383636475 360
7.154531955718994 357
7.164394855499268 356
7.172997236251831 355
7.181653738021851 355
7.189320802688599 355
7.198199987411499 355
7.208135604858398 357
7.216601848602295 358
7.225344181060791 360
7.234358787536621 362
7.242962121963501 364
7.25158429145813 365
7.260273694992065 365
7.268917560577393 365
7.277631044387817 364
7.2863545417785645 363
7.295065402984619 362
7.304012060165405 360
7.3136396408081055 358
7.322335243225098 356
7.330038785934448 355
7.339933156967163 354
7.348719835281372 354
7.357274770736694 355
7.367033243179321 355
7.375791549682617 357
7.384498596191406 358
7.39307427406311 360
7.401841878890991 362
7.411705017089844 364
7.419593334197998 365
7.4281744956970215 365
7.436658620834351 365
7.4452128410339355 364
7.454131364822388 363
7.464043140411377 361
7.472629547119141 359
7.480309724807739 357
7.4890053272247314 356
7.497796297073364 355
7.50622820854187 355
7.515845537185669 355
7.528466463088989 356
7.537195205688477 357
7.546117067337036 359
7.555016994476318 361
7.564684152603149 363
7.573324203491211 364
7.582455635070801 365
7.5902016162872314 365
7.599074840545654 364
7.607833623886108 363
7.617248296737671 362
7.62600040435791 360
7.634708881378174 358
7.643837213516235 356
7.652439117431641 355
7.660175323486328 353
7.669860363006592 353
7.678406238555908 353
7.686963319778442 354
7.6956493854522705 355
7.704504489898682 356
7.713101863861084 358
7.723061800003052 360
7.731887578964233 362
7.740044355392456 364
7.748695611953735 365
7.757305145263672 365
7.76719856262207 365
7.775938987731934 365
7.784698724746704 363
7.793274402618408 362
7.802026271820068 361
7.809922218322754 359
7.819300889968872 357
7.82828164100647 356
7.836872816085815 355
7.848471641540527 355
7.857276201248169 355
7.867150783538818 357
7.876091241836548 358
7.884960174560547 360
7.893980264663696 362
7.902598857879639 364
7.910280466079712 365
7.924779176712036 365
7.933887481689453 364
7.942710638046265 363
7.951186418533325 361
7.9592649936676025 360
7.968977451324463 358
7.977848768234253 357
7.9864277839660645 355
7.995094537734985 355
8.00421142578125 356
8.012773275375366 357
8.022537231445312 358
8.03025221824646 360
8.038946390151978 361
8.047636270523071 363
8.056166648864746 364
8.065045595169067 364
8.074817657470703 364
8.083637714385986 363
8.092334747314453 362
8.10001015663147 361
8.108568906784058 359
8.11734914779663 358
8.127233266830444 357
8.135972023010254 356
8.144726276397705 356
8.153264999389648 357
8.162030696868896 357
8.169902086257935 359
8.17932391166687 361
8.188334941864014 362
8.19687795639038 364
8.205358743667603 365
8.214303016662598 365
8.223966360092163 365
8.232581377029419 364
8.240235567092896 363
8.249067068099976 362
8.257823705673218 361
8.266247510910034 359
8.275946140289307 357
8.284722328186035 355
8.293320894241333 355
8.302036046981812 355
8.310073614120483 355
8.318651676177979 356
8.332761764526367 358
8.34263014793396 360
8.35076117515564 362
8.359185934066772 363
8.368206262588501 364
8.37816047668457 365
8.38648796081543 364
8.395158529281616 363
8.404134273529053 362
8.412712097167969 360
8.421199560165405 359
8.431213140487671 357
8.439133167266846 355
8.447921514511108 355
8.45638632774353 355
8.465100526809692 355
8.474011421203613 356
8.48390817642212 358
8.496134281158447 360
8.505083560943604 362
8.514069557189941 364
8.522650480270386 365
8.532442092895508 365
8.540148973464966 365
8.549083709716797 364
8.557844877243042 363
8.566243886947632 362
8.574936151504517 360
8.584644079208374 358
8.593284368515015 356
8.602044105529785 354
8.610124588012695 353
8.620190382003784 353
8.62994933128357 353
8.638673782348633 353
8.647226810455322 354
8.65591549873352 355
8.664831638336182 357
8.67371153831482 359
8.683164834976196 361
8.691949367523193 364
8.699881792068481 366
8.708451986312866 367
8.717043161392212 367
8.729751348495483 367
8.739324569702148 367
8.748324155807495 366
8.757028579711914 365
8.765900373458862 363
8.774629831314087 361
8.784414291381836 359
8.793052196502686 357
8.801787376403809 355
8.809712648391724 354
8.818373680114746 353
8.826922178268433 353
8.83641767501831 354
8.84525752067566 355
8.854138612747192 356
8.862738370895386 358
8.871183156967163 360
8.879085302352905 362
8.888737916946411 364
8.897799968719482 365
8.906394243240356 365
8.915067672729492 365
8.924008846282959 365
8.932604789733887 363
8.942022800445557 362
8.950010061264038 361
8.958566904067993 359
8.96730899810791 357
8.976086616516113 356
8.985839366912842 355
8.994549751281738 355
9.003135919570923 356
9.011836051940918 357
9.019702672958374 358
9.028473138809204 360
9.0382559299469 362
9.046726942062378 364
9.055230855941772 365
9.064152002334595 365
9.072722673416138 364
9.080787181854248 363
9.090219259262085 362
9.098798990249634 361
9.107329845428467 359
9.116117715835571 357
9.128597021102905 356
9.1385338306427 355
9.147358655929565 356
9.156335353851318 357
9.165085315704346 358
9.174087524414062 359
9.182674169540405 362
9.192472219467163 363
9.2019784450531 365
9.21003794670105 365
9.21860146522522 365
9.227122068405151 364
9.235875844955444 363
9.245288372039795 362
9.254357814788818 360
9.263103485107422 358
9.271828651428223 356
9.279721021652222 354
9.28960633277893 353
9.298259019851685 353
9.306720972061157 353
9.3152494430542 354
9.324329137802124 355
9.332937002182007 357
9.34370756149292 359
9.35234022140503 361
9.360073566436768 363
9.36864447593689 365
9.37718915939331 366
9.386115074157715 367
9.395848989486694 367
9.40459418296814 366
9.413362741470337 365
9.422261476516724 364
9.430010795593262 362
9.438600778579712 361
9.448320150375366 359
9.456923246383667 357
9.465665578842163 355
9.474337816238403 355
9.482913255691528 354
9.491595983505249 355
9.500243186950684 356
9.509076595306396 357
9.517889976501465 359
9.53067946434021 361
9.539153099060059 363
9.549165487289429 365
9.558191776275635 367
9.56692624092102 367
9.575883388519287 367
9.584563732147217 366
9.593122720718384 365
9.602798461914062 363
9.611250400543213 361
9.619131326675415 359
9.62818431854248 357
9.63660216331482 355
9.646285057067871 354
9.65498161315918 354
9.663947582244873 354
9.672688245773315 355
9.680765390396118 355
9.689210414886475 357
9.698983192443848 358
9.707777976989746 360
9.716245889663696 362
9.724941968917847 364
9.733854293823242 365
9.742602825164795 365
9.752336025238037 365
9.760018348693848 365
9.76859712600708 364
9.777132272720337 363
9.78584599494934 361
9.794615745544434 359
9.804635763168335 357
9.813252925872803 356
9.82204818725586 355
9.829948663711548 355
9.838549852371216 356
9.848187923431396 357
9.856730222702026 359
9.8656747341156 360
9.874389886856079 362
9.882953882217407 364
9.891639471054077 365
9.900707006454468 365
9.90907096862793 365
9.917850017547607 364
9.930756568908691 361
9.939284801483154 360
9.948312044143677 358
9.958226203918457 356
9.966687440872192 354
9.981279373168945 353
9.989329814910889 353
9.998152256011963 353
