00
0.00949859619140625 0
0.01737189292907715 1
0.02335524559020996 1
0.030094623565673828 2
0.03707623481750488 4
0.042899131774902344 5
0.049429893493652344 8
0.055927276611328125 10
0.061850547790527344 12
0.06974220275878906 16
0.07668590545654297 20
0.08219408988952637 24
0.08931660652160645 27
0.09582185745239258 32
0.10170507431030273 36
0.10862421989440918 40
0.1160590648651123 46
0.12195062637329102 51
0.12884974479675293 56
0.13460826873779297 62
0.14108562469482422 65
0.14801645278930664 72
0.15386009216308594 76
0.16058826446533203 82
0.1681063175201416 88
0.17406725883483887 94
0.18088865280151367 99
0.18767619132995605 106
0.19357967376708984 111
0.20047950744628906 116
0.20741868019104004 124
0.21330571174621582 127
0.22088170051574707 134
0.22767066955566406 142
0.23359131813049316 147
0.24010920524597168 153
0.24712300300598145 158
0.25303101539611816 164
0.25954318046569824 172
0.26616358757019043 179
0.27344584465026855 184
0.27993130683898926 190
0.28696250915527344 196
0.2929050922393799 202
0.2994379997253418 209
0.3059964179992676 215
0.3119363784790039 221
0.3196549415588379 228
0.32647180557250977 234
0.3326284885406494 240
0.3392329216003418 246
0.34543633460998535 255
0.35646533966064453 263
0.36261558532714844 268
0.3700437545776367 275
0.377208948135376 280
0.383098840713501 286
0.38979220390319824 293
0.3968546390533447 298
0.4026978015899658 303
0.4093809127807617 309
0.4160346984863281 313
0.4232368469238281 317
0.42977333068847656 322
0.43680381774902344 325
0.4426872730255127 328
0.44949841499328613 332
0.4561452865600586 334
0.4625420570373535 336
0.4692726135253906 338
0.4771077632904053 340
0.4830942153930664 341
0.4896113872528076 343
0.4961831569671631 344
0.5021581649780273 346
0.5093405246734619 347
0.515958309173584 348
0.5230867862701416 348
0.5296151638031006 350
0.5364787578582764 350
0.5421462059020996 351
0.549168586730957 352
0.5553827285766602 353
0.5630407333374023 353
0.5698297023773193 354
0.5777225494384766 354
0.5836365222930908 354
0.5905349254608154 354
0.5972874164581299 355
0.6032378673553467 356
0.6097383499145508 356
0.6167304515838623 357
0.6235158443450928 357
0.630465030670166 357
0.6372480392456055 357
0.6431400775909424 357
0.6496059894561768 357
0.6561639308929443 357
0.662102460861206 358
0.6690418720245361 358
0.6768901348114014 358
0.6826748847961426 358
0.6894338130950928 359
0.6960225105285645 359
0.7018604278564453 360
0.7087175846099854 359
0.7145333290100098 359
0.7211976051330566 359
0.7291035652160645 359
0.7348740100860596 359
0.7417185306549072 360
0.7522058486938477 360
0.759239912033081 360
0.7649495601654053 360
0.77170729637146 359
0.779449462890625 359
0.7859952449798584 359
0.7918498516082764 359
0.7987782955169678 359
0.8045368194580078 360
0.8111093044281006 360
0.8177938461303711 359
0.8236587047576904 359
0.8310482501983643 359
0.8377926349639893 359
0.8436498641967773 360
0.8505494594573975 360
0.8572533130645752 360
0.8630883693695068 360
0.8697330951690674 359
0.8773818016052246 359
0.8833074569702148 359
0.8898003101348877 360
0.8968813419342041 360
0.9026210308074951 360
0.9091637134552002 360
0.9148750305175781 359
0.9214859008789062 359
0.9294300079345703 359
0.9359931945800781 359
0.941859245300293 360
0.9487040042877197 360
0.9541785717010498 360
0.9609544277191162 359
0.9676938056945801 359
0.9735612869262695 359
0.9813508987426758 360
0.9886569976806641 360
0.9941849708557129 360
1.0008676052093506 360
1.0075445175170898 359
1.0134615898132324 359
1.0199306011199951 359
1.0269525051116943 359
1.0336036682128906 360
1.040142297744751 360
1.047240972518921 360
1.05301833152771 360
1.059633731842041 360
1.0660898685455322 359
1.0719738006591797 359
1.0788238048553467 359
1.0861599445343018 360
1.0920398235321045 360
1.09883713722229 360
1.1045417785644531 360
1.1112794876098633 359
1.1179993152618408 359
1.1238529682159424 359
1.1316819190979004 360
1.1386287212371826 360
1.1441261768341064 360
1.1547870635986328 359
1.1616652011871338 359
1.168828010559082 359
1.174525260925293 359
1.182053804397583 360
1.18900465965271 360
1.1947474479675293 360
1.2011358737945557 360
1.2078323364257812 359
1.2136931419372559 359
1.2204623222351074 359
1.227344274520874 360
1.2339842319488525 360
1.2408480644226074 360
1.2475636005401611 359
1.253476858139038 359
1.2599420547485352 359
1.2669475078582764 359
1.2727935314178467 359
1.2793869972229004 360
1.2871932983398438 360
1.2929871082305908 359
1.2995057106018066 359
1.3060696125030518 359
1.3119535446166992 359
1.3188035488128662 359
1.3245675563812256 360
1.3309617042541504 360
1.3387649059295654 360
1.344560146331787 359
1.3512370586395264 359
1.357919692993164 359
1.363779067993164 360
1.3706645965576172 360
1.3773648738861084 360
1.3832066059112549 359
1.3907570838928223 359
1.3975164890289307 359
1.4034242630004883 359
1.4100289344787598 360
1.417057752609253 360
1.4275574684143066 359
1.4334795475006104 358
1.4409785270690918 358
1.4477214813232422 359
1.4536211490631104 359
1.4601001739501953 360
1.4672033786773682 360
1.4731128215789795 359
1.4795658588409424 359
1.486128807067871 359
1.4931416511535645 359
1.4997141361236572 360
1.5066702365875244 360
1.512094259262085 360
1.5189037322998047 359
1.5246737003326416 359
1.5312871932983398 359
1.539254903793335 359
1.5453791618347168 360
1.5560894012451172 360
1.5632469654083252 360
1.5697870254516602 360
1.5768232345581055 359
1.5826416015625 359
1.5904951095581055 359
1.5972552299499512 359
1.6031498908996582 360
1.6095778942108154 360
1.6160268783569336 359
1.6219208240509033 359
1.6289701461791992 359
1.6347355842590332 359
1.6424329280853271 360
1.6494040489196777 360
1.6554665565490723 360
1.6615488529205322 360
1.668081521987915 359
1.6739883422851562 359
1.6807384490966797 359
1.6875011920928955 359
1.6941797733306885 360
1.7009634971618652 360
1.7078075408935547 360
1.7135837078094482 360
1.7200300693511963 359
1.7271010875701904 359
1.7329483032226562 359
1.7394297122955322 359
1.747201919555664 360
1.7531297206878662 360
1.7597134113311768 360
1.7662057876586914 359
1.7726383209228516 359
1.7792391777038574 359
1.785372257232666 359
1.7929069995880127 359
1.7994611263275146 360
1.8059024810791016 360
1.8116750717163086 359
1.8186323642730713 359
1.8241596221923828 359
1.831083059310913 359
1.8378212451934814 360
1.8447539806365967 360
1.851208209991455 360
1.8578989505767822 359
1.863922357559204 359
1.8706424236297607 359
1.8773963451385498 359
1.883281946182251 359
1.889920711517334 360
1.897688388824463 360
1.9034831523895264 359
1.9100220203399658 359
1.917046308517456 359
1.922898530960083 359
1.9293625354766846 359
1.935840368270874 360
1.9417438507080078 360
1.9495909214019775 360
1.9599387645721436 359
1.967170238494873 359
1.9735162258148193 359
1.9801499843597412 359
1.9872698783874512 360
1.9931495189666748 360
2.001260280609131 360
2.0081281661987305 359
2.0139946937561035 359
2.020936965942383 359
2.027697801589966 359
2.0335752964019775 359
2.040029764175415 360
2.047726631164551 360
2.0535547733306885 360
2.0599968433380127 359
2.0671823024749756 359
2.073056936264038 359
2.079524517059326 359
2.0861196517944336 359
2.0919861793518066 360
2.0995006561279297 360
2.1059913635253906 359
2.1118738651275635 359
2.1187636852264404 359
2.1244473457336426 359
2.1310536861419678 359
2.1379284858703613 360
2.1437368392944336 360
2.1515443325042725 360
2.158067464828491 360
2.163872241973877 360
2.1704976558685303 360
2.177219867706299 360
2.183037042617798 360
2.1897506713867188 359
2.196744441986084 359
2.203474760055542 360
2.210026979446411 360
2.2175121307373047 359
2.2234184741973877 359
2.2299304008483887 359
2.236945629119873 359
2.242692232131958 359
2.2501938343048096 360
2.2571420669555664 360
2.2629709243774414 359
2.269469738006592 359
2.2760283946990967 359
2.2820310592651367 359
2.2888717651367188 359
2.2946369647979736 360
2.302025318145752 360
2.3090004920959473 359
2.314770460128784 359
2.3212478160858154 359
2.3279736042022705 359
2.3338024616241455 360
2.3404650688171387 360
2.347200632095337 360
2.358593463897705 359
2.3644773960113525 359
2.3712923526763916 359
2.3781683444976807 359
2.3841025829315186 360
2.390775203704834 360
2.403859853744507 359
2.410771131515503 359
2.4175665378570557 359
2.4234471321105957 360
2.4301979541778564 360
2.437183380126953 360
2.443087577819824 360
2.4494857788085938 360
2.4571051597595215 360
2.462921142578125 360
2.4693355560302734 360
2.4754486083984375 360
2.4816205501556396 360
2.4885590076446533 360
2.4940683841705322 360
2.5007095336914062 359
2.5086910724639893 359
2.5145137310028076 359
2.5210254192352295 360
2.527744770050049 360
2.533572196960449 360
2.540498733520508 359
2.5474274158477783 359
2.5532734394073486 359
2.5616555213928223 360
2.568586587905884 360
2.57412052154541 360
2.5807619094848633 360
2.587531328201294 359
2.5934410095214844 359
2.5999114513397217 359
2.607811212539673 360
2.6137073040008545 360
2.6201562881469727 360
2.627129077911377 359
2.6330485343933105 359
2.6395649909973145 359
2.646113634109497 359
2.6519763469696045 360
2.6596667766571045 360
2.6661529541015625 360
2.672111988067627 360
2.678952693939209 360
2.68468976020813 359
2.6911733150482178 359
2.6979072093963623 359
2.703850507736206 360
2.7116429805755615 360
2.7181665897369385 360
2.7239880561828613 360
2.7308578491210938 359
2.7376620769500732 359
2.7435879707336426 359
2.7500808238983154 359
2.761364459991455 360
2.7682011127471924 360
2.774057388305664 359
2.7810161113739014 359
2.7879106998443604 359
2.7937941551208496 359
2.800619125366211 360
2.807389497756958 360
2.8138997554779053 360
2.82053279876709 359
2.8272953033447266 359
2.8332276344299316 359
2.839686155319214 359
2.8462023735046387 359
2.852605104446411 360
2.8599414825439453 360
2.8669400215148926 359
2.8727829456329346 359
2.879354238510132 359
2.8859009742736816 359
2.8917298316955566 360
2.89870285987854 360
2.9041807651519775 360
2.911952495574951 360
2.918731927871704 360
2.9241998195648193 359
2.931105852127075 359
2.9378645420074463 359
2.9437191486358643 360
2.9504594802856445 360
2.9572038650512695 360
2.963806629180908 360
2.970670461654663 359
2.9774396419525146 359
2.983316421508789 359
2.989799737930298 359
2.996785879135132 360
3.002523422241211 360
3.009096384048462 360
3.0168230533599854 360
3.0224416255950928 359
3.0293328762054443 359
3.0358643531799316 359
3.041720390319824 359
3.0486321449279785 360
3.0541820526123047 360
3.0610272884368896 360
3.0688092708587646 359
3.0746002197265625 359
3.081087112426758 359
3.0879712104797363 359
3.0937960147857666 360
3.100494384765625 360
3.107273817062378 360
3.113762855529785 359
3.1205005645751953 359
3.1272737979888916 359
3.1331634521484375 359
3.1396334171295166 359
3.1461639404296875 360
3.1525185108184814 360
3.1634514331817627 359
3.1711132526397705 359
3.1780216693878174 358
3.1838736534118652 358
3.190882682800293 359
3.197739601135254 360
3.203603982925415 360
3.2101972103118896 360
3.217778444290161 360
3.223606586456299 359
3.2300901412963867 359
3.237062931060791 359
3.2429604530334473 359
3.2494399547576904 360
3.256044387817383 360
3.2618815898895264 360
3.2695603370666504 359
3.2761244773864746 359
3.282019853591919 359
3.2888574600219727 359
3.2945897579193115 360
3.301086902618408 360
3.3078484535217285 360
3.313697099685669 359
3.3213136196136475 359
3.3285441398620605 359
3.334110736846924 359
3.3408212661743164 359
3.3476545810699463 360
3.353468179702759 360
3.3598673343658447 360
3.366755247116089 360
3.373396396636963 359
3.3798558712005615 359
3.3870162963867188 359
3.3928778171539307 359
3.3993964195251465 360
3.405898332595825 360
3.4116909503936768 359
3.4194562435150146 359
3.426037073135376 359
3.4319090843200684 359
3.438788890838623 360
3.44457745552063 360
3.451204776763916 360
3.4578676223754883 359
3.4637863636016846 359
3.4713094234466553 359
3.4780666828155518 359
3.4839274883270264 360
3.490638017654419 360
3.497340440750122 360
3.50315260887146 360
3.509921073913574 359
3.516934871673584 359
3.523693799972534 359
3.530117988586426 359
3.5371010303497314 360
3.542909622192383 360
3.549370765686035 360
3.559177875518799 359
3.5674943923950195 360
3.574462890625 360
3.581216812133789 360
3.588019609451294 360
3.5938000679016113 360
3.6001651287078857 360
3.6070966720581055 360
3.6129236221313477 360
3.619365930557251 360
3.6272714138031006 360
3.633064031600952 360
3.6395020484924316 360
3.6459813117980957 360
3.6517999172210693 360
3.6586406230926514 360
3.6641287803649902 360
3.6707963943481445 360
3.678549289703369 360
3.6840639114379883 360
3.6909196376800537 360
3.697622299194336 360
3.7034554481506348 360
3.7100327014923096 360
3.7169482707977295 360
3.723407745361328 360
3.7298743724823 360
3.736825704574585 360
3.7425289154052734 360
3.7492740154266357 360
3.755338430404663 360
3.761352062225342 360
3.7680234909057617 360
3.774853229522705 360
3.7812368869781494 360
3.7878825664520264 360
3.793701648712158 360
3.8001277446746826 360
3.8072075843811035 360
3.813037633895874 360
3.819458246231079 360
3.8272411823272705 360
3.8331472873687744 359
3.8397817611694336 360
3.846766948699951 360
3.8522040843963623 360
3.8590826988220215 360
3.8647685050964355 360
3.871283769607544 360
3.8791298866271973 359
3.8853936195373535 359
3.8916828632354736 359
3.8985977172851562 360
3.904186248779297 360
3.910863161087036 360
3.9176156520843506 360
3.9234366416931152 359
3.9310643672943115 359
3.9378249645233154 359
3.9437994956970215 359
3.950474500656128 360
3.9572184085845947 359
3.968640089035034 359
3.9741859436035156 359
3.982050895690918 359
3.98915696144104 360
3.994960069656372 360
4.001366853713989 360
4.00801157951355 359
4.013868093490601 359
4.020583629608154 359
4.027350664138794 359
4.034003973007202 360
4.040762662887573 360
4.0476343631744385 360
4.053438901901245 359
4.059934616088867 359
4.066940546035767 359
4.072686672210693 359
4.079979181289673 359
4.0870521068573 360
4.092900037765503 360
4.099509000778198 359
4.106104135513306 359
4.112169981002808 359
4.119083881378174 359
4.124879837036133 360
4.132612705230713 360
4.139209508895874 360
4.144931793212891 360
4.151348352432251 360
4.158005475997925 359
4.163827180862427 359
4.170713901519775 359
4.177492380142212 360
4.184483051300049 360
4.190947771072388 360
4.197625398635864 360
4.203436613082886 359
4.209930419921875 359
4.216952323913574 359
4.222698926925659 359
4.229437351226807 360
4.237241983413696 360
4.243061780929565 360
4.249465465545654 359
4.2560133934021 359
4.26189661026001 359
4.268734931945801 359
4.274488925933838 359
4.280961036682129 360
4.288830995559692 360
4.294519424438477 359
4.301028490066528 359
4.3078203201293945 359
4.313674211502075 359
4.320141077041626 359
4.327139139175415 360
4.333673477172852 360
4.340094089508057 360
4.347215175628662 359
4.353134632110596 359
4.36369514465332 360
4.37063193321228 360
4.377470254898071 360
4.38402247428894 360
4.390931606292725 359
4.39928126335144 359
4.405852317810059 359
4.411874532699585 360
4.418787002563477 360
4.424480199813843 360
4.43092942237854 360
4.438619136810303 359
4.444431304931641 359
4.451016187667847 359
4.45776629447937 360
4.463659286499023 360
4.470455169677734 360
4.477149963378906 359
4.483053922653198 359
4.4906251430511475 359
4.49737811088562 359
4.5032289028167725 360
4.509864807128906 360
4.516801595687866 360
4.522181987762451 360
4.529206991195679 360
4.534911394119263 360
4.542437314987183 360
4.549067735671997 360
4.554798364639282 360
4.562056541442871 360
4.56887149810791 360
4.574568510055542 360
4.580973148345947 360
4.588933229446411 360
4.594634056091309 360
4.601063966751099 360
4.607747316360474 360
4.613535165786743 360
4.620140314102173 360
4.627063512802124 360
4.6328935623168945 360
4.640151500701904 360
4.647237300872803 360
4.653051376342773 360
4.659535646438599 360
4.666017293930054 360
4.671808242797852 360
4.678637504577637 360
4.68412184715271 360
4.691834449768066 360
4.69865608215332 360
4.704136371612549 360
4.710937738418579 360
4.717610120773315 360
4.723912477493286 360
4.730502367019653 360
4.737193822860718 360
4.743845462799072 360
4.75067925453186 360
4.757347583770752 360
4.767724990844727 360
4.773514032363892 360
4.780085802078247 360
4.787124156951904 360
4.793733596801758 360
4.800155878067017 360
4.807098388671875 360
4.812870502471924 360
4.819283485412598 360
4.831196546554565 360
4.837918519973755 360
4.844775915145874 360
4.851140737533569 360
4.857799530029297 360
4.863631010055542 360
4.870068311691284 360
4.877110004425049 360
4.882900953292847 360
4.8894970417022705 360
4.897268056869507 360
4.90303635597229 360
4.909466505050659 360
4.915908575057983 360
4.921666145324707 360
4.928129196166992 360
4.933915376663208 360
4.940558671951294 360
4.94814395904541 360
4.953927993774414 360
4.960583925247192 360
4.967263221740723 360
4.9730448722839355 360
4.979456186294556 360
4.985907554626465 360
4.99169659614563 360
4.999395847320557 360
5.005470037460327 360
5.011809825897217 360
5.018696308135986 360
5.024177551269531 360
5.030864238739014 360
5.037557601928711 360
5.043398857116699 360
5.05071234703064 360
5.057370185852051 360
5.063205242156982 360
5.069781541824341 360
5.076724290847778 360
5.082115173339844 360
5.089002847671509 360
5.094691038131714 360
5.101945638656616 360
5.108788251876831 360
5.114452600479126 360
5.120869159698486 360
5.127743244171143 360
5.1335837841033936 360
5.140198469161987 360
5.147810697555542 360
5.153629302978516 360
5.160054445266724 360
5.170596361160278 360
5.177407503128052 360
5.183231592178345 360
5.189883470535278 360
5.196800708770752 360
5.2034173011779785 360
5.209831714630127 360
5.216754198074341 360
5.222132444381714 360
5.229015827178955 360
5.234712839126587 360
5.241103410720825 360
5.24903130531311 360
5.254765510559082 360
5.261163949966431 360
5.267989158630371 360
5.273780107498169 360
5.280162334442139 360
5.2871010303497314 360
5.292900085449219 360
5.300121307373047 360
5.307259559631348 360
5.31305456161499 360
5.319495439529419 360
5.325968027114868 360
5.331752061843872 360
5.338591814041138 360
5.344040393829346 360
5.351710319519043 360
5.358199834823608 360
5.363993406295776 360
5.370854616165161 360
5.377574682235718 360
5.383356809616089 360
5.389755725860596 360
5.396462440490723 360
5.403422594070435 360
5.409860134124756 360
5.416701793670654 360
5.422084808349609 360
5.429103851318359 360
5.4347984790802 360
5.441218376159668 360
5.447863340377808 360
5.454685688018799 360
5.461061239242554 360
5.467762470245361 360
5.473527669906616 360
5.47994065284729 360
5.487034559249878 360
5.492846965789795 360
5.499344348907471 360
5.507036209106445 360
5.512704133987427 360
5.5192155838012695 360
5.525355100631714 360
5.531723976135254 360
5.538195610046387 360
5.543992042541504 360
5.5508153438568115 360
5.559388160705566 360
5.56953763961792 360
5.576006889343262 360
5.581961154937744 360
5.58891224861145 360
5.5946033000946045 360
5.601009845733643 360
5.608973741531372 360
5.614670276641846 360
5.621078729629517 360
5.627737760543823 360
5.6335530281066895 360
5.6399500370025635 360
5.646921634674072 360
5.652599811553955 360
5.660126209259033 360
5.66721510887146 360
5.672977924346924 360
5.679443120956421 360
5.6858909130096436 360
5.691673278808594 360
5.6981401443481445 360
5.70396089553833 360
5.711495399475098 360
5.718044757843018 360
5.723800182342529 360
5.730546474456787 360
5.737262964248657 360
5.743034362792969 360
5.749460697174072 360
5.7558863162994385 360
5.762887001037598 360
5.769335508346558 360
5.775398015975952 360
5.781514883041382 360
5.788208484649658 360
5.794000148773193 360
5.800703763961792 360
5.808138847351074 360
5.813947439193726 360
5.820593357086182 360
5.827272176742554 360
5.8330652713775635 360
5.8394880294799805 360
5.845961332321167 360
5.851886987686157 360
5.862035512924194 360
5.873690843582153 360
5.880118131637573 360
5.887088060379028 360
5.892871856689453 360
5.899335861206055 360
5.905386686325073 360
5.912976264953613 360
5.919561386108398 360
5.926012992858887 360
5.931788682937622 360
5.938633680343628 360
5.94409441947937 360
5.950770378112793 360
5.957455396652222 360
5.968044996261597 360
5.974880933761597 360
5.981497287750244 360
5.9881932735443115 360
5.993984222412109 360
6.000786304473877 360
6.007500648498535 360
6.01415753364563 360
6.020808219909668 360
6.027631044387817 360
6.033448219299316 360
6.039860486984253 360
6.046882390975952 360
6.05258846282959 360
6.059149503707886 360
6.0669264793396 360
6.072594404220581 360
6.079152345657349 360
6.084890365600586 360
6.0915367603302 360
6.098639726638794 360
6.104114770889282 360
6.110758543014526 360
6.11819052696228 360
6.1239988803863525 360
6.13065505027771 360
6.137330055236816 360
6.143144369125366 360
6.149749279022217 360
6.15669846534729 360
6.162082672119141 360
6.169770240783691 360
6.176495790481567 360
6.182427883148193 360
6.189068078994751 360
6.194773197174072 360
6.201151609420776 360
6.2080466747283936 360
6.214959144592285 360
6.221334934234619 360
6.22798490524292 360
6.233837127685547 360
6.24044942855835 360
6.247143983840942 360
6.252922058105469 360
6.259338855743408 360
6.267184734344482 360
6.27298378944397 360
6.279414176940918 360
6.28545355796814 360
6.2916259765625 360
6.29806923866272 360
6.303846120834351 360
6.3106536865234375 360
6.318063020706177 360
6.3238441944122314 360
6.330636024475098 360
6.337378263473511 360
6.343200206756592 360
6.349661111831665 360
6.356140375137329 360
6.361985445022583 360
6.373296737670898 360
6.379843473434448 360
6.386984348297119 360
6.39272141456604 360
6.399380683898926 360
6.405461549758911 360
6.411618232727051 360
6.421919107437134 360
6.428776264190674 360
6.434205055236816 360
6.441032409667969 360
6.447876691818237 360
6.453694105148315 360
6.460081100463867 360
6.466998815536499 360
6.473582744598389 360
6.480000257492065 360
6.486937046051025 360
6.492628812789917 360
6.499178886413574 360
6.504875421524048 360
6.511613845825195 360
6.518069744110107 360
6.5253307819366455 360
6.531366348266602 360
6.538008689880371 360
6.543808698654175 360
6.550196170806885 360
6.557121276855469 360
6.563598394393921 360
6.57129979133606 360
6.577983379364014 360
6.583793640136719 360
6.59014630317688 360
6.597053289413452 360
6.602917909622192 360
6.60933518409729 360
6.615408658981323 360
6.622799396514893 360
6.629444360733032 360
6.635911464691162 360
6.64166784286499 360
6.648097038269043 360
6.6538848876953125 360
6.660537242889404 360
6.667246103286743 360
6.673800945281982 360
6.680194139480591 360
6.6872522830963135 360
6.6930365562438965 360
6.699617624282837 360
6.706089973449707 360
6.711869478225708 360
6.718680381774902 360
6.725982666015625 360
6.731834888458252 360
6.738638639450073 360
6.744078159332275 360
6.75091552734375 360
6.75761342048645 360
6.763424396514893 360
6.774648904800415 360
6.781236886978149 360
6.7880260944366455 360
6.793796062469482 360
6.800521373748779 360
6.807362794876099 360
6.813201665878296 360
6.819599390029907 360
6.828176975250244 360
6.833975315093994 360
6.84067964553833 360
6.847334861755371 360
6.853142976760864 360
6.859510898590088 360
6.865991115570068 360
6.87196946144104 360
6.879459619522095 360
6.885899066925049 360
6.891665458679199 360
6.898108243942261 360
6.9039552211761475 360
6.910598278045654 360
6.917255401611328 360
6.923028230667114 360
6.930479526519775 360
6.93718147277832 360
6.942958831787109 360
6.9493677616119385 360
6.955446481704712 360
6.9618189334869385 360
6.968640565872192 360
6.974105596542358 360
6.981711149215698 360
6.988685607910156 360
6.994168758392334 360
7.0008392333984375 360
7.007525682449341 360
7.013326644897461 360
7.01972222328186 360
7.026435852050781 360
7.033272981643677 360
7.039654970169067 360
7.046144723892212 360
7.052128553390503 360
7.058908224105835 360
7.064592361450195 360
7.070986986160278 360
7.077667474746704 360
7.084505796432495 360
7.091076374053955 360
7.097723960876465 360
7.103485345840454 360
7.1100146770477295 360
7.116937160491943 360
7.122618675231934 360
7.129162549972534 360
7.136918306350708 360
7.142653226852417 360
7.149155855178833 360
7.154958963394165 360
7.161321401596069 360
7.1718950271606445 360
7.178866863250732 360
7.186156272888184 360
7.192081451416016 360
7.199062347412109 360
7.204717397689819 360
7.211090087890625 360
7.217907428741455 360
7.2245988845825195 360
7.232172966003418 360
7.239041090011597 360
7.244710922241211 360
7.2510786056518555 360
7.257781505584717 360
7.263583183288574 360
7.269984245300293 360
7.283337116241455 360
7.289966344833374 360
7.296933174133301 360
7.302631378173828 360
7.309158802032471 360
7.314893007278442 360
7.321281909942627 360
7.327927589416504 360
7.3347461223602295 360
7.341143846511841 360
7.348037958145142 360
7.353835821151733 360
7.36044979095459 360
7.367126226425171 360
7.372893571853638 360
7.379344463348389 360
7.387067079544067 360
7.392913579940796 360
7.399348735809326 360
7.405398368835449 360
7.411809206008911 360
7.418633937835693 360
7.424114465713501 360
7.430800676345825 360
7.438189744949341 360
7.443983554840088 360
7.450656890869141 360
7.457359313964844 360
7.463174819946289 360
7.469736814498901 360
7.476428985595703 360
7.482179641723633 360
7.489710330963135 360
7.49617862701416 360
7.501986026763916 360
7.508747100830078 360
7.514199256896973 360
7.520885229110718 360
7.527759552001953 360
7.533584356307983 360
7.540968179702759 360
7.5476462841033936 360
7.553433179855347 360
7.560854196548462 360
7.567541837692261 360
7.577848434448242 360
7.583660364151001 360
7.591537237167358 360
7.598175525665283 360
7.6039814949035645 360
7.610823154449463 360
7.6175267696380615 360
7.6233532428741455 360
7.6297926902771 360
7.636706352233887 360
7.643374443054199 360
7.649946212768555 360
7.656931638717651 360
7.662632703781128 360
7.669172525405884 360
7.674871444702148 360
7.681284666061401 360
7.687947511672974 360
7.694803953170776 360
7.701219320297241 360
7.708037376403809 360
7.713829278945923 360
7.7204344272613525 360
7.72712254524231 360
7.732913255691528 360
7.740554571151733 360
7.747264385223389 360
7.753037929534912 360
7.759482383728027 360
7.766000270843506 360
7.771956205368042 360
7.778738975524902 360
7.78417706489563 360
7.791805267333984 360
7.798668622970581 360
7.804136276245117 360
7.8107850551605225 360
7.817514181137085 360
7.823308706283569 360
7.829896450042725 360
7.836792707443237 360
7.8434529304504395 360
7.849873065948486 360
7.856802463531494 360
7.862435817718506 360
7.8692405223846436 360
7.875333786010742 360
7.881520509719849 360
7.8882012367248535 360
7.895350694656372 360
7.901485204696655 360
7.908010244369507 360
7.913795471191406 360
7.920191526412964 360
7.927113056182861 360
7.932901620864868 360
7.93932318687439 360
7.947120189666748 360
7.952930450439453 360
7.959327459335327 360
7.965397357940674 360
7.978901147842407 360
7.984631776809692 360
7.991169691085815 360
7.999352931976318 360
8.005443811416626 360
8.011795043945312 360
8.018635511398315 360
8.024115324020386 360
8.030760288238525 360
8.037468910217285 360
8.043256759643555 360
8.050715923309326 360
8.05738639831543 360
8.06318187713623 360
8.069733381271362 360
8.076470136642456 360
8.082010269165039 360
8.08880615234375 360
8.094463586807251 360
8.101850748062134 360
8.108633995056152 360
8.114131689071655 360
8.120766639709473 360
8.127657651901245 360
8.133467435836792 360
8.139864444732666 360
8.147509574890137 360
8.153334617614746 360
8.159762620925903 360
8.166470050811768 360
8.172017097473145 360
8.178829431533813 360
8.184491634368896 360
8.191070795059204 360
8.198917150497437 360
8.204607963562012 360
8.211002588272095 360
8.217719078063965 360
8.223498106002808 360
8.229905366897583 360
8.236839532852173 360
8.242518663406372 360
8.250011205673218 360
8.257113218307495 360
8.262917041778564 360
8.269343376159668 360
8.275389909744263 360
8.281555891036987 360
8.288081645965576 360
8.293893575668335 360
8.301226139068604 360
8.30806827545166 360
8.313876152038574 360
8.320505857467651 360
8.327186822891235 360
8.332963705062866 360
8.339412927627563 360
8.345837593078613 360
8.35285210609436 360
8.359248161315918 360
8.364927053451538 360
8.371676683425903 360
8.38195013999939 360
8.389037609100342 360
8.394710063934326 360
8.402531862258911 360
8.409229755401611 360
8.414945125579834 360
8.421335220336914 360
8.428192377090454 360
8.434001922607422 360
8.440645694732666 360
8.44731330871582 360
8.453930139541626 360
8.460629940032959 360
8.467312812805176 360
8.473145246505737 360
8.479555130004883 360
8.486061096191406 360
8.492002725601196 360
8.498772859573364 360
8.506035804748535 360
8.511825561523438 360
8.518848657608032 360
8.524539709091187 360
8.530934572219849 360
8.537667512893677 360
8.543471574783325 360
8.550020217895508 360
8.55876111984253 360
8.564196586608887 360
8.570877313613892 360
8.57762885093689 360
8.5834379196167 360
8.589837789535522 360
8.596705913543701 360
8.602113008499146 360
8.609889030456543 360
8.61687684059143 360
8.622584104537964 360
8.629116773605347 360
8.63490343093872 360
8.641301155090332 360
8.648109912872314 360
8.65494990348816 360
8.661484956741333 360
8.668191194534302 360
8.674003601074219 360
8.680649518966675 360
8.687331676483154 360
8.693148374557495 360
8.699559211730957 360
8.707122802734375 360
8.712914943695068 360
8.719350337982178 360
8.725436210632324 360
8.731807231903076 360
8.738640785217285 360
8.744125843048096 360
8.750771522521973 360
8.758151531219482 360
8.763949394226074 360
8.770585536956787 360
8.78096342086792 360
8.787905931472778 360
8.7936851978302 360
8.800453901290894 360
8.807952642440796 360
8.813884973526001 360
8.820535898208618 360
8.82724666595459 360
8.833033561706543 360
8.839435577392578 360
8.845932960510254 360
8.851856231689453 360
8.8595449924469 360
8.866023540496826 360
8.87180781364441 360
8.878665447235107 360
8.884132862091064 360
8.890769720077515 360
8.897465944290161 360
8.903225183486938 360
8.91093134880066 360
8.917605638504028 360
8.923412561416626 360
8.929773569107056 360
8.93649172782898 360
8.942074537277222 360
8.948861360549927 360
8.954539060592651 360
8.961899518966675 360
8.968920469284058 360
8.97461748123169 360
8.981013774871826 360
8.987669467926025 360
8.993443489074707 360
8.99986457824707 360
9.00674819946289 360
9.013393878936768 360
9.019797086715698 360
9.02687382698059 360
9.032557725906372 360
9.039260625839233 360
9.045367002487183 360
9.051504850387573 360
9.058204412460327 360
9.065428018569946 360
9.071614503860474 360
9.078075408935547 360
9.083874940872192 360
9.090704679489136 360
9.097335577011108 360
9.103134155273438 360
9.10952615737915 360
9.117283344268799 360
9.123044729232788 360
9.129460573196411 360
9.135940790176392 360
9.141727924346924 360
9.148733139038086 360
9.154172658920288 360
9.160858392715454 360
9.168825149536133 360
9.174499750137329 360
9.184720277786255 360
9.191250562667847 360
9.19806957244873 360
9.20386004447937 360
9.210896492004395 360
9.218651056289673 360
9.224116325378418 360
9.230751991271973 360
9.237462282180786 360
9.243250608444214 360
9.24967098236084 360
9.256145715713501 360
9.26195216178894 360
9.269765853881836 360
9.27649450302124 360
9.283684492111206 360
9.29010009765625 360
9.297178268432617 360
9.302981615066528 360
9.309426069259644 360
9.317266702651978 360
9.323057889938354 360
9.329643487930298 360
9.336106777191162 360
9.341895818710327 360
9.348689317703247 360
9.354161739349365 360
9.360863447189331 360
9.368638515472412 360
9.374099969863892 360
9.380750179290771 360
9.387605905532837 360
9.393419027328491 360
9.39983344078064 360
9.40672755241394 360
9.412124156951904 360
9.419718742370605 360
9.426190614700317 360
9.432185173034668 360
9.439040184020996 360
9.444738626480103 360
9.451299905776978 360
9.458146095275879 360
9.463960409164429 360
9.47163987159729 360
9.478090286254883 360
9.48388147354126 360
9.490513563156128 360
9.497188568115234 360
9.502977132797241 360
9.509565830230713 360
9.516022205352783 360
9.523054122924805 360
9.529483318328857 360
9.535987377166748 360
9.541765213012695 360
9.548604011535645 360
9.554092168807983 360
9.561792850494385 360
9.569518566131592 360
9.576038837432861 360
9.586449146270752 360
9.592157363891602 360
9.599211692810059 360
9.605343103408813 360
9.611668348312378 360
9.618111371994019 360
9.625397205352783 360
9.631715774536133 360
9.638533592224121 360
9.644023656845093 360
9.650692462921143 360
9.657381057739258 360
9.663212299346924 360
9.6696298122406 360
9.677360534667969 360
9.683194398880005 360
9.689826965332031 360
9.696715593338013 360
9.702115297317505 360
9.708949089050293 360
9.714656114578247 360
9.722041368484497 360
9.72947359085083 360
9.741230249404907 360
9.748088121414185 360
9.75389838218689 360
9.760501146316528 360
9.767210721969604 360
9.773891925811768 360
9.78054141998291 360
9.787238121032715 360
9.793028593063354 360
9.799482822418213 360
9.805999040603638 360
9.811938762664795 360
9.81890320777893 360
9.826194286346436 360
9.831993579864502 360
9.83880352973938 360
9.844482898712158 360
9.850927352905273 360
9.857635021209717 360
9.863471508026123 360
9.870040655136108 360
9.877732515335083 360
9.883518695831299 360
9.88993215560913 360
9.896906614303589 360
9.902601957321167 360
9.909164428710938 360
9.914881706237793 360
9.921270370483398 360
9.929314374923706 360
9.935396194458008 360
9.941506385803223 360
9.948188304901123 360
9.953996419906616 360
9.9606294631958 360
9.96732234954834 360
9.973147630691528 360
9.984088897705078 360
9.991003274917603 360
9.997833967208862 360
