0 0 0
0 0 0
0.03794097900390625 0 0
0.04457592964172363 0 -2
0.05005383491516113 -1 -7
0.05664539337158203 -1 -43
0.06475329399108887 -3 -72
0.07355642318725586 -5 -181
0.07952356338500977 -7 -283
0.08617687225341797 -10 -315
0.09273338317871094 -12 -370
0.09835362434387207 -15 -397
0.10467815399169922 -18 -434
0.11019372940063477 -22 -474
0.11655569076538086 -25 -504
0.12438678741455078 -28 -528
0.12992215156555176 -32 -556
0.13616323471069336 -35 -576
0.1427016258239746 -39 -595
0.14818906784057617 -43 -608
0.15461111068725586 -47 -625
0.16012310981750488 -52 -643
0.1663358211517334 -55 -661
0.1740128993988037 -60 -676
0.17937135696411133 -64 -677
0.18560361862182617 -68 -687
0.19223785400390625 -73 -691
0.20275115966796875 -79 -702
0.20828938484191895 -84 -710
0.21486902236938477 -90 -717
0.2221970558166504 -94 -723
0.22799181938171387 -99 -729
0.23464465141296387 -103 -737
0.2401883602142334 -109 -736
0.2463817596435547 -112 -736
0.25304079055786133 -117 -737
0.258744478225708 -121 -739
0.2649996280670166 -127 -748
0.2726285457611084 -131 -754
0.2781345844268799 -136 -754
0.2845284938812256 -140 -756
0.2900862693786621 -146 -753
0.29651761054992676 -149 -755
0.3030726909637451 -155 -758
0.3087482452392578 -159 -759
0.3150341510772705 -165 -760
0.32254672050476074 -169 -766
0.3281381130218506 -174 -768
0.33452534675598145 -179 -770
0.34008264541625977 -185 -764
0.3463442325592041 -187 -763
0.3530299663543701 -194 -762
0.35872507095336914 -197 -764
0.36499762535095215 -203 -770
0.37059688568115234 -207 -772
0.37795114517211914 -212 -773
0.3846251964569092 -217 -773
0.39010071754455566 -223 -772
0.3963472843170166 -226 -773
0.40292978286743164 -232 -771
0.4085235595703125 -235 -768
0.41501355171203613 -241 -769
0.42056870460510254 -246 -779
0.42795729637145996 -251 -779
0.43440699577331543 -256 -780
0.43994951248168945 -260 -775
0.4461383819580078 -265 -773
0.452716588973999 -269 -772
0.4582397937774658 -274 -774
0.4646568298339844 -279 -776
0.47019076347351074 -285 -775
0.47764062881469727 -290 -777
0.4843761920928955 -295 -777
0.48992156982421875 -299 -777
0.4961421489715576 -304 -774
0.502699613571167 -308 -768
0.5082459449768066 -313 -775
0.5148580074310303 -319 -776
0.5203571319580078 -324 -783
0.5274622440338135 -329 -780
0.5343389511108398 -333 -776
0.5396428108215332 -338 -772
0.5460999011993408 -343 -774
0.552609920501709 -347 -772
0.558112621307373 -352 -775
0.5645103454589844 -357 -775
0.5700321197509766 -363 -779
0.5773148536682129 -367 -783
0.5836319923400879 -372 -782
0.5893218517303467 -377 -773
0.5959587097167969 -381 -767
0.6061973571777344 -389 -776
0.6128883361816406 -395 -780
0.6184835433959961 -399 -779
0.6249501705169678 -405 -780
0.632483720779419 -409 -777
0.6379213333129883 -414 -777
0.6446137428283691 -419 -778
0.650118350982666 -425 -773
0.6564702987670898 -428 -770
0.6629879474639893 -434 -778
0.6685888767242432 -437 -782
0.6749095916748047 -444 -783
0.6822605133056641 -448 -778
0.6876721382141113 -453 -773
0.6943840980529785 -457 -773
0.699979305267334 -462 -773
0.7062211036682129 -467 -775
0.7128932476043701 -473 -778
0.7184879779815674 -476 -777
0.7248213291168213 -483 -779
0.7322423458099365 -487 -780
0.7379128932952881 -492 -777
0.7443974018096924 -497 -773
0.7499163150787354 -501 -770
0.7561795711517334 -506 -771
0.7627217769622803 -511 -777
0.7682344913482666 -515 -781
0.7748599052429199 -521 -781
0.7825314998626709 -526 -777
0.7879981994628906 -531 -777
0.7944815158843994 -535 -775
0.8000228404998779 -541 -773
0.8062376976013184 -545 -773
0.8128137588500977 -549 -774
0.8183784484863281 -554 -782
0.8247168064117432 -559 -785
0.8321583271026611 -565 -778
0.8380045890808105 -569 -775
0.8444421291351318 -574 -770
0.8500111103057861 -579 -772
0.8562252521514893 -583 -776
0.8627934455871582 -588 -779
0.8683764934539795 -593 -779
0.874732494354248 -597 -779
0.8820879459381104 -604 -781
0.8874645233154297 -609 -782
0.8943662643432617 -613 -776
0.8996775150299072 -617 -773
0.906313419342041 -622 -772
0.9128248691558838 -629 -779
0.9184112548828125 -632 -784
0.9247162342071533 -637 -786
0.9319496154785156 -643 -776
0.9373648166656494 -647 -772
0.9436712265014648 -652 -777
0.9493453502655029 -657 -775
0.9559645652770996 -661 -774
0.9624972343444824 -666 -779
0.9679968357086182 -671 -779
0.9744517803192139 -675 -781
0.9799916744232178 -681 -782
0.9869959354400635 -686 -780
0.9933974742889404 -691 -773
0.99910569190979 -699 -774
1.0091843605041504 -703 -779
1.0159127712249756 -708 -779
1.0222516059875488 -713 -780
1.0288965702056885 -719 -780
1.036468267440796 -723 -778
1.0430123805999756 -730 -777
1.0486149787902832 -733 -777
1.0549144744873047 -739 -772
1.060486078262329 -744 -775
1.0666701793670654 -748 -777
1.0733256340026855 -753 -787
1.0789823532104492 -758 -777
1.086214303970337 -762 -776
1.0927531719207764 -767 -767
1.098254680633545 -771 -774
1.1046595573425293 -776 -777
1.1102180480957031 -783 -780
1.1164255142211914 -785 -779
1.1229846477508545 -792 -779
1.128636360168457 -795 -778
1.1359844207763672 -801 -778
1.142531394958496 -806 -774
1.1479854583740234 -811 -768
1.154496192932129 -815 -775
1.1600041389465332 -820 -779
1.1664083003997803 -825 -781
1.172905445098877 -831 -779
1.1784825325012207 -834 -777
1.185553789138794 -840 -770
1.1921448707580566 -845 -774
1.1979408264160156 -849 -772
1.204406976699829 -854 -775
1.209923267364502 -859 -781
1.2161095142364502 -863 -781
1.2226462364196777 -868 -780
1.228144884109497 -873 -781
1.2345085144042969 -879 -773
1.241661548614502 -883 -773
1.2472872734069824 -888 -768
1.2541308403015137 -893 -779
1.2594139575958252 -897 -781
1.2656207084655762 -902 -781
1.2721617221832275 -907 -779
1.2775685787200928 -911 -777
1.2842421531677246 -916 -777
1.2905597686767578 -923 -776
1.2970061302185059 -927 -777
1.3034675121307373 -932 -779
1.309128761291504 -937 -780
1.3155279159545898 -941 -782
1.322129487991333 -946 -783
1.3275039196014404 -951 -776
1.3342235088348389 -955 -768
1.340552568435669 -961 -772
1.3467168807983398 -966 -777
1.3532402515411377 -971 -783
1.3589057922363281 -975 -782
1.3650965690612793 -980 -781
1.370990514755249 -985 -775
1.3770956993103027 -989 -776
1.3834798336029053 -994 -774
1.3902344703674316 -1000 -771
1.396437168121338 -1003 -778
1.405545711517334 -1011 -781
1.4131901264190674 -1017 -785
1.4188647270202637 -1022 -781
1.4253406524658203 -1027 -776
1.4316561222076416 -1031 -771
1.4375462532043457 -1036 -776
1.445059061050415 -1042 -779
1.4505906105041504 -1047 -780
1.456782579421997 -1051 -780
1.4633231163024902 -1056 -778
1.4690053462982178 -1061 -778
1.4752013683319092 -1065 -779
1.481475591659546 -1070 -775
1.4869916439056396 -1075 -770
1.4947633743286133 -1079 -774
1.5003557205200195 -1086 -780
1.506556510925293 -1089 -781
1.5131185054779053 -1095 -783
1.5187783241271973 -1098 -777
1.5250349044799805 -1105 -771
1.530587911605835 -1109 -773
1.5367741584777832 -1114 -775
1.5444629192352295 -1119 -780
1.550018548965454 -1123 -781
1.556455135345459 -1128 -779
1.5629606246948242 -1134 -782
1.5685384273529053 -1137 -780
1.5748529434204102 -1143 -775
1.5804197788238525 -1148 -773
1.5866053104400635 -1151 -773
1.5941948890686035 -1157 -777
1.5994658470153809 -1162 -783
1.606001853942871 -1167 -780
1.6126911640167236 -1171 -775
1.6182215213775635 -1176 -774
1.6245737075805664 -1181 -773
1.6301021575927734 -1187 -773
1.636324405670166 -1190 -777
1.6435811519622803 -1196 -779
1.6493308544158936 -1201 -778
1.6555495262145996 -1205 -782
1.6621208190917969 -1210 -777
1.6675269603729248 -1215 -775
1.6743900775909424 -1219 -769
1.679929494857788 -1224 -771
1.686319351196289 -1229 -779
1.6928825378417969 -1235 -784
1.6993286609649658 -1240 -777
1.7055330276489258 -1245 -777
1.71207594871521 -1249 -778
1.7174575328826904 -1254 -779
1.7241382598876953 -1259 -778
1.7294721603393555 -1263 -773
1.7360868453979492 -1268 -774
1.7426128387451172 -1272 -776
1.7490170001983643 -1279 -783
1.7552387714385986 -1283 -785
1.7615199089050293 -1288 -777
1.7671687602996826 -1293 -772
1.7741484642028809 -1297 -769
1.7799878120422363 -1302 -774
1.7862155437469482 -1307 -778
1.792891502380371 -1313 -779
1.7993907928466797 -1317 -776
1.8094024658203125 -1325 -781
1.816152572631836 -1330 -776
1.8282344341278076 -1339 -768
1.834867238998413 -1345 -771
1.840397834777832 -1350 -779
1.8476588726043701 -1355 -785
1.8545753955841064 -1359 -779
1.860142707824707 -1365 -780
1.8663365840911865 -1369 -772
1.8728830814361572 -1375 -775
1.8784887790679932 -1378 -775
1.8848531246185303 -1384 -773
1.890408992767334 -1389 -773
1.897599220275879 -1393 -779
1.9043631553649902 -1398 -784
1.9096758365631104 -1403 -782
1.9163298606872559 -1407 -776
1.9228739738464355 -1414 -769
1.928473711013794 -1417 -770
1.9348509311676025 -1423 -775
1.9403839111328125 -1428 -777
1.9479286670684814 -1433 -780
1.9544968605041504 -1437 -777
1.9600880146026611 -1443 -779
1.9663200378417969 -1447 -778
1.9730355739593506 -1453 -774
1.9786360263824463 -1455 -772
1.9849576950073242 -1462 -776
1.9905402660369873 -1467 -780
1.9967455863952637 -1471 -782
2.0044355392456055 -1476 -781
2.0099937915802 -1481 -776
2.016235113143921 -1485 -771
2.0227749347686768 -1490 -772
2.029106616973877 -1496 -775
2.0355148315429688 -1501 -777
2.0421159267425537 -1505 -778
2.047523260116577 -1510 -780
2.0550620555877686 -1517 -779
2.061004638671875 -1521 -778
2.0668251514434814 -1525 -774
2.0735654830932617 -1530 -770
2.0793259143829346 -1535 -773
2.0855724811553955 -1539 -779
2.0921616554260254 -1544 -785
2.0981061458587646 -1549 -781
2.1052932739257812 -1555 -780
2.1116175651550293 -1560 -772
2.1173095703125 -1565 -771
2.124011278152466 -1569 -773
2.129366397857666 -1574 -778
2.135589838027954 -1578 -776
2.142169952392578 -1583 -775
2.147566556930542 -1588 -781
2.1552135944366455 -1594 -778
2.161508560180664 -1599 -775
2.167175531387329 -1603 -773
2.1734821796417236 -1608 -770
2.179196357727051 -1613 -776
2.1854190826416016 -1617 -780
2.1919970512390137 -1622 -781
2.1974587440490723 -1627 -781
2.2087671756744385 -1634 -773
2.2152774333953857 -1641 -774
2.2216155529022217 -1645 -774
2.2274320125579834 -1650 -776
2.23429799079895 -1655 -776
2.239591360092163 -1659 -781
2.2460105419158936 -1664 -783
2.2532312870025635 -1670 -779
2.258967399597168 -1675 -771
2.265185594558716 -1679 -773
2.2714672088623047 -1684 -773
2.2772696018218994 -1689 -780
2.2836029529571533 -1693 -780
2.2893221378326416 -1698 -779
2.2955665588378906 -1703 -777
2.302147150039673 -1709 -777
2.3088181018829346 -1713 -774
2.3150923252105713 -1718 -776
2.3209941387176514 -1723 -772
2.3268063068389893 -1727 -770
2.3335676193237305 -1732 -783
2.339259386062622 -1737 -781
2.3455448150634766 -1741 -779
2.3521029949188232 -1746 -778
2.3587613105773926 -1751 -770
2.3650264739990234 -1757 -772
2.3710272312164307 -1762 -776
2.3769917488098145 -1767 -777
2.383409023284912 -1771 -776
2.3891167640686035 -1776 -779
2.3955209255218506 -1781 -778
2.4021167755126953 -1785 -779
2.408874273300171 -1791 -773
2.4150753021240234 -1796 -770
2.4209964275360107 -1801 -770
2.4268579483032227 -1805 -775
2.4333789348602295 -1810 -783
2.4390294551849365 -1815 -779
2.445244789123535 -1819 -781
2.4515271186828613 -1824 -775
2.4585225582122803 -1829 -777
2.4649932384490967 -1835 -773
2.4705727100372314 -1839 -772
2.476809501647949 -1844 -776
2.4833781719207764 -1849 -778
2.489083766937256 -1853 -780
2.49530029296875 -1858 -778
2.501650810241699 -1863 -774
2.5084691047668457 -1867 -768
2.5149621963500977 -1873 -772
2.520514965057373 -1878 -774
2.5267210006713867 -1883 -782
2.533240556716919 -1887 -782
2.538945198059082 -1892 -776
2.5451717376708984 -1897 -776
2.5510964393615723 -1901 -774
2.5582435131073 -1906 -773
2.564685344696045 -1911 -775
2.57022762298584 -1917 -772
2.576587200164795 -1920 -777
2.583106517791748 -1927 -780
2.588784694671631 -1929 -781
2.5951952934265137 -1936 -777
2.601494073867798 -1940 -771
2.6131370067596436 -1950 -773
2.618840217590332 -1954 -780
2.6252148151397705 -1959 -781
2.631584405899048 -1963 -780
2.637477159500122 -1968 -777
2.644183397293091 -1973 -779
2.649463176727295 -1977 -777
2.655918836593628 -1982 -772
2.6633408069610596 -1989 -772
2.66902232170105 -1993 -775
2.6752285957336426 -1998 -776
2.681504249572754 -2003 -780
2.6870784759521484 -2007 -781
2.693636417388916 -2012 -778
2.6993300914764404 -2017 -774
2.7055470943450928 -2021 -775
2.7131667137145996 -2027 -775
2.7188479900360107 -2032 -777
2.725226402282715 -2037 -778
2.7314906120300293 -2041 -780
2.7370738983154297 -2046 -781
2.7434678077697754 -2051 -777
2.749164581298828 -2055 -771
2.7555902004241943 -2060 -768
2.763108491897583 -2066 -771
2.768801212310791 -2069 -779
2.77506947517395 -2075 -779
2.7809932231903076 -2080 -779
2.786846160888672 -2085 -778
2.7933967113494873 -2089 -773
2.7991085052490234 -2094 -773
2.805384397506714 -2099 -775
2.813014268875122 -2105 -775
2.818723678588867 -2108 -775
2.8250017166137695 -2114 -779
2.8305578231811523 -2119 -782
2.836796522140503 -2124 -780
2.8433539867401123 -2128 -776
2.8490302562713623 -2133 -770
2.855424642562866 -2137 -772
2.862001419067383 -2144 -777
2.86862850189209 -2147 -782
2.875265121459961 -2153 -783
2.881556749343872 -2158 -777
2.8871960639953613 -2163 -776
2.8935365676879883 -2167 -775
2.899205207824707 -2172 -776
2.9054148197174072 -2177 -774
2.9119977951049805 -2183 -779
2.918727159500122 -2186 -776
2.925029754638672 -2192 -779
2.93057918548584 -2197 -779
2.93709659576416 -2201 -774
2.9434852600097656 -2206 -773
2.9491782188415527 -2211 -774
2.95542311668396 -2215 -780
2.9619407653808594 -2220 -783
2.968571662902832 -2225 -781
2.9749133586883545 -2231 -777
2.9804840087890625 -2235 -773
2.986833333969116 -2240 -775
2.9935266971588135 -2245 -772
2.9991953372955322 -2249 -773
