0 0 0
0 0 0
0.02195906639099121 0 0
0.028676509857177734 0 0
0.03407144546508789 0 0
0.04082775115966797 0 0
0.048436641693115234 0 0
0.05366015434265137 0 0
0.06022238731384277 0 0
0.06673121452331543 0 0
0.07213068008422852 0 0
0.07870054244995117 0 0
0.08411026000976562 0 0
0.09123015403747559 0 0
0.09742975234985352 0 0
0.10300469398498535 0 0
0.10913515090942383 0 0
0.11652994155883789 0 0
0.12190842628479004 0 0
0.1282961368560791 0 0
0.1334681510925293 0 0
0.1410074234008789 0 0
0.1473393440246582 0 0
0.15290069580078125 0 0
0.15917658805847168 0 0
0.1650090217590332 0 0
0.17078638076782227 0 0
0.18103265762329102 0 0
0.18749690055847168 0 0
0.19406771659851074 0 0
0.2004685401916504 0 0
0.20700764656066895 0 0
0.21249842643737793 0 0
0.2186892032623291 0 0
0.22409844398498535 0 0
0.23021578788757324 0 0
0.2366960048675537 0 0
0.24407052993774414 0 0
0.2501976490020752 0 0
0.2568542957305908 0 0
0.2622389793395996 0 0
0.26851582527160645 0 0
0.2739548683166504 0 0
0.2800624370574951 0 0
0.28663039207458496 0 0
0.2930176258087158 0 0
0.2992255687713623 0 0
0.3050720691680908 0 0
0.31078410148620605 0 0
0.3173999786376953 0 0
0.3229691982269287 0 0
0.3290901184082031 0 0
0.33455920219421387 0 0
0.3416249752044678 0 0
0.34824371337890625 0 0
0.35346245765686035 0 0
0.3595905303955078 0 0
0.36606574058532715 0 0
0.3713860511779785 0 0
0.3781726360321045 0 0
0.3833491802215576 0 0
0.38947081565856934 0 0
0.39695000648498535 0 0
0.4024374485015869 0 0
0.40862464904785156 0 0
0.4140596389770508 0 0
0.4203615188598633 0 0
0.4268019199371338 0 0
0.43219733238220215 0 0
0.43865275382995605 0 0
0.44556570053100586 0 0
0.4510645866394043 0 0
0.457338809967041 0 0
0.4629325866699219 0 0
0.4690673351287842 0 0
0.47452425956726074 0 0
0.4806642532348633 0 0
0.4871187210083008 0 0
0.493363618850708 0 0
0.4999234676361084 0 0
0.506148099899292 0 0
0.5114545822143555 0 0
0.5176370143890381 0 0
0.5231983661651611 0 0
0.5293352603912354 0 0
0.5355613231658936 0 0
0.5410261154174805 0 0
0.5486841201782227 0 0
0.5540676116943359 0 0
0.5604126453399658 0 0
0.5667734146118164 0 0
0.5721964836120605 0 0
0.582230806350708 0 0
0.5886578559875488 0 0
0.5940616130828857 0 0
0.601245641708374 0 0
0.6076085567474365 0 0
0.6131513118743896 0 0
0.6194193363189697 0 0
0.6256215572357178 0 0
0.6310698986053467 0 0
0.6373682022094727 0 0
0.6428971290588379 0 0
0.6496505737304688 0 0
0.6560683250427246 0 0
0.6613485813140869 0 0
0.6675755977630615 0 0
0.6731796264648438 0 0
0.6794703006744385 0 0
0.685662031173706 0 0
0.6912899017333984 0 0
0.6986229419708252 0 0
0.7040398120880127 0 0
0.710139274597168 0 0
0.7165627479553223 0 0
0.7219212055206299 0 0
0.7282910346984863 0 0
0.7334818840026855 0 0
0.740027666091919 0 0
0.7462203502655029 0 0
0.7527854442596436 0 0
0.7589504718780518 0 0
0.7644178867340088 0 0
0.7705063819885254 0 0
0.7769126892089844 0 0
0.7823820114135742 0 0
0.7885980606079102 0 0
0.7940728664398193 0 0
0.8013889789581299 0 0
0.808128833770752 0 0
0.8132965564727783 0 0
0.8193962574005127 0 0
0.8255982398986816 0 0
0.831146240234375 0 0
0.8373465538024902 0 0
0.8428916931152344 0 0
0.8500473499298096 0 0
0.8566219806671143 0 0
0.8619575500488281 0 0
0.8683209419250488 0 0
0.8735215663909912 0 0
0.8796215057373047 0 0
0.8860611915588379 0 0
0.8913450241088867 0 0
0.8975136280059814 0 0
0.904193639755249 0 0
0.9102933406829834 0 0
0.9168870449066162 0 0
0.9222726821899414 0 0
0.9285602569580078 0 0
0.9339678287506104 0 0
0.9402546882629395 0 0
0.9467034339904785 0 0
0.9530386924743652 0 0
0.9591686725616455 0 0
0.9649741649627686 0 0
0.9707334041595459 0 0
0.9773120880126953 0 0
0.9873447418212891 0 0
0.9929244518280029 0 0
0.9991846084594727 0 0
1.006831169128418 0 0
1.0122325420379639 0 0
1.0185158252716064 0 0
1.023951530456543 0 0
1.030029296875 0 0
1.0362164974212646 0 0
1.0418965816497803 0 0
1.0482854843139648 0 0
1.0545072555541992 0 0
1.0605714321136475 0 0
1.06715989112854 0 0
1.0727176666259766 0 0
1.0788331031799316 0 0
1.0843017101287842 0 0
1.0904006958007812 0 0
1.0969629287719727 0 0
1.103266716003418 0 0
1.1094129085540771 0 0
1.116734504699707 0 0
1.1221284866333008 0 0
1.1283848285675049 0 0
1.1335647106170654 0 0
1.1396422386169434 0 0
1.1460509300231934 0 0
1.1513404846191406 0 0
1.158951997756958 0 0
1.1644046306610107 0 0
1.1704974174499512 0 0
1.1769006252288818 0 0
1.1823580265045166 0 0
1.1886060237884521 0 0
1.194037675857544 0 0
1.2003211975097656 0 0
1.2075083255767822 0 0
1.2130863666534424 0 0
1.2193615436553955 0 0
1.225581407546997 0 0
1.2310292720794678 0 0
1.2373297214508057 0 0
1.2428996562957764 0 0
1.2490308284759521 0 0
1.2544972896575928 0 0
1.2614588737487793 0 0
1.2676539421081543 0 0
1.273242712020874 0 0
1.2795073986053467 0 0
1.2859537601470947 0 0
1.2912325859069824 0 0
1.2974495887756348 0 0
1.3030283451080322 0 0
1.3101770877838135 0 0
1.316636085510254 0 0
1.32196044921875 0 0
1.3284893035888672 0 0
1.3339247703552246 0 0
1.340163230895996 0 0
1.3465845584869385 0 0
1.351961612701416 0 0
1.3591177463531494 0 0
1.3645622730255127 0 0
1.3706352710723877 0 0
1.3770561218261719 0 0
1.387193202972412 0 0
1.3927764892578125 0 0
1.3991832733154297 0 0
1.4049944877624512 0 0
1.4121742248535156 0 0
1.418438196182251 0 0
1.4236078262329102 0 0
1.4296655654907227 0 0
1.4361295700073242 0 0
1.4414350986480713 0 0
1.4476187229156494 0 0
1.4532177448272705 0 0
1.4606106281280518 0 0
1.467047929763794 0 0
1.472463846206665 0 0
1.4786500930786133 0 0
1.4840524196624756 0 0
1.4901864528656006 0 0
1.4966087341308594 0 0
1.5019230842590332 0 0
1.5082929134368896 0 0
1.5149469375610352 0 0
1.521009922027588 0 0
1.5272893905639648 0 0
1.5328288078308105 0 0
1.5389680862426758 0 0
1.5444509983062744 0 0
1.5505170822143555 0 0
1.55692458152771 0 0
1.5632505416870117 0 0
1.5693910121917725 0 0
1.575589656829834 0 0
1.5812764167785645 0 0
1.5876238346099854 0 0
1.5931828022003174 0 0
1.599367380142212 0 0
1.6055877208709717 0 0
1.6122345924377441 0 0
1.6184921264648438 0 0
1.6239278316497803 0 0
1.629967212677002 0 0
1.6361420154571533 0 0
1.6415925025939941 0 0
1.64817214012146 0 0
1.6533617973327637 0 0
1.6594328880310059 0 0
1.6669032573699951 0 0
1.6724696159362793 0 0
1.6786832809448242 0 0
1.6840639114379883 0 0
1.6902010440826416 0 0
1.6967658996582031 0 0
1.7021589279174805 0 0
1.7084388732910156 0 0
1.715444803237915 0 0
1.721064805984497 0 0
1.7273375988006592 0 0
1.7329285144805908 0 0
1.7390403747558594 0 0
1.7444608211517334 0 0
1.7505183219909668 0 0
1.7594404220581055 0 0
1.7706177234649658 0 0
1.7770485877990723 0 0
1.7869822978973389 0 0
1.7924830913543701 0 0
1.7988133430480957 0 0
1.8042306900024414 0 0
1.8104612827301025 0 0
1.8181719779968262 0 0
1.823373794555664 0 0
1.8294525146484375 0 0
1.8356537818908691 0 0
1.8412022590637207 0 0
1.847562313079834 0 0
1.853140115737915 0 0
1.8593084812164307 0 0
1.8655164241790771 0 0
1.8719353675842285 0 0
1.8784432411193848 0 0
1.8836228847503662 0 0
1.88995361328125 0 0
1.8961946964263916 0 0
1.9014523029327393 0 0
1.9076323509216309 0 0
1.9132130146026611 0 0
1.9203388690948486 0 0
1.9268031120300293 0 0
1.9322190284729004 0 0
1.938807487487793 0 0
1.9441993236541748 0 0
1.9503138065338135 0 0
1.9567444324493408 0 0
1.9621162414550781 0 0
1.9692120552062988 0 0
1.9750356674194336 0 0
1.981055498123169 0 0
1.9873476028442383 0 0
1.9929096698760986 0 0
1.9991817474365234 0 0
2.007014513015747 0 0
2.012498617172241 0 0
2.0194292068481445 0 0
2.0256412029266357 0 0
2.03115177154541 0 0
2.0373497009277344 0 0
2.0428762435913086 0 0
2.048962354660034 0 0
2.0544121265411377 0 0
2.060718059539795 0 0
2.067126512527466 0 0
2.073540210723877 0 0
2.079650640487671 0 0
2.0860607624053955 0 0
2.0913288593292236 0 0
2.097508192062378 0 0
2.1030633449554443 0 0
2.1093146800994873 0 0
2.1168529987335205 0 0
2.1232502460479736 0 0
2.1293466091156006 0 0
2.135563611984253 0 0
2.141054630279541 0 0
2.147336721420288 0 0
2.1528873443603516 0 0
2.1589934825897217 0 0
2.1644270420074463 0 0
2.171501636505127 0 0
2.178292989730835 0 0
2.1882431507110596 0 0
2.193467140197754 0 0
2.1999268531799316 0 0
2.206174850463867 0 0
2.2116425037384033 0 0
2.218355894088745 0 0
2.224524974822998 0 0
2.2374589443206787 0 0
2.2430336475372314 0 0
2.2491455078125 0 0
2.2545790672302246 0 0
2.2606635093688965 0 0
2.26711368560791 0 0
2.2733757495880127 0 0
2.2795310020446777 0 0
2.2859697341918945 0 0
2.2913272380828857 0 0
2.2979767322540283 0 0
2.303239345550537 0 0
2.309356451034546 0 0
2.315519094467163 0 0
2.320833683013916 0 0
2.3283965587615967 0 0
2.333603858947754 0 0
2.3399503231048584 0 0
2.3461785316467285 0 0
2.351490020751953 0 0
2.358170986175537 0 0
2.3633909225463867 0 0
2.369641065597534 0 0
2.3770978450775146 0 0
2.3825793266296387 0 0
2.3888094425201416 0 0
2.394327402114868 0 0
2.4003868103027344 0 0
2.406790018081665 0 0
2.412196159362793 0 0
2.418658494949341 0 0
2.425524950027466 0 0
2.431020975112915 0 0
2.4373323917388916 0 0
2.4429147243499756 0 0
2.449010133743286 0 0
2.454489231109619 0 0
2.4605369567871094 0 0
2.4669642448425293 0 0
2.472473382949829 0 0
2.4795706272125244 0 0
2.4859890937805176 0 0
2.4912734031677246 0 0
2.4976515769958496 0 0
2.5032269954681396 0 0
2.509352922439575 0 0
2.5155630111694336 0 0
2.521024703979492 0 0
2.528437852859497 0 0
2.5336546897888184 0 0
2.540153980255127 0 0
2.5465359687805176 0 0
2.5516459941864014 0 0
2.5582611560821533 0 0
2.5634443759918213 0 0
2.5695364475250244 0 0
2.5759897232055664 0 0
2.582477331161499 0 0
2.5924556255340576 0 0
2.5989115238189697 0 0
2.604314088821411 0 0
2.61053466796875 0 0
2.6171040534973145 0 0
2.622586727142334 0 0
2.6299562454223633 0 0
2.6361944675445557 0 0
2.641526222229004 0 0
2.648102045059204 0 0
2.6532905101776123 0 0
2.6595468521118164 0 0
2.6660003662109375 0 0
2.6712806224823 0 0
2.6774444580078125 0 0
2.684079885482788 0 0
2.6902451515197754 0 0
2.696690559387207 0 0
2.7020862102508545 0 0
2.7083544731140137 0 0
2.713564872741699 0 0
2.7200939655303955 0 0
2.726489543914795 0 0
2.7329015731811523 0 0
2.7390103340148926 0 0
2.7465498447418213 0 0
2.7516517639160156 0 0
2.758389949798584 0 0
2.7635648250579834 0 0
2.7698957920074463 0 0
2.7761240005493164 0 0
2.7829103469848633 0 0
2.7890117168426514 0 0
2.7944624423980713 0 0
2.8005454540252686 0 0
2.80696177482605 0 0
2.8124465942382812 0 0
2.8186593055725098 0 0
2.8240933418273926 0 0
2.8302042484283447 0 0
2.8375794887542725 0 0
2.8431429862976074 0 0
2.8492684364318848 0 0
2.8550679683685303 0 0
2.8607492446899414 0 0
2.867164134979248 0 0
2.872727632522583 0 0
2.8788421154022217 0 0
2.8860862255096436 0 0
2.891587018966675 0 0
2.8983426094055176 0 0
2.903526544570923 0 0
2.909660577774048 0 0
2.916100025177002 0 0
2.9213924407958984 0 0
2.927598476409912 0 0
2.934197425842285 0 0
2.940328598022461 0 0
2.9467484951019287 0 0
2.9521374702453613 0 0
2.958601713180542 0 0
2.964029312133789 0 0
2.970154047012329 0 0
2.976560354232788 0 0
2.981652021408081 0 0
2.993082284927368 0 0
2.9993648529052734 0 0
