0 0 0
0 0 0
0.02290034294128418 0 0
0.029205322265625 0 0
0.03504061698913574 0 3
0.0428318977355957 1 8
0.04916119575500488 1 8
0.056536197662353516 1 20
0.06191444396972656 2 79
0.0683891773223877 3 95
0.07364392280578613 3 92
0.08001542091369629 5 112
0.08644485473632812 5 138
0.09161639213562012 7 149
0.09842514991760254 7 165
0.10552811622619629 9 180
0.11103153228759766 10 186
0.11742091178894043 11 193
0.12307858467102051 13 196
0.12932872772216797 14 200
0.13675403594970703 15 208
0.14221882820129395 17 211
0.14860773086547852 18 218
0.15595507621765137 20 222
0.1615159511566162 22 227
0.17161321640014648 23 231
0.17864108085632324 25 230
0.18414711952209473 27 233
0.19049477577209473 27 231
0.19702720642089844 29 231
0.20340275764465332 31 233
0.20962953567504883 32 235
0.21618223190307617 34 238
0.22196412086486816 35 237
0.22845935821533203 37 238
0.2339949607849121 38 240
0.24021029472351074 39 242
0.2467174530029297 41 243
0.25221824645996094 43 242
0.2593965530395508 45 243
0.26591968536376953 46 244
0.27129578590393066 47 243
0.2781341075897217 49 244
0.2834029197692871 50 242
0.2896406650543213 52 243
0.29619503021240234 53 245
0.3015718460083008 55 244
0.30916285514831543 57 245
0.31507039070129395 58 245
0.3208272457122803 59 246
0.32734251022338867 61 248
0.33297061920166016 63 250
0.33931922912597656 64 249
0.3456239700317383 65 247
0.3512711524963379 67 248
0.3586921691894531 69 250
0.3641839027404785 71 250
0.37041687965393066 71 247
0.37693047523498535 73 247
0.38250732421875 75 245
0.38878631591796875 76 245
0.3942751884460449 78 246
0.40061450004577637 79 243
0.4082357883453369 81 244
0.41350436210632324 82 244
0.41990184783935547 84 245
0.4262220859527588 85 248
0.43160486221313477 87 246
0.43842220306396484 88 246
0.44393205642700195 90 247
0.4500908851623535 91 247
0.45756077766418457 93 249
0.46329498291015625 95 249
0.4695472717285156 96 247
0.47608089447021484 98 250
0.4814746379852295 99 248
0.4881296157836914 101 248
0.4933805465698242 102 248
0.49958062171936035 104 246
0.5061080455780029 105 249
0.5127921104431152 107 250
0.5191769599914551 109 248
0.525059700012207 110 249
0.5308170318603516 112 248
0.537367582321167 113 248
0.5430104732513428 115 251
0.549203634262085 116 250
0.555443286895752 117 247
0.5622231960296631 119 246
0.5725104808807373 121 245
0.579160213470459 123 247
0.5850620269775391 125 244
0.591191291809082 127 243
0.597583532333374 128 245
0.6032571792602539 129 245
0.6104557514190674 131 245
0.6169722080230713 133 247
0.6225404739379883 134 245
0.6288187503814697 136 248
0.6343264579772949 137 249
0.6406426429748535 139 250
0.6471867561340332 140 250
0.6528298854827881 142 248
0.6590213775634766 143 252
0.6662492752075195 145 250
0.6718776226043701 146 248
0.6783425807952881 148 248
0.6836423873901367 149 246
0.6900458335876465 151 247
0.6966953277587891 152 249
0.7021985054016113 154 247
0.7086129188537598 155 247
0.7159595489501953 157 248
0.7213401794433594 159 247
0.7276313304901123 160 247
0.7332744598388672 162 246
0.7395315170288086 163 246
0.7460248470306396 165 247
0.7514219284057617 166 246
0.7583284378051758 167 246
0.7650418281555176 169 244
0.7707929611206055 171 244
0.7773056030273438 173 245
0.7829618453979492 174 245
0.7891571521759033 175 244
0.7950706481933594 177 245
0.8008265495300293 179 245
0.8073840141296387 180 244
0.8141047954559326 182 251
0.8204700946807861 183 250
0.8271212577819824 185 250
0.8327674865722656 186 249
0.8390212059020996 188 249
0.8445360660552979 189 252
0.8506951332092285 191 250
0.8572041988372803 193 249
0.8628573417663574 194 247
0.870063066482544 195 247
0.8766915798187256 197 246
0.8821704387664795 198 245
0.8885283470153809 200 245
0.8940603733062744 202 245
0.9002237319946289 203 246
0.9067070484161377 204 247
0.9121696949005127 206 245
0.9192960262298584 208 247
0.9255952835083008 209 246
0.931168794631958 211 248
0.9375989437103271 212 250
0.9432752132415771 214 248
0.949498176574707 215 248
0.9559931755065918 217 245
0.9615235328674316 218 247
0.9729733467102051 221 246
0.9821677207946777 225 246
0.99308180809021 226 249
1.0002219676971436 227 250
1.006725788116455 229 248
1.0122005939483643 231 248
1.0193674564361572 233 251
1.0259249210357666 234 252
1.0312752723693848 235 253
1.0375301837921143 237 248
1.0431501865386963 239 246
1.049363613128662 240 248
1.0559170246124268 241 248
1.0614204406738281 243 248
1.0680034160614014 245 245
1.0743565559387207 246 243
1.0805537700653076 247 243
1.0872094631195068 249 245
1.0928590297698975 251 246
1.0990526676177979 252 246
1.1049439907073975 254 244
1.1108179092407227 255 245
1.1174829006195068 257 249
1.1242008209228516 259 249
1.130392074584961 260 247
1.1376044750213623 262 247
1.1432547569274902 263 251
1.1494574546813965 265 250
1.1559629440307617 266 248
1.1613643169403076 268 247
1.1676256656646729 269 246
1.1743216514587402 271 247
1.1806480884552002 273 250
1.1871378421783447 274 248
1.1928155422210693 275 248
1.1990134716033936 277 248
1.2045447826385498 279 248
1.2106764316558838 280 250
1.21736741065979 281 249
1.2240660190582275 283 248
1.2302379608154297 285 247
1.2368838787078857 287 248
1.242438554763794 287 247
1.2487692832946777 289 244
1.2542741298675537 291 244
1.2604708671569824 292 245
1.2669548988342285 294 245
1.273329257965088 295 244
1.2795143127441406 297 245
1.2860729694366455 298 244
1.2914369106292725 300 245
1.2982347011566162 301 249
1.3035204410552979 303 250
1.309926986694336 304 249
1.3161990642547607 306 250
1.3215830326080322 307 250
1.3289623260498047 309 250
1.3344814777374268 311 250
1.340620994567871 312 248
1.3472676277160645 314 249
1.3528826236724854 315 248
1.3592257499694824 317 249
1.3654754161834717 319 248
1.3767657279968262 321 246
1.382263422012329 322 247
1.3887953758239746 324 247
1.3943631649017334 326 249
1.4006707668304443 327 250
1.4071741104125977 329 245
1.4128406047821045 330 248
1.4191763401031494 332 248
1.426745891571045 333 248
1.4322214126586914 335 246
1.438603401184082 336 245
1.4440655708312988 338 247
1.4502151012420654 339 244
1.4567193984985352 341 248
1.462193489074707 342 243
1.46858549118042 343 244
1.4754917621612549 345 247
1.481346845626831 347 248
1.4876346588134766 349 250
1.4932937622070312 350 248
1.4994819164276123 351 249
1.5060839653015137 353 251
1.5114305019378662 355 252
1.5179901123046875 356 251
1.523306131362915 357 250
1.530404806137085 359 248
1.5370478630065918 361 249
1.5425856113433838 362 248
1.548898696899414 364 246
1.5543932914733887 365 245
1.5605525970458984 366 244
1.5670433044433594 368 245
1.572587490081787 369 245
1.5795855522155762 371 245
1.5861177444458008 373 245
1.591472864151001 374 245
1.5983233451843262 376 247
1.6036109924316406 377 248
1.610194444656372 379 248
1.6166918277740479 380 246
1.6221592426300049 381 245
1.6293058395385742 384 250
1.6356148719787598 385 248
1.6411983966827393 387 248
1.647446870803833 388 245
1.6530508995056152 389 244
1.6593639850616455 391 247
1.665640115737915 393 247
1.6712207794189453 394 248
1.6774916648864746 395 247
1.6840801239013672 397 248
1.6902844905853271 399 250
1.7005531787872314 401 250
1.7071506977081299 403 250
1.7128961086273193 405 250
1.7192668914794922 406 247
1.7255878448486328 407 249
1.732362985610962 409 247
1.7388560771942139 411 245
1.7443311214447021 412 243
1.7504794597625732 413 246
1.756960391998291 415 246
1.762476921081543 416 244
1.7724709510803223 419 244
1.7790277004241943 421 246
1.7866744995117188 422 246
1.7922008037567139 424 247
1.7986836433410645 425 246
1.804187297821045 427 247
1.8103575706481934 428 251
1.8168537616729736 430 250
1.8224616050720215 431 249
1.8287363052368164 433 248
1.8360741138458252 435 247
1.8416287899017334 436 250
1.8482770919799805 437 246
1.8535561561584473 439 246
1.8600037097930908 441 246
1.8666207790374756 442 245
1.872148036956787 443 249
1.87851881980896 445 250
1.8856170177459717 447 246
1.8911848068237305 449 248
1.8976130485534668 450 249
1.9032769203186035 451 250
1.909484624862671 453 249
1.9159862995147705 455 247
1.9213485717773438 456 245
1.927619457244873 457 245
1.9343059062957764 459 246
1.9404816627502441 460 245
1.9469504356384277 462 244
1.9524738788604736 463 243
1.9644343852996826 467 249
1.9712600708007812 468 248
1.9775564670562744 470 247
1.98325514793396 472 249
1.9904320240020752 473 246
1.99711275100708 475 251
2.002767324447632 476 252
2.008985757827759 478 249
2.014543294906616 479 248
2.0211265087127686 481 250
2.027432441711426 482 248
2.0330591201782227 484 249
2.040288209915161 485 247
2.046783685684204 487 246
2.0523316860198975 488 248
2.0586345195770264 489 246
2.0641274452209473 491 248
2.070350408554077 493 245
2.0770022869110107 495 245
2.08258056640625 495 248
2.089597225189209 497 247
2.096156597137451 499 247
2.1015214920043945 501 246
2.1081621646881104 502 247
2.113417625427246 503 248
2.119636297225952 505 244
2.1262388229370117 507 246
2.132084608078003 509 244
2.140293836593628 510 244
2.146777391433716 511 248
2.1522574424743652 513 246
2.1586363315582275 514 248
2.1641428470611572 516 248
2.174191951751709 519 251
2.1805038452148438 520 249
2.1871509552001953 522 249
2.193894147872925 523 247
2.200364828109741 525 251
2.2068443298339844 527 250
2.212465286254883 528 249
2.2194876670837402 530 246
2.2261085510253906 531 246
2.2314510345458984 533 245
2.238093137741089 535 246
2.2444026470184326 536 246
2.2505428791046143 537 244
2.2572760581970215 539 245
2.2629592418670654 541 245
2.269170045852661 542 247
2.2754440307617188 543 246
2.281040668487549 545 246
2.2873713970184326 547 245
2.2940733432769775 549 248
2.3002212047576904 549 247
2.3067266941070557 551 248
2.31221604347229 553 248
2.3187191486358643 554 246
2.3242015838623047 556 247
2.330383539199829 557 247
2.3369083404541016 559 246
2.34324312210083 560 246
2.349418878555298 562 247
2.355929136276245 563 249
2.3613057136535645 565 250
2.367655038833618 566 250
2.373291254043579 568 251
2.379643201828003 569 250
2.386138439178467 571 252
2.3930184841156006 573 252
2.3991997241973877 574 247
2.405444383621216 576 246
2.410970449447632 577 246
2.4173593521118164 579 246
2.4230833053588867 580 245
2.4293041229248047 582 245
2.4356136322021484 583 244
2.4425418376922607 585 243
2.4488632678985596 587 245
2.454383611679077 588 247
2.4605400562286377 589 245
2.4670677185058594 591 245
2.472601890563965 592 247
2.478851079940796 594 251
2.4843740463256836 595 251
2.490555763244629 597 249
2.498363494873047 599 248
2.503643274307251 600 246
2.510032892227173 601 252
2.5166635513305664 603 248
2.5221521854400635 605 247
2.5285227298736572 606 247
2.534043788909912 608 245
2.540234088897705 609 247
2.54752779006958 611 249
2.5531628131866455 613 247
2.5595622062683105 614 247
2.566082000732422 615 250
2.575655221939087 618 249
2.581407070159912 619 247
2.588257312774658 621 247
2.594512939453125 623 248
2.600978374481201 624 247
2.6073367595672607 626 246
2.61297345161438 627 243
2.619317054748535 629 243
2.6256096363067627 630 245
2.631181478500366 632 244
2.637498378753662 633 245
2.64314866065979 635 246
2.650524377822876 636 246
2.656996250152588 638 249
2.662562608718872 639 252
2.6688408851623535 641 253
2.6743404865264893 643 248
2.680659532546997 644 250
2.687150716781616 646 248
2.692830801010132 647 252
2.6999287605285645 649 250
2.7064428329467773 650 247
2.711637496948242 651 247
2.718282699584961 653 247
2.7235593795776367 655 248
2.7299792766571045 656 247
2.7366392612457275 657 245
2.742123603820801 659 245
2.749281644821167 661 247
2.7555856704711914 663 247
2.761244535446167 664 248
2.7675089836120605 665 246
2.773142099380493 667 246
2.77956485748291 669 247
2.786125659942627 670 249
2.791478157043457 671 247
2.79915189743042 673 245
2.8054745197296143 675 245
2.8110170364379883 676 249
2.8173842430114746 678 248
2.823054313659668 679 246
2.829231023788452 681 246
2.8355696201324463 682 246
2.8411614894866943 684 247
2.8474442958831787 685 251
2.8540852069854736 687 250
2.860478162765503 688 248
2.8669631481170654 690 251
2.8725383281707764 691 252
2.87884259223938 693 253
2.8843119144439697 695 249
2.8904972076416016 696 248
2.8970284461975098 698 245
2.9035091400146484 699 249
2.9101145267486572 701 247
2.9168243408203125 703 243
2.922368288040161 703 244
2.928654432296753 705 244
2.9341726303100586 707 245
2.9403598308563232 708 246
2.94685435295105 710 244
2.953325033187866 711 245
2.95950984954834 713 248
2.966081142425537 715 248
2.9745185375213623 717 248
2.982163190841675 718 246
2.988687753677368 720 248
2.994211435317993 722 248
