0 0 0
0 0 0
0.022927284240722656 0 -3
0.028209209442138672 0 -3
0.03483176231384277 -1 -8
0.04392600059509277 -2 -94
0.05047273635864258 -3 -40
0.05621767044067383 -5 -199
0.06285381317138672 -7 -224
0.06814146041870117 -8 -287
0.0745854377746582 -11 -304
0.08108687400817871 -13 -361
0.08658790588378906 -15 -396
0.09303641319274902 -18 -416
0.09858179092407227 -21 -443
0.10586905479431152 -25 -471
0.11276578903198242 -28 -494
0.11807131767272949 -31 -510
0.12454414367675781 -35 -529
0.13110113143920898 -38 -545
0.13654851913452148 -41 -561
0.14303207397460938 -45 -571
0.14856815338134766 -48 -580
0.15579628944396973 -53 -588
0.16224002838134766 -57 -602
0.16791415214538574 -61 -613
0.17417144775390625 -65 -625
0.18072748184204102 -68 -630
0.18611884117126465 -72 -639
0.19619226455688477 -79 -640
0.20307111740112305 -84 -643
0.21024751663208008 -88 -651
0.21602821350097656 -91 -653
0.22300505638122559 -95 -656
0.22854971885681152 -99 -661
0.23475909233093262 -103 -665
0.24146127700805664 -109 -671
0.24706363677978516 -111 -672
0.25339412689208984 -117 -674
0.26080322265625 -121 -669
0.2662186622619629 -125 -669
0.2728874683380127 -129 -669
0.2781968116760254 -133 -675
0.2848379611968994 -137 -681
0.29134631156921387 -141 -681
0.29693031311035156 -145 -684
0.30330729484558105 -149 -680
0.3107185363769531 -155 -680
0.31612515449523926 -159 -681
0.32282042503356934 -163 -680
0.3281078338623047 -167 -680
0.3345632553100586 -171 -676
0.34121274948120117 -175 -679
0.3467273712158203 -179 -683
0.35309433937072754 -184 -688
0.3601875305175781 -189 -689
0.36581945419311523 -193 -689
0.3725762367248535 -197 -684
0.37795042991638184 -201 -680
0.38421010971069336 -205 -680
0.39081454277038574 -209 -684
0.3962390422821045 -214 -685
0.4031381607055664 -218 -682
0.4102284908294678 -223 -685
0.41588425636291504 -227 -685
0.42217326164245605 -232 -694
0.42783498764038086 -236 -693
0.434067964553833 -240 -686
0.44062089920043945 -244 -686
0.4460310935974121 -248 -678
0.45267295837402344 -252 -683
0.45900511741638184 -258 -689
0.465381383895874 -262 -689
0.4719827175140381 -266 -692
0.47765207290649414 -270 -686
0.4838697910308838 -274 -687
0.4901909828186035 -278 -688
0.49590301513671875 -283 -687
0.5027925968170166 -287 -685
0.5080780982971191 -292 -683
0.5152750015258789 -296 -682
0.5219767093658447 -301 -688
0.5277020931243896 -305 -692
0.533954381942749 -309 -695
0.5405275821685791 -313 -689
0.5459227561950684 -317 -689
0.5522212982177734 -321 -686
0.5578978061676025 -325 -683
0.5650496482849121 -329 -684
0.571608304977417 -335 -687
0.5771923065185547 -337 -684
0.5836403369903564 -343 -685
0.5895516872406006 -347 -691
0.5982348918914795 -354 -694
0.6057267189025879 -358 -696
0.6133403778076172 -362 -685
0.6189358234405518 -368 -682
0.6252636909484863 -372 -683
0.63201904296875 -376 -686
0.6376676559448242 -380 -688
0.6440699100494385 -384 -692
0.650615930557251 -389 -686
0.6560051441192627 -393 -688
0.6635458469390869 -398 -688
0.6691160202026367 -402 -689
0.6752874851226807 -406 -685
0.6818253993988037 -411 -683
0.6875395774841309 -415 -685
0.6937713623046875 -419 -684
0.7000689506530762 -423 -693
0.7058703899383545 -427 -696
0.7132046222686768 -431 -693
0.7188332080841064 -437 -686
0.7250728607177734 -439 -683
0.7316031455993652 -445 -684
0.73728346824646 -447 -685
0.743523120880127 -453 -685
0.7490642070770264 -457 -686
0.7552535533905029 -461 -687
0.7619664669036865 -467 -689
0.7696390151977539 -471 -692
0.7755777835845947 -475 -690
0.7819993495941162 -479 -687
0.7876865863800049 -483 -682
0.7939250469207764 -487 -681
0.8004982471466064 -491 -686
0.8059167861938477 -495 -688
0.8125934600830078 -500 -693
0.8190567493438721 -505 -692
0.8255760669708252 -509 -690
0.8320057392120361 -513 -687
0.837744951248169 -518 -688
0.843966007232666 -522 -687
0.8505232334136963 -526 -683
0.8559181690216064 -530 -680
0.8622379302978516 -534 -683
0.8690366744995117 -540 -688
0.8752443790435791 -544 -696
0.8820486068725586 -548 -693
0.8877420425415039 -552 -689
0.894171953201294 -556 -685
0.9007313251495361 -560 -683
0.9061555862426758 -565 -685
0.912834882736206 -569 -687
0.9196100234985352 -574 -691
0.9254050254821777 -578 -688
0.9319677352905273 -583 -691
0.9376382827758789 -587 -688
0.944007158279419 -591 -692
0.9505691528320312 -595 -690
0.9559938907623291 -599 -685
0.9626915454864502 -603 -683
0.9689860343933105 -609 -680
0.9752397537231445 -613 -687
0.9817945957183838 -617 -692
0.9875097274780273 -621 -693
0.9938023090362549 -625 -692
1.0045957565307617 -632 -685
1.0112686157226562 -636 -687
1.0168194770812988 -641 -689
1.0242111682891846 -646 -684
1.0307657718658447 -650 -684
1.0361504554748535 -654 -686
1.0435712337493896 -659 -691
1.0491039752960205 -664 -693
1.0552701950073242 -668 -694
1.0619304180145264 -672 -690
1.0676043033599854 -677 -682
1.0748870372772217 -680 -685
1.0814435482025146 -686 -686
1.087066411972046 -689 -690
1.093398094177246 -693 -694
1.0989413261413574 -698 -691
1.1051249504089355 -701 -687
1.1116909980773926 -707 -686
1.1173698902130127 -709 -689
1.124758005142212 -715 -691
1.131303071975708 -719 -686
1.1367945671081543 -723 -682
1.1431758403778076 -727 -683
1.1486687660217285 -733 -690
1.1550958156585693 -735 -692
1.161607027053833 -741 -697
1.167189121246338 -743 -693
1.1741254329681396 -749 -685
1.180720567703247 -753 -684
1.186513900756836 -757 -685
1.1929850578308105 -761 -686
1.1985440254211426 -765 -686
1.2047135829925537 -770 -690
1.2112793922424316 -774 -686
1.2167816162109375 -778 -691
1.2239060401916504 -783 -694
1.230224370956421 -788 -692
1.2358622550964355 -792 -688
1.2427177429199219 -796 -683
1.248016595840454 -800 -681
1.2542524337768555 -804 -684
1.2608258724212646 -808 -691
1.2662434577941895 -813 -693
1.273761510848999 -818 -692
1.2800312042236328 -822 -690
1.285884141921997 -826 -688
1.2922282218933105 -831 -689
1.2978887557983398 -835 -686
1.3045177459716797 -839 -683
1.311030626296997 -843 -682
1.3162384033203125 -847 -686
1.3236703872680664 -853 -692
1.3296129703521729 -857 -695
1.3355650901794434 -861 -694
1.3419640064239502 -865 -689
1.3476452827453613 -869 -685
1.3538544178009033 -873 -683
1.3601291179656982 -877 -686
1.3659677505493164 -881 -687
1.3725917339324951 -887 -687
1.379002571105957 -891 -689
1.3852159976959229 -895 -691
1.3917405605316162 -899 -691
1.4018232822418213 -906 -691
1.4074981212615967 -910 -686
1.4139797687530518 -914 -681
1.4205679893493652 -918 -683
1.4275953769683838 -924 -689
1.4337973594665527 -928 -694
1.4400649070739746 -932 -694
1.445739984512329 -936 -692
1.4520728588104248 -941 -685
1.4577546119689941 -945 -684
1.4639720916748047 -949 -687
1.4788203239440918 -960 -688
1.4853055477142334 -964 -690
1.4920446872711182 -968 -686
1.4977648258209229 -972 -695
1.5041494369506836 -976 -691
1.5107693672180176 -981 -690
1.5161662101745605 -985 -687
1.5228526592254639 -989 -684
1.529630184173584 -994 -682
1.535588026046753 -998 -685
1.5421617031097412 -1003 -692
1.547898530960083 -1007 -692
1.5541324615478516 -1011 -689
1.5606982707977295 -1015 -689
1.5661559104919434 -1019 -687
1.5728459358215332 -1023 -692
1.5795989036560059 -1029 -688
1.5854260921478271 -1033 -688
1.5919849872589111 -1037 -682
1.5976686477661133 -1041 -688
1.6041147708892822 -1045 -690
1.6106791496276855 -1049 -695
1.616163969039917 -1053 -695
1.6228649616241455 -1057 -687
1.6296064853668213 -1063 -683
1.6355628967285156 -1067 -682
1.6419785022735596 -1071 -685
1.6477267742156982 -1075 -690
1.6539645195007324 -1079 -688
1.6605520248413086 -1083 -687
1.6661558151245117 -1088 -687
1.6730341911315918 -1092 -690
1.6801807880401611 -1097 -695
1.6860148906707764 -1101 -689
1.6927111148834229 -1106 -686
1.6980221271514893 -1110 -681
1.7045061588287354 -1114 -681
1.7108221054077148 -1118 -687
1.7162415981292725 -1122 -693
1.7231857776641846 -1126 -691
1.7302396297454834 -1132 -689
1.7358717918395996 -1136 -688
1.7421822547912598 -1140 -686
1.747898817062378 -1144 -692
1.7541396617889404 -1148 -685
1.7607617378234863 -1153 -683
1.7662205696105957 -1157 -685
1.7728850841522217 -1161 -684
1.7781646251678467 -1166 -696
1.785581350326538 -1171 -694
1.7919540405273438 -1175 -692
1.799924373626709 -1181 -686
1.8078646659851074 -1185 -680
1.8207478523254395 -1194 -688
1.8265869617462158 -1198 -687
1.8339512348175049 -1203 -692
1.84055757522583 -1207 -689
1.8465778827667236 -1212 -694
1.853074550628662 -1216 -689
1.8586366176605225 -1221 -690
1.864886999130249 -1224 -687
1.8714542388916016 -1229 -681
1.8770735263824463 -1232 -682
1.8842113018035889 -1238 -688
1.8908064365386963 -1242 -695
1.8962409496307373 -1246 -690
1.9031517505645752 -1250 -693
1.9086980819702148 -1256 -687
1.9148972034454346 -1259 -685
1.921489953994751 -1264 -687
1.9271118640899658 -1267 -685
1.9346349239349365 -1272 -690
1.9411542415618896 -1276 -684
1.9467401504516602 -1281 -689
1.9531526565551758 -1285 -694
1.9586927890777588 -1290 -694
1.9651007652282715 -1293 -694
1.9716477394104004 -1299 -687
1.977370023727417 -1301 -680
1.9847049713134766 -1307 -684
1.991283893585205 -1311 -686
1.9967832565307617 -1315 -691
2.0032119750976562 -1319 -690
2.0087437629699707 -1325 -689
2.0149972438812256 -1327 -688
2.021695613861084 -1333 -689
2.027405023574829 -1337 -692
2.033653497695923 -1341 -686
2.04195237159729 -1347 -682
2.0476176738739014 -1351 -682
2.053809881210327 -1355 -685
2.0601186752319336 -1359 -696
2.0659596920013428 -1363 -697
2.0722546577453613 -1367 -692
2.077939033508301 -1371 -687
2.08455753326416 -1377 -687
2.0919485092163086 -1381 -684
2.0976288318634033 -1385 -688
2.1038591861724854 -1389 -684
2.1102232933044434 -1393 -688
2.1159088611602783 -1397 -686
2.122222661972046 -1401 -692
2.1278953552246094 -1406 -695
2.1341373920440674 -1410 -693
2.1418960094451904 -1415 -690
2.147571325302124 -1419 -684
2.153775215148926 -1423 -681
2.1600635051727295 -1428 -682
2.1657235622406006 -1432 -687
2.17209529876709 -1436 -695
2.1777613162994385 -1440 -690
2.183993339538574 -1444 -690
2.1917362213134766 -1450 -688
2.1974875926971436 -1455 -686
2.207974672317505 -1461 -686
2.214580774307251 -1465 -686
2.221248149871826 -1469 -683
2.226755142211914 -1473 -685
2.2333290576934814 -1477 -691
2.240736722946167 -1483 -695
2.2461507320404053 -1487 -689
2.2528672218322754 -1491 -687
2.258157968521118 -1495 -682
2.264801025390625 -1499 -684
2.271322250366211 -1503 -686
2.276846408843994 -1507 -688
2.2833139896392822 -1512 -693
2.290703058242798 -1517 -691
2.2960891723632812 -1521 -690
2.3028035163879395 -1525 -688
2.3081164360046387 -1530 -688
2.3145601749420166 -1534 -688
2.321305513381958 -1538 -679
2.3268299102783203 -1542 -682
2.333251476287842 -1546 -682
2.3404948711395264 -1552 -693
2.3459367752075195 -1556 -698
2.3522403240203857 -1560 -690
2.3579320907592773 -1564 -688
2.3641862869262695 -1568 -686
2.370774984359741 -1572 -686
2.376208543777466 -1577 -689
2.3830983638763428 -1581 -685
2.388700008392334 -1586 -687
2.395761728286743 -1590 -686
2.402082920074463 -1595 -691
2.4077401161193848 -1599 -691
2.413965940475464 -1603 -693
2.4205071926116943 -1607 -689
2.425917148590088 -1611 -689
2.4322314262390137 -1615 -683
2.437917947769165 -1619 -682
2.445253849029541 -1625 -689
2.451960325241089 -1629 -689
2.4576292037963867 -1633 -688
2.4638214111328125 -1637 -689
2.470109462738037 -1641 -690
2.475663661956787 -1645 -688
2.4820380210876465 -1649 -689
2.487738609313965 -1653 -687
2.495089292526245 -1657 -680
2.50182843208313 -1663 -685
2.507473945617676 -1667 -690
2.513674020767212 -1671 -693
2.519619941711426 -1675 -694
2.5256054401397705 -1680 -693
2.532029390335083 -1684 -688
2.5377209186553955 -1688 -684
2.5449864864349365 -1692 -686
2.5515596866607666 -1697 -685
2.5571866035461426 -1700 -689
2.5636494159698486 -1706 -691
2.5696074962615967 -1710 -687
2.575568675994873 -1714 -690
2.5821404457092285 -1718 -689
2.5879015922546387 -1723 -690
2.5952095985412598 -1728 -686
2.6118452548980713 -1739 -683
2.6175596714019775 -1743 -689
2.6240198612213135 -1747 -694
2.6306803226470947 -1753 -693
2.6374154090881348 -1757 -687
2.643834352493286 -1761 -685
2.6514768600463867 -1767 -686
2.65708327293396 -1769 -688
2.663557291030884 -1775 -687
2.6691160202026367 -1779 -682
2.6753203868865967 -1783 -687
2.6820337772369385 -1787 -690
2.6877732276916504 -1791 -693
2.6939773559570312 -1795 -695
2.701615810394287 -1801 -690
2.707287549972534 -1803 -684
2.7136828899383545 -1809 -679
2.719604253768921 -1813 -685
2.725611925125122 -1817 -686
2.7319953441619873 -1821 -688
2.7376835346221924 -1825 -689
2.744112730026245 -1829 -688
2.7517521381378174 -1835 -692
2.7574617862701416 -1839 -690
2.763685941696167 -1843 -693
2.769667387008667 -1847 -685
2.7755820751190186 -1851 -685
2.7819912433624268 -1856 -682
2.7877049446105957 -1860 -688
2.793959379196167 -1864 -693
2.8017523288726807 -1870 -693
2.8074638843536377 -1874 -689
2.813692808151245 -1878 -686
2.819620370864868 -1882 -686
2.8255932331085205 -1886 -683
2.831993341445923 -1890 -685
2.8376805782318115 -1894 -688
2.844122886657715 -1899 -684
2.8517439365386963 -1904 -688
2.8574798107147217 -1908 -693
2.8638412952423096 -1912 -694
2.870119094848633 -1917 -692
2.875762462615967 -1921 -686
2.8821094036102295 -1925 -685
2.8877711296081543 -1929 -682
2.89400577545166 -1933 -687
2.901538848876953 -1939 -692
2.907177686691284 -1941 -692
2.913498878479004 -1947 -691
2.9190564155578613 -1951 -686
2.925609588623047 -1955 -690
2.932011365890503 -1959 -687
2.937743902206421 -1963 -686
2.943966865539551 -1967 -685
2.9515135288238525 -1973 -683
2.9571259021759033 -1975 -685
2.9634904861450195 -1981 -689
2.9690558910369873 -1985 -693
2.975567579269409 -1989 -691
2.9821434020996094 -1993 -686
2.9879331588745117 -1997 -683
2.9941635131835938 -2001 -682
