0 0 0
0 0 0
0.022994041442871094 0 0
0.030023813247680664 0 0
0.03661179542541504 0 0
0.04400920867919922 0 0
0.050182342529296875 0 0
0.05681109428405762 -1 -3
0.06237983703613281 -1 -3
0.0687103271484375 -1 -3
0.0742192268371582 -1 -3
0.08042287826538086 -1 -8
0.08705019950866699 -1 -8
0.09351968765258789 -1 -8
0.09995055198669434 -2 -16
0.10718965530395508 -2 -39
0.11281633377075195 -2 -34
0.11904144287109375 -3 -34
0.12492632865905762 -3 -44
0.13080263137817383 -3 -44
0.13733291625976562 -3 -44
0.14403629302978516 -4 -52
0.15039682388305664 -4 -54
0.15685701370239258 -5 -54
0.16243577003479004 -5 -54
0.16871333122253418 -5 -54
0.17425847053527832 -6 -58
0.18354058265686035 -7 -60
0.1921231746673584 -7 -61
0.19866251945495605 -7 -61
0.20415878295898438 -8 -61
0.21058154106140137 -8 -62
0.2171311378479004 -9 -61
0.22278547286987305 -9 -61
0.22900629043579102 -9 -61
0.23452186584472656 -9 -61
0.24074602127075195 -10 -61
0.24835705757141113 -10 -62
0.25387072563171387 -11 -61
0.260037899017334 -11 -61
0.2666935920715332 -11 -61
0.2722055912017822 -12 -62
0.2785794734954834 -12 -62
0.2840576171875 -13 -61
0.29021716117858887 -13 -62
0.2975306510925293 -13 -62
0.3032040596008301 -14 -62
0.30948877334594727 -14 -64
0.31604981422424316 -15 -64
0.32161474227905273 -15 -63
0.32848548889160156 -15 -63
0.3340296745300293 -16 -64
0.3401944637298584 -16 -62
0.3475348949432373 -17 -63
0.3532755374908447 -17 -63
0.35948681831359863 -17 -63
0.365978479385376 -18 -62
0.3713505268096924 -18 -63
0.3776068687438965 -19 -61
0.38329529762268066 -19 -61
0.38987159729003906 -19 -61
0.39719343185424805 -20 -61
0.4028327465057373 -20 -62
0.4090571403503418 -21 -63
0.4149630069732666 -21 -63
0.4207496643066406 -21 -63
0.4272749423980713 -22 -64
0.43292808532714844 -22 -64
0.4391303062438965 -23 -64
0.4450218677520752 -23 -64
0.4521598815917969 -23 -64
0.4585115909576416 -23 -63
0.4640355110168457 -24 -64
0.4702725410461426 -24 -63
0.4768223762512207 -25 -62
0.48237156867980957 -25 -62
0.48867201805114746 -25 -62
0.49417710304260254 -26 -62
0.5013117790222168 -26 -62
0.5080957412719727 -27 -63
0.5133907794952393 -27 -63
0.5196199417114258 -27 -63
0.5261704921722412 -28 -63
0.53151535987854 -28 -64
0.5381655693054199 -29 -64
0.5434212684631348 -29 -64
0.5506711006164551 -29 -64
0.5571944713592529 -30 -64
0.5628378391265869 -30 -64
0.5691990852355957 -31 -64
0.575467586517334 -31 -64
0.5842535495758057 -32 -64
0.5914969444274902 -32 -63
0.5991332530975342 -33 -63
0.6054103374481201 -33 -64
0.6111721992492676 -33 -64
0.6174447536468506 -34 -62
0.6230664253234863 -34 -63
0.6294927597045898 -35 -63
0.6360867023468018 -35 -62
0.6414422988891602 -35 -62
0.6480803489685059 -36 -63
0.6544389724731445 -36 -63
0.6606054306030273 -37 -64
0.6670842170715332 -37 -65
0.6775004863739014 -37 -64
0.6831498146057129 -38 -64
0.6895794868469238 -38 -63
0.6961116790771484 -39 -63
0.7025578022003174 -39 -63
0.70902419090271 -39 -63
0.7145168781280518 -40 -63
0.7206664085388184 -41 -64
0.7271575927734375 -41 -62
0.7328224182128906 -41 -62
0.7390127182006836 -41 -62
0.744499921798706 -42 -62
0.7521755695343018 -42 -62
0.758549690246582 -43 -63
0.7640724182128906 -43 -63
0.7702209949493408 -43 -63
0.7767224311828613 -44 -63
0.7822270393371582 -44 -65
0.7886264324188232 -45 -65
0.7941179275512695 -45 -65
0.8002781867980957 -45 -64
0.8081543445587158 -46 -63
0.81345534324646 -46 -64
0.8198652267456055 -47 -64
0.8261680603027344 -47 -64
0.8315260410308838 -47 -64
0.838336706161499 -48 -64
0.8438560962677002 -48 -64
0.8500328063964844 -49 -62
0.8573575019836426 -49 -62
0.8630175590515137 -49 -62
0.8693807125091553 -50 -63
0.8758831024169922 -50 -64
0.8812494277954102 -51 -64
0.8875679969787598 -51 -64
0.8932173252105713 -51 -64
0.8994266986846924 -52 -66
0.9069888591766357 -52 -65
0.9125597476959229 -53 -65
0.9188170433044434 -53 -65
0.9243311882019043 -53 -65
0.9306628704071045 -54 -63
0.9372010231018066 -54 -65
0.9428427219390869 -55 -63
0.9490697383880615 -55 -63
0.9565901756286621 -55 -63
0.9620811939239502 -56 -63
0.968639612197876 -56 -62
0.9741489887237549 -57 -62
0.9803581237792969 -57 -63
0.9905445575714111 -57 -63
0.9972221851348877 -58 -63
1.0028274059295654 -59 -63
1.0101923942565918 -59 -63
1.0166816711425781 -59 -63
1.022148609161377 -59 -63
1.0284748077392578 -60 -64
1.0340182781219482 -61 -63
1.0402154922485352 -61 -63
1.0468604564666748 -61 -63
1.0524039268493652 -61 -63
1.0594420433044434 -62 -62
1.0659747123718262 -62 -62
1.0713310241699219 -63 -63
1.0776095390319824 -63 -63
1.0832631587982178 -63 -63
1.0894770622253418 -64 -62
1.096022129058838 -64 -62
1.1015586853027344 -65 -62
1.1101369857788086 -65 -61
1.1166653633117676 -65 -61
1.1221520900726318 -66 -62
1.1285295486450195 -66 -63
1.1340298652648926 -67 -64
1.1402101516723633 -67 -64
1.1467187404632568 -67 -64
1.152204990386963 -68 -63
1.1593339443206787 -68 -63
1.165884256362915 -69 -63
1.1714410781860352 -69 -63
1.178081750869751 -69 -63
1.1833324432373047 -70 -63
1.1895177364349365 -70 -63
1.196004867553711 -71 -63
1.2014036178588867 -71 -62
1.2079706192016602 -71 -62
1.2143354415893555 -72 -63
1.2204911708831787 -72 -63
1.2271721363067627 -73 -63
1.2328321933746338 -73 -64
1.2400805950164795 -73 -64
1.2465670108795166 -74 -64
1.2520792484283447 -74 -65
1.2584326267242432 -75 -65
1.2654674053192139 -75 -65
1.2710175514221191 -75 -65
1.2773876190185547 -76 -65
1.283109426498413 -76 -64
1.2894670963287354 -77 -64
1.2959768772125244 -77 -64
1.3013393878936768 -77 -64
1.3079471588134766 -78 -64
1.3142237663269043 -78 -64
1.3203911781311035 -79 -63
1.3268699645996094 -79 -63
1.3324708938598633 -79 -63
1.3387484550476074 -80 -62
1.3442931175231934 -80 -64
1.3506267070770264 -81 -64
1.3572914600372314 -81 -64
1.3640048503875732 -81 -64
1.370194435119629 -82 -65
1.376701831817627 -82 -64
1.3821840286254883 -83 -65
1.392439842224121 -83 -65
1.3988642692565918 -84 -63
1.4043731689453125 -84 -64
1.4109513759613037 -85 -64
1.4186766147613525 -85 -63
1.4241719245910645 -85 -63
1.4303791522979736 -85 -63
1.4368641376495361 -86 -62
1.442436695098877 -86 -62
1.4487261772155762 -87 -63
1.4543023109436035 -87 -63
1.4604480266571045 -87 -63
1.4682838916778564 -88 -63
1.4735517501831055 -89 -63
1.4799597263336182 -89 -63
1.4866409301757812 -89 -63
1.492103099822998 -89 -64
1.498506784439087 -90 -64
1.5040223598480225 -91 -64
1.510197639465332 -91 -64
1.517467737197876 -91 -64
1.5231332778930664 -92 -64
1.5295016765594482 -92 -63
1.535996437072754 -93 -63
1.5413544178009033 -93 -63
1.5476179122924805 -93 -63
1.5532703399658203 -93 -63
1.5594520568847656 -94 -62
1.566906213760376 -95 -63
1.5724570751190186 -95 -62
1.5787851810455322 -95 -62
1.5842912197113037 -95 -62
1.590583086013794 -96 -63
1.5970728397369385 -96 -63
1.602698564529419 -97 -64
1.6089518070220947 -97 -65
1.616213083267212 -97 -65
1.622089147567749 -98 -64
1.6284418106079102 -98 -64
1.6339733600616455 -99 -63
1.6401653289794922 -99 -63
1.6468586921691895 -99 -63
1.6524252891540527 -100 -63
1.6587097644805908 -100 -63
1.6642286777496338 -101 -63
1.6714274883270264 -101 -63
1.678149938583374 -101 -63
1.6834206581115723 -102 -63
1.689877986907959 -102 -63
1.6961703300476074 -103 -62
1.7015571594238281 -103 -63
1.7084059715270996 -103 -63
1.713921070098877 -104 -63
1.7211101055145264 -104 -64
1.7274184226989746 -105 -64
1.7330632209777832 -105 -64
1.7392938137054443 -105 -64
1.7456295490264893 -106 -64
1.7514047622680664 -106 -62
1.7579705715179443 -107 -63
1.7632827758789062 -107 -63
1.7707099914550781 -107 -63
1.7772541046142578 -108 -63
1.7829022407531738 -108 -61
1.7932214736938477 -109 -61
1.7996091842651367 -109 -61
1.8061606884002686 -109 -61
1.8119430541992188 -110 -62
1.819300651550293 -111 -62
1.8258543014526367 -111 -62
1.8313860893249512 -111 -62
1.8379333019256592 -111 -64
1.8432660102844238 -112 -63
1.8494529724121094 -112 -64
1.8560173511505127 -113 -64
1.8614015579223633 -113 -64
1.8679420948028564 -113 -64
1.8743247985839844 -114 -62
1.8806805610656738 -114 -63
1.8874218463897705 -115 -62
1.8930628299713135 -115 -62
1.8992865085601807 -115 -62
1.9055919647216797 -116 -62
1.9112088680267334 -116 -62
1.9174730777740479 -117 -63
1.9240467548370361 -117 -63
1.93027663230896 -117 -63
1.9422028064727783 -118 -64
1.9488160610198975 -119 -64
1.9542968273162842 -119 -64
1.9604814052581787 -119 -64
1.9670348167419434 -120 -65
1.973510503768921 -120 -65
1.979912519454956 -121 -64
1.9862029552459717 -121 -64
1.9918787479400635 -121 -64
1.9984073638916016 -122 -65
2.0039472579956055 -122 -64
2.0104150772094727 -123 -63
2.0169153213500977 -123 -64
2.0233688354492188 -123 -64
2.029620409011841 -124 -63
2.0361812114715576 -124 -63
2.041567325592041 -125 -64
2.0482873916625977 -125 -63
2.0535662174224854 -125 -63
2.059974431991577 -126 -64
2.0666158199310303 -126 -64
2.0729494094848633 -127 -66
2.0791995525360107 -127 -66
2.0854649543762207 -127 -66
2.0910234451293945 -128 -65
2.0974273681640625 -128 -64
2.104081153869629 -129 -63
2.1102800369262695 -129 -63
2.116830587387085 -129 -63
2.122440814971924 -130 -63
2.1299173831939697 -130 -64
2.1366333961486816 -131 -63
2.142122745513916 -131 -63
2.148491621017456 -131 -63
2.154019832611084 -132 -63
2.160266399383545 -132 -63
2.1668319702148438 -133 -62
2.17242431640625 -133 -63
2.1794958114624023 -133 -63
2.1889688968658447 -134 -64
2.196589231491089 -135 -64
2.202090263366699 -135 -64
2.2086477279663086 -135 -64
2.214163064956665 -136 -64
2.220482110977173 -136 -62
2.2281627655029297 -137 -63
2.2334399223327637 -137 -63
2.239950656890869 -137 -63
2.246223211288452 -138 -62
2.2519590854644775 -138 -63
2.2584216594696045 -139 -61
2.2639670372009277 -139 -61
2.2703771591186523 -139 -61
2.277524948120117 -139 -61
2.2832159996032715 -140 -61
2.2894177436828613 -141 -62
2.295971632003784 -141 -63
2.3013622760772705 -141 -63
2.308177947998047 -141 -64
2.3134679794311523 -142 -63
2.3196237087249756 -142 -64
2.3270273208618164 -143 -63
2.332772970199585 -143 -63
2.338993787765503 -143 -63
2.3445122241973877 -144 -63
2.3507237434387207 -144 -63
2.357245445251465 -145 -63
2.362870454788208 -145 -62
2.3692405223846436 -145 -62
2.3755853176116943 -146 -62
2.382424831390381 -146 -62
2.388751268386841 -147 -62
2.3942668437957764 -147 -63
2.400648355484009 -147 -63
2.4071993827819824 -148 -63
2.412839889526367 -148 -64
2.4190454483032227 -149 -64
2.4245471954345703 -149 -64
2.4321935176849365 -149 -64
2.4386003017425537 -150 -64
2.444085121154785 -150 -64
2.4502828121185303 -151 -65
2.4568374156951904 -151 -64
2.462430238723755 -151 -64
2.468740224838257 -152 -64
2.474299907684326 -152 -63
2.4814512729644775 -153 -64
2.48832106590271 -153 -64
2.493581533432007 -153 -64
2.5000219345092773 -154 -63
2.5065221786499023 -154 -63
2.5119495391845703 -155 -63
2.5184266567230225 -155 -62
2.5239474773406982 -155 -62
2.5313608646392822 -156 -63
2.5376229286193848 -156 -63
2.5432941913604736 -157 -64
2.549912214279175 -157 -65
2.5561881065368652 -157 -65
2.561598062515259 -158 -64
2.5682756900787354 -158 -64
2.573543071746826 -159 -63
2.579965829849243 -159 -63
2.5911803245544434 -160 -63
2.597959518432617 -160 -63
2.6032819747924805 -161 -63
2.6099777221679688 -161 -62
2.6166529655456543 -161 -62
2.6221632957458496 -161 -63
2.6285440921783447 -162 -62
2.635899543762207 -163 -63
2.6412839889526367 -163 -63
2.647561550140381 -163 -63
2.6532304286956787 -163 -63
2.6596031188964844 -164 -65
2.6661648750305176 -165 -65
2.6719422340393066 -165 -65
2.6784768104553223 -165 -65
2.6855926513671875 -166 -65
2.691192626953125 -166 -63
2.697479248046875 -167 -64
2.7031712532043457 -167 -64
2.709420919418335 -167 -64
2.7159481048583984 -167 -64
2.7213220596313477 -168 -64
2.728180170059204 -168 -63
2.7345283031463623 -169 -63
2.7407805919647217 -169 -63
2.74733567237854 -169 -63
2.752990245819092 -170 -63
2.7591583728790283 -171 -64
2.765048027038574 -171 -64
2.7709479331970215 -171 -64
2.777327537536621 -171 -64
2.782954692840576 -172 -65
2.7904648780822754 -172 -65
2.7969675064086914 -173 -65
2.8025729656219482 -173 -65
2.808845281600952 -174 -63
2.8143651485443115 -174 -64
2.8205363750457764 -174 -63
2.8270673751831055 -175 -63
2.832710027694702 -175 -63
2.839867353439331 -175 -63
2.8462111949920654 -176 -62
2.851973295211792 -176 -63
2.85841703414917 -177 -63
2.8639426231384277 -177 -63
2.870171546936035 -177 -63
2.876697301864624 -178 -63
2.8821935653686523 -178 -63
2.889286756515503 -179 -63
2.895566940307617 -179 -63
2.901273488998413 -179 -63
2.908111095428467 -180 -64
2.913404703140259 -180 -63
2.920041084289551 -181 -63
2.9265410900115967 -181 -63
2.931974411010742 -181 -63
2.9391942024230957 -182 -63
2.9454309940338135 -182 -62
2.950965404510498 -183 -61
2.957357406616211 -183 -62
2.9630260467529297 -183 -62
2.9693965911865234 -184 -61
2.9758970737457275 -184 -61
2.981302499771118 -185 -62
2.9925248622894287 -185 -61
2.9989569187164307 -185 -61
