0 0 0
0 0 0
0.021904706954956055 0 0
0.028989315032958984 0 0
0.0353546142578125 0 2
0.04379582405090332 1 18
0.05004382133483887 2 61
0.05556130409240723 2 93
0.06192946434020996 4 84
0.06757473945617676 4 134
0.07375001907348633 6 155
0.07965254783630371 7 184
0.08583879470825195 8 184
0.09333348274230957 10 199
0.09885549545288086 12 222
0.10507464408874512 12 242
0.11156487464904785 14 250
0.1171717643737793 16 256
0.12346434593200684 18 268
0.1289682388305664 20 279
0.135178804397583 22 289
0.14367103576660156 24 292
0.1495652198791504 27 298
0.15960001945495605 29 303
0.16573405265808105 30 305
0.1721808910369873 32 310
0.17788147926330566 34 313
0.18450140953063965 36 317
0.19175457954406738 39 320
0.1974334716796875 41 321
0.2037816047668457 43 323
0.2100234031677246 45 326
0.21558451652526855 47 325
0.2219688892364502 49 326
0.2276303768157959 51 325
0.23379135131835938 53 327
0.2401123046875 54 326
0.24676156044006348 56 331
0.2531118392944336 59 333
0.2586190700531006 61 332
0.2650337219238281 63 336
0.2715930938720703 66 338
0.2771611213684082 67 339
0.2835993766784668 70 340
0.2891240119934082 72 341
0.29668211936950684 74 336
0.3030390739440918 76 336
0.30859851837158203 78 336
0.31478381156921387 80 334
0.3214538097381592 82 334
0.3270418643951416 84 334
0.3333568572998047 86 335
0.33886289596557617 88 337
0.34597158432006836 90 338
0.35223913192749023 92 339
0.35787129402160645 94 339
0.36409807205200195 96 338
0.3706188201904297 98 336
0.3759751319885254 100 336
0.38286828994750977 102 338
0.3881416320800781 104 338
0.39556407928466797 107 339
0.4019598960876465 110 342
0.4076533317565918 112 341
0.4140331745147705 114 343
0.42055439949035645 116 343
0.42592811584472656 118 342
0.4322202205657959 120 341
0.4378848075866699 122 340
0.44533801078796387 124 338
0.45191383361816406 126 338
0.45755934715270996 128 335
0.46376991271972656 130 334
0.470109224319458 132 335
0.475722074508667 134 335
0.4820427894592285 136 338
0.4876680374145508 138 341
0.49391961097717285 140 340
0.501612663269043 143 343
0.5071923732757568 144 341
0.5134620666503906 148 340
0.5189986228942871 150 340
0.5251686573028564 151 337
0.5316708087921143 154 340
0.5373258590698242 155 341
0.5437757968902588 158 340
0.5513741970062256 160 341
0.5616848468780518 164 341
0.5673315525054932 165 342
0.5737740993499756 168 339
0.5800154209136963 170 338
0.585869550704956 172 336
0.592125415802002 174 335
0.5988674163818359 176 334
0.6050398349761963 178 334
0.6115033626556396 180 336
0.6170518398284912 182 338
0.623499870300293 185 343
0.6290426254272461 187 344
0.6352293491363525 189 343
0.6417315006256104 191 344
0.6481573581695557 193 344
0.654651403427124 195 341
0.6611752510070801 197 340
0.6666653156280518 199 340
0.6732268333435059 201 338
0.6787283420562744 204 339
0.6851603984832764 205 339
0.6916518211364746 208 339
0.6972942352294922 210 338
0.7087996006011963 214 341
0.7150671482086182 215 338
0.7215580940246582 218 336
0.7271633148193359 219 337
0.733464241027832 222 336
0.73895263671875 224 337
0.7453048229217529 226 339
0.7529675960540771 228 340
0.758500337600708 230 342
0.7646784782409668 232 342
0.7711784839630127 234 344
0.7765777111053467 236 343
0.783029317855835 238 340
0.788555383682251 240 339
0.7947378158569336 242 340
0.8021039962768555 245 338
0.8077640533447266 247 338
0.8139922618865967 249 338
0.8205153942108154 251 336
0.8259060382843018 253 336
0.8321824073791504 256 337
0.8378400802612305 258 338
0.8440628051757812 260 339
0.850590705871582 262 340
0.8571751117706299 264 341
0.8636233806610107 266 339
0.8691308498382568 268 338
0.8753128051757812 270 340
0.8818309307098389 272 337
0.8875019550323486 274 341
0.8937301635742188 276 342
0.8996462821960449 278 341
0.906745195388794 280 342
0.9130938053131104 283 341
0.918623685836792 285 340
0.9250574111938477 287 342
0.93172287940979 290 340
0.9373819828033447 292 338
0.9435951709747314 294 336
0.9491560459136963 296 336
0.961336612701416 299 335
0.9668285846710205 301 337
0.9733710289001465 303 336
0.9788858890533447 306 340
0.9853205680847168 308 343
0.9918193817138672 310 341
0.9974586963653564 312 341
1.004758596420288 314 341
1.0113017559051514 316 340
1.0167803764343262 318 339
1.0231478214263916 320 339
1.0286366939544678 322 338
1.0348494052886963 324 342
1.0415067672729492 327 341
1.047046422958374 328 340
1.053312063217163 331 340
1.0606961250305176 333 342
1.0662283897399902 335 341
1.0728719234466553 337 339
1.0781116485595703 339 339
1.0845444202423096 341 335
1.0910587310791016 343 335
1.0962376594543457 345 335
1.1030833721160889 347 335
1.1104638576507568 350 337
1.1158530712127686 352 338
1.1221418380737305 354 342
1.1278176307678223 356 342
1.1339895725250244 358 343
1.1414589881896973 361 344
1.1470427513122559 362 344
1.153324842453003 364 342
1.1606593132019043 367 339
1.1662278175354004 369 339
1.1729090213775635 371 338
1.1781823635101318 373 336
1.1845927238464355 375 339
1.1912593841552734 377 340
1.1967151165008545 379 340
1.203087329864502 381 341
1.2112090587615967 384 337
1.2166872024536133 386 337
1.2232635021209717 388 339
1.2287590503692627 390 336
1.2349393367767334 392 337
1.241445779800415 395 338
1.2470550537109375 396 338
1.2533788681030273 398 340
1.260751724243164 401 342
1.2661409378051758 403 344
1.2727670669555664 405 342
1.2780227661132812 407 345
1.2846519947052002 409 343
1.291137933731079 411 341
1.296553373336792 413 339
1.3029825687408447 415 336
1.310089111328125 418 338
1.3156399726867676 420 335
1.322192907333374 422 339
1.3278813362121582 424 339
1.3340890407562256 426 338
1.3405988216400146 428 338
1.3461098670959473 430 339
1.3527581691741943 432 340
1.3637254238128662 436 337
1.3696329593658447 438 338
1.3757450580596924 440 339
1.3821415901184082 442 338
1.3878788948059082 444 340
1.3940660953521729 446 344
1.4006879329681396 448 343
1.4062445163726807 450 344
1.4136807918548584 453 342
1.4195771217346191 455 340
1.4253637790679932 457 339
1.4318811893463135 459 338
1.437511920928955 461 336
1.4437987804412842 463 336
1.4500536918640137 465 335
1.4558370113372803 467 335
1.4633567333221436 470 336
1.4688928127288818 472 337
1.475074052810669 474 340
1.4815540313720703 476 340
1.4871537685394287 478 343
1.493429183959961 480 340
1.4989597797393799 482 340
1.505138635635376 484 339
1.5128419399261475 486 341
1.518127202987671 488 339
1.5247304439544678 490 340
1.531256914138794 492 340
1.5367131233215332 494 339
1.5430691242218018 497 342
1.5485780239105225 499 341
1.5548198223114014 501 339
1.561314582824707 503 338
1.567730188369751 506 336
1.5739376544952393 508 337
1.5802357196807861 510 335
1.5860247611999512 512 334
1.592555046081543 514 336
1.5978779792785645 516 337
1.6040737628936768 518 341
1.6106352806091309 520 342
1.6173758506774902 522 342
1.6236457824707031 524 343
1.6291639804840088 526 339
1.635366678237915 528 343
1.642052173614502 531 339
1.6476998329162598 533 336
1.6538982391357422 535 339
1.6601624488830566 537 340
1.6669859886169434 539 337
1.6732733249664307 541 338
1.678788185119629 544 338
1.684955358505249 545 338
1.6914501190185547 548 340
1.697023630142212 549 339
1.7035164833068848 552 339
1.7091233730316162 554 337
1.7168467044830322 556 335
1.723250389099121 558 337
1.7287380695343018 560 337
1.7349028587341309 562 336
1.7414376735687256 564 340
1.7470569610595703 566 342
1.7533771991729736 568 342
1.7588698863983154 572 344
1.7712771892547607 574 343
1.7767901420593262 576 340
1.7833340167999268 578 339
1.7888400554656982 581 340
1.7951629161834717 582 337
1.8017029762268066 585 339
1.8073468208312988 586 336
1.8135719299316406 589 336
1.8212924003601074 591 338
1.8268115520477295 593 338
1.833155870437622 595 341
1.8386435508728027 598 341
1.845026969909668 599 338
1.8515286445617676 602 340
1.8570787906646729 603 339
1.8633918762207031 606 337
1.8707706928253174 608 338
1.8761472702026367 610 339
1.8829941749572754 612 339
1.8885242938995361 614 342
1.8947327136993408 616 342
1.9012725353240967 618 344
1.906771183013916 620 344
1.91312575340271 622 341
1.9201996326446533 625 339
1.9257900714874268 627 338
1.9320564270019531 629 336
1.9377219676971436 631 335
1.944103479385376 633 335
1.9506149291992188 635 335
1.9627485275268555 639 340
1.9680261611938477 642 340
1.9754106998443604 644 340
1.9819214344024658 646 339
1.9875595569610596 648 341
1.9938127994537354 650 340
2.0000696182250977 652 340
2.005836009979248 654 339
2.012101173400879 656 339
2.0178065299987793 658 337
2.024991035461426 660 340
2.031498432159424 663 342
2.0370423793792725 664 341
2.0433449745178223 666 340
2.0488853454589844 669 340
2.055086851119995 670 339
2.061735153198242 673 336
2.067452907562256 675 336
2.0746567249298096 677 336
2.081117630004883 679 335
2.0865447521209717 681 336
2.0929813385009766 683 337
2.0985188484191895 686 339
2.10489559173584 688 339
2.1114304065704346 690 342
2.1170196533203125 692 341
2.124565362930298 694 344
2.131098508834839 696 343
2.136535406112671 699 342
2.1436259746551514 701 339
2.1491386890411377 703 337
2.155294418334961 705 335
2.165318250656128 708 338
2.171996831893921 710 337
2.178663492202759 713 338
2.1851370334625244 715 338
2.1918985843658447 718 341
2.1975550651550293 719 337
2.2037746906280518 722 337
2.2100472450256348 724 339
2.2156126499176025 726 336
2.2219769954681396 728 336
2.2286629676818848 730 339
2.2350707054138184 732 338
2.241758108139038 734 338
2.2474400997161865 736 341
2.2536230087280273 738 343
2.259565830230713 740 345
2.2654013633728027 742 343
2.2719268798828125 744 341
2.2786130905151367 747 342
2.2848246097564697 749 336
2.2913551330566406 751 337
2.296914577484131 753 337
2.30342173576355 756 336
2.3089263439178467 757 338
2.3151001930236816 759 338
2.3216354846954346 762 337
2.3280911445617676 764 339
2.3345320224761963 766 343
2.3408002853393555 768 341
2.34618878364563 770 337
2.3529183864593506 772 339
2.3582091331481934 774 339
2.364830255508423 776 338
2.371337413787842 778 341
2.3777151107788086 780 342
2.3839452266693115 782 345
2.3904659748077393 785 344
2.3958613872528076 787 342
2.402147054672241 789 343
2.4078209400177 791 340
2.414024591445923 793 337
2.420592784881592 795 338
2.426147699356079 797 336
2.4335336685180664 800 335
2.4390554428100586 802 336
2.4452292919158936 804 334
2.4517476558685303 806 336
2.4574551582336426 808 338
2.4636569023132324 810 338
2.469534397125244 812 342
2.4753611087799072 814 343
2.4832417964935303 816 341
2.488750457763672 818 341
2.4951062202453613 820 342
2.501626968383789 823 339
2.5071797370910645 824 339
2.5134875774383545 827 339
2.519040822982788 829 338
2.5252277851104736 831 339
2.532973527908325 833 339
2.5384902954101562 835 342
2.5448763370513916 837 339
2.5514028072357178 840 338
2.5569396018981934 841 337
2.5670437812805176 844 335
2.573517084121704 847 335
2.5808095932006836 849 337
2.5865869522094727 851 338
2.593235969543457 853 336
2.5987565517425537 856 339
2.605109214782715 857 341
2.611585855484009 860 342
2.6171627044677734 862 344
2.623617649078369 864 344
2.629150390625 866 342
2.6364903450012207 868 337
2.642965078353882 870 339
2.6482410430908203 872 339
2.6546740531921387 874 339
2.661330461502075 876 338
2.66681170463562 878 337
2.6731927394866943 880 339
2.678710460662842 883 340
2.6858272552490234 885 338
2.6920557022094727 887 338
2.697702646255493 889 337
2.703943967819214 891 337
2.7102341651916504 893 337
2.715885877609253 895 338
2.722693920135498 898 340
2.727969169616699 899 337
2.7352569103240967 902 342
2.741795778274536 904 342
2.747437000274658 906 344
2.7537689208984375 908 345
2.760099411010742 910 341
2.765638828277588 912 343
2.7720043659210205 914 337
2.7776548862457275 916 338
2.784977436065674 918 336
2.7915263175964355 921 334
2.79707932472229 922 333
2.8033945560455322 925 336
2.8089208602905273 927 339
2.8150837421417236 928 338
2.821625232696533 931 341
2.8271961212158203 932 340
2.8344833850860596 936 340
2.8412392139434814 938 338
2.846761703491211 940 339
2.8531272411346436 942 340
2.858628988265991 944 337
2.86482310295105 946 340
2.8713290691375732 948 340
2.876819610595703 950 342
2.883373975753784 952 340
2.890711784362793 954 342
2.8961052894592285 956 343
2.9030444622039795 958 341
2.9085564613342285 960 339
2.914783000946045 962 339
2.9213106632232666 964 336
2.926828384399414 966 335
2.9332351684570312 968 336
2.9405603408813477 971 335
2.945952892303467 974 336
2.952216863632202 976 337
2.9579086303710938 978 338
2.968132734298706 981 341
2.9747190475463867 983 343
2.981449842453003 986 343
2.987931728363037 988 342
2.994480848312378 990 338
