0 0 0
0 0 0
0.03242039680480957 0 0
0.03996419906616211 0 0
0.04773306846618652 -1 -3
0.05374574661254883 -1 -3
0.06243610382080078 -1 -22
0.06892514228820801 -2 -87
0.07446098327636719 -2 -87
0.08068108558654785 -2 -59
0.08722686767578125 -3 -82
0.09350323677062988 -4 -86
0.09986996650695801 -4 -75
0.10638117790222168 -5 -93
0.11325621604919434 -6 -97
0.11951971054077148 -7 -112
0.12542510032653809 -8 -118
0.13129711151123047 -8 -118
0.13784575462341309 -10 -127
0.14356350898742676 -10 -129
0.1497955322265625 -11 -132
0.1561264991760254 -12 -135
0.16320395469665527 -13 -138
0.16946721076965332 -14 -140
0.1754310131072998 -15 -144
0.18128418922424316 -16 -145
0.19165468215942383 -17 -147
0.1984543800354004 -18 -146
0.2037820816040039 -19 -146
0.21037602424621582 -20 -145
0.21787714958190918 -21 -147
0.22356152534484863 -22 -149
0.22982287406921387 -23 -151
0.23612308502197266 -24 -151
0.24191737174987793 -24 -151
0.24859046936035156 -26 -151
0.2539515495300293 -26 -150
0.2603902816772461 -27 -151
0.26767945289611816 -28 -150
0.27334141731262207 -30 -152
0.27974510192871094 -30 -152
0.2860705852508545 -31 -153
0.2916586399078369 -32 -154
0.2979450225830078 -33 -155
0.3036158084869385 -34 -153
0.30985283851623535 -35 -152
0.31743597984313965 -36 -152
0.3230781555175781 -37 -151
0.3293495178222656 -38 -152
0.33489203453063965 -39 -154
0.3412632942199707 -40 -153
0.3478119373321533 -41 -152
0.35345029830932617 -42 -150
0.3596644401550293 -42 -150
0.3673994541168213 -44 -151
0.37294459342956543 -44 -151
0.3792719841003418 -45 -153
0.38480257987976074 -46 -153
0.39100050926208496 -47 -152
0.3977241516113281 -48 -152
0.4033963680267334 -49 -152
0.40960121154785156 -50 -152
0.41718101501464844 -51 -155
0.4226875305175781 -52 -155
0.429065465927124 -53 -156
0.4345734119415283 -54 -155
0.4407687187194824 -55 -154
0.4473404884338379 -56 -154
0.4529249668121338 -57 -153
0.45942234992980957 -58 -154
0.46497058868408203 -59 -154
0.4720892906188965 -60 -156
0.47876596450805664 -61 -156
0.4840857982635498 -62 -156
0.4905083179473877 -63 -155
0.4971797466278076 -64 -154
0.5027050971984863 -64 -153
0.509136438369751 -66 -152
0.514641523361206 -67 -153
0.5218830108642578 -68 -153
0.5284788608551025 -68 -154
0.5337960720062256 -70 -154
0.5399985313415527 -70 -154
0.5465474128723145 -71 -151
0.5519216060638428 -72 -151
0.5585896968841553 -73 -151
0.5638992786407471 -74 -151
0.5712025165557861 -75 -153
0.5779416561126709 -76 -154
0.5836472511291504 -78 -153
0.5939440727233887 -78 -152
0.6005308628082275 -80 -153
0.6071946620941162 -80 -152
0.6127057075500488 -81 -153
0.6199769973754883 -82 -156
0.6265521049499512 -84 -154
0.6321237087249756 -84 -155
0.6389937400817871 -85 -154
0.6445226669311523 -86 -154
0.6507041454315186 -87 -153
0.6572079658508301 -88 -152
0.6627399921417236 -89 -152
0.6699557304382324 -90 -154
0.6764919757843018 -91 -152
0.6818554401397705 -92 -154
0.6881232261657715 -93 -152
0.6937828063964844 -94 -151
0.7006423473358154 -95 -151
0.7071733474731445 -96 -152
0.7126765251159668 -97 -153
0.7190821170806885 -98 -155
0.7264416217803955 -99 -154
0.7318530082702637 -100 -157
0.7384414672851562 -101 -155
0.7437789440155029 -102 -154
0.7500367164611816 -102 -154
0.7565748691558838 -104 -153
0.7623929977416992 -104 -155
0.7688589096069336 -106 -156
0.7759628295898438 -107 -156
0.7818119525909424 -108 -156
0.7881147861480713 -108 -154
0.7937736511230469 -110 -154
0.8000137805938721 -110 -154
0.8065741062164307 -111 -154
0.8119399547576904 -112 -152
0.8187673091888428 -113 -152
0.8255465030670166 -114 -152
0.831498384475708 -115 -152
0.8378839492797852 -116 -152
0.8435726165771484 -117 -150
0.8498032093048096 -118 -150
0.8563494682312012 -119 -151
0.8618125915527344 -120 -152
0.8681211471557617 -121 -153
0.8748762607574463 -122 -153
0.8812727928161621 -123 -152
0.8880302906036377 -124 -151
0.8937387466430664 -125 -151
0.8999593257904053 -126 -152
0.9064943790435791 -126 -153
0.9119093418121338 -128 -154
0.91849684715271 -128 -155
0.9249083995819092 -130 -155
0.9310910701751709 -130 -155
0.9377679824829102 -132 -154
0.9434449672698975 -132 -154
0.9496471881866455 -133 -154
0.9559428691864014 -134 -154
0.9615402221679688 -135 -155
0.9679458141326904 -136 -157
0.9746241569519043 -137 -155
0.9808969497680664 -138 -156
0.9908533096313477 -140 -151
0.9976470470428467 -141 -152
1.0033247470855713 -142 -152
1.009678602218628 -142 -152
1.015956163406372 -144 -154
1.0218818187713623 -144 -154
1.0293388366699219 -146 -154
1.0348572731018066 -146 -154
1.0410435199737549 -147 -153
1.0476045608520508 -148 -153
1.053293228149414 -149 -152
1.0596673488616943 -150 -153
1.065938949584961 -151 -155
1.0713131427764893 -152 -155
1.07893705368042 -153 -156
1.0844597816467285 -154 -155
1.0906872749328613 -155 -153
1.0979344844818115 -156 -153
1.1036264896392822 -157 -151
1.1099071502685547 -158 -152
1.1164755821228027 -159 -154
1.1220853328704834 -160 -154
1.129561185836792 -161 -153
1.1354269981384277 -162 -151
1.1412739753723145 -163 -150
1.1479895114898682 -164 -149
1.1536636352539062 -164 -151
1.1599066257476807 -166 -152
1.1664505004882812 -166 -152
1.171863079071045 -168 -154
1.179490566253662 -168 -154
1.1850388050079346 -170 -151
1.1912319660186768 -170 -152
1.1977441310882568 -172 -152
1.2033874988555908 -172 -152
1.209610939025879 -173 -156
1.2155308723449707 -174 -155
1.2213129997253418 -175 -156
1.227851152420044 -176 -155
1.234544038772583 -177 -154
1.2409651279449463 -178 -154
1.247452735900879 -179 -155
1.253070592880249 -180 -155
1.2593483924865723 -181 -156
1.264901876449585 -182 -157
1.2711479663848877 -183 -156
1.277838945388794 -184 -153
1.2845513820648193 -185 -153
1.2907750606536865 -186 -153
1.2975213527679443 -187 -153
1.3030807971954346 -188 -154
1.309347152709961 -189 -154
1.3148326873779297 -190 -154
1.3210430145263672 -190 -153
1.3275697231292725 -192 -152
1.3340530395507812 -192 -152
1.3404934406280518 -193 -152
1.3469955921173096 -194 -152
1.3524510860443115 -195 -155
1.3590774536132812 -196 -155
1.3645930290222168 -197 -153
1.3707735538482666 -198 -154
1.3773598670959473 -199 -152
1.3837940692901611 -200 -152
1.393927812576294 -202 -153
1.400519609451294 -202 -155
1.4072823524475098 -204 -155
1.4128894805908203 -204 -155
1.4194550514221191 -206 -154
1.425011157989502 -206 -154
1.432422399520874 -208 -152
1.438892126083374 -208 -152
1.4443979263305664 -209 -151
1.4506020545959473 -210 -152
1.457174301147461 -211 -154
1.4626200199127197 -212 -154
1.4690093994140625 -213 -153
1.4745502471923828 -214 -153
1.4809441566467285 -215 -151
1.4886493682861328 -216 -152
1.493924856185913 -217 -154
1.500443458557129 -218 -154
1.5067272186279297 -219 -155
1.5121374130249023 -220 -156
1.5188767910003662 -221 -155
1.5244176387786865 -222 -154
1.5306196212768555 -222 -155
1.5384597778320312 -224 -155
1.5438382625579834 -225 -157
1.550051212310791 -226 -156
1.5566110610961914 -226 -156
1.562002420425415 -228 -155
1.5687072277069092 -228 -154
1.573960781097412 -229 -153
1.5803887844085693 -230 -153
1.5877184867858887 -232 -153
1.593384027481079 -232 -155
1.599787950515747 -234 -155
1.6061122417449951 -234 -154
1.6117761135101318 -235 -154
1.6180834770202637 -236 -153
1.6237921714782715 -237 -151
1.6300017833709717 -238 -151
1.6375174522399902 -239 -151
1.6431903839111328 -240 -152
1.6494500637054443 -241 -152
1.6550166606903076 -242 -151
1.6664624214172363 -244 -152
1.6721291542053223 -244 -151
1.678818702697754 -245 -151
1.6841347217559814 -246 -153
1.6913084983825684 -248 -154
1.6978485584259033 -248 -155
1.7035303115844727 -249 -155
1.7097010612487793 -250 -155
1.7159812450408936 -251 -153
1.7217965126037598 -252 -153
1.728118658065796 -253 -153
1.7338087558746338 -254 -154
1.7410311698913574 -255 -155
1.7475824356079102 -256 -155
1.753251075744629 -257 -155
1.7595155239105225 -258 -156
1.7650501728057861 -259 -155
1.7712516784667969 -260 -152
1.777972936630249 -261 -153
1.7836308479309082 -262 -151
1.7949213981628418 -264 -154
1.8015408515930176 -264 -154
1.8080756664276123 -265 -154
1.813760757446289 -266 -154
1.820401668548584 -267 -153
1.826697587966919 -268 -153
1.8320982456207275 -269 -154
1.839663028717041 -270 -155
1.8459455966949463 -271 -156
1.8515055179595947 -272 -155
1.8633463382720947 -274 -153
1.8695952892303467 -275 -152
1.8755216598510742 -276 -154
1.8813107013702393 -277 -152
1.887848138809204 -278 -155
1.8946900367736816 -279 -155
1.901094913482666 -280 -152
1.907602071762085 -281 -153
1.91329026222229 -282 -151
1.919548511505127 -282 -151
1.9254992008209229 -284 -151
1.9316685199737549 -284 -151
1.937976598739624 -285 -153
1.9447290897369385 -286 -153
1.951542615890503 -288 -153
1.958106279373169 -288 -152
1.963775396347046 -289 -152
1.970020055770874 -290 -152
1.9765911102294922 -291 -153
1.9819869995117188 -292 -153
1.9886813163757324 -293 -155
1.9950401782989502 -294 -154
2.001244306564331 -295 -154
2.0078108310699463 -296 -154
2.013469934463501 -297 -152
2.0198612213134766 -298 -155
2.0264580249786377 -299 -155
2.03188419342041 -300 -156
2.0385684967041016 -301 -157
2.0448389053344727 -302 -156
2.0509963035583496 -302 -156
2.057710647583008 -304 -153
2.063398838043213 -305 -153
2.0696911811828613 -306 -152
2.0759661197662354 -306 -153
2.081796407699585 -308 -153
2.0884480476379395 -308 -155
2.0961029529571533 -310 -154
2.1017301082611084 -310 -154
2.108037233352661 -312 -152
2.1137328147888184 -312 -152
2.1199963092803955 -313 -151
2.1265709400177 -314 -152
2.131953477859497 -315 -154
2.138812780380249 -316 -154
2.1454882621765137 -317 -156
2.1514623165130615 -318 -155
2.157942771911621 -319 -152
2.1636319160461426 -320 -151
2.1698455810546875 -321 -152
2.176421880722046 -322 -152
2.1818454265594482 -323 -155
2.188720464706421 -324 -154
2.199913740158081 -326 -153
2.2064554691314697 -326 -151
2.2120516300201416 -328 -151
2.2189431190490723 -328 -151
2.2245607376098633 -330 -152
2.2307848930358887 -330 -152
2.2373435497283936 -332 -153
2.24294114112854 -332 -153
2.250836133956909 -333 -153
2.25752592086792 -334 -152
2.263174533843994 -335 -151
2.2693824768066406 -336 -152
2.2749404907226562 -337 -153
2.2811570167541504 -338 -155
2.2877068519592285 -339 -155
2.293361186981201 -340 -156
2.3005740642547607 -341 -154
2.307138442993164 -342 -154
2.312687397003174 -343 -154
2.319275379180908 -344 -153
2.3248581886291504 -345 -155
2.3310327529907227 -346 -156
2.3375954627990723 -347 -157
2.3432846069335938 -348 -156
2.3505232334136963 -349 -153
2.3570432662963867 -350 -154
2.3625621795654297 -350 -153
2.3689587116241455 -352 -153
2.3744864463806152 -352 -155
2.380918264389038 -353 -155
2.387467622756958 -354 -154
2.3930628299713135 -355 -154
2.400388479232788 -356 -151
2.4069957733154297 -357 -151
2.4124507904052734 -358 -151
2.418933629989624 -359 -150
2.424466609954834 -360 -151
2.4306678771972656 -361 -152
2.4373703002929688 -362 -153
2.4429922103881836 -363 -152
2.4505226612091064 -364 -151
2.457041025161743 -365 -151
2.4624736309051514 -366 -151
2.4689624309539795 -367 -154
2.4744863510131836 -368 -155
2.480701446533203 -368 -155
2.4872207641601562 -370 -155
2.4927308559417725 -370 -154
2.4993324279785156 -372 -152
2.506685256958008 -372 -153
2.5120692253112793 -374 -153
2.5187363624572754 -374 -154
2.524027109146118 -376 -154
2.5304853916168213 -376 -155
2.537062168121338 -377 -155
2.542570114135742 -378 -153
2.5489819049835205 -379 -153
2.5559804439544678 -380 -152
2.561802864074707 -381 -151
2.56807017326355 -382 -153
2.573791742324829 -383 -155
2.580418109893799 -384 -154
2.5867159366607666 -385 -154
2.59710693359375 -386 -151
2.603647232055664 -388 -152
2.610074996948242 -388 -153
2.6166234016418457 -390 -155
2.6225948333740234 -390 -156
2.6289889812469482 -392 -155
2.634558916091919 -393 -157
2.6407675743103027 -393 -155
2.647333860397339 -394 -156
2.653818130493164 -396 -154
2.6600470542907715 -396 -152
2.66692852973938 -397 -154
2.6723718643188477 -398 -152
2.679049491882324 -399 -153
2.684556007385254 -400 -154
2.6907799243927 -401 -153
2.6973257064819336 -402 -151
2.703794479370117 -403 -151
2.7104332447052 -404 -151
2.7169811725616455 -405 -152
2.722411632537842 -406 -152
2.7289483547210693 -407 -153
2.7344887256622314 -408 -152
2.740924596786499 -408 -150
2.74749493598938 -410 -152
2.753080129623413 -411 -151
2.7603747844696045 -412 -152
2.7667369842529297 -412 -155
2.772376537322998 -414 -154
2.7789454460144043 -414 -155
2.78446888923645 -415 -154
2.7906787395477295 -416 -154
2.7973883152008057 -418 -153
2.8029839992523193 -418 -154
2.810025691986084 -419 -155
2.8165745735168457 -420 -155
2.821981430053711 -421 -156
2.8287031650543213 -422 -156
2.8339951038360596 -423 -156
2.840642213821411 -424 -155
2.847172498703003 -425 -153
2.85267972946167 -426 -153
2.860031843185425 -427 -153
2.8666224479675293 -428 -154
2.872040033340454 -429 -154
2.8787004947662354 -430 -155
2.8840444087982178 -431 -153
2.890498399734497 -432 -151
2.8970160484313965 -432 -151
2.902482748031616 -434 -153
2.9097118377685547 -435 -153
2.915980339050293 -436 -155
2.9217851161956787 -436 -155
2.9280776977539062 -438 -154
2.9337615966796875 -438 -154
2.9400594234466553 -440 -152
2.9466121196746826 -440 -152
2.9520175457000732 -441 -153
2.9595563411712646 -442 -152
2.965515375137329 -444 -154
2.971653938293457 -444 -153
2.9781103134155273 -445 -154
2.9837687015533447 -446 -153
2.990006685256958 -447 -153
