0 0 0
0 0 0
0.03447890281677246 0 0
0.03991508483886719 0 0
0.04758334159851074 0 0
0.05637001991271973 0 0
0.06413888931274414 0 0
0.06959128379821777 0 2
0.07599830627441406 1 2
0.0825340747833252 1 2
0.08767509460449219 1 5
0.0943140983581543 1 5
0.09951901435852051 2 11
0.10657763481140137 2 11
0.11305356025695801 2 11
0.11934137344360352 2 20
0.12592673301696777 2 34
0.13227009773254395 3 34
0.1379995346069336 3 43
0.14438962936401367 4 47
0.1496422290802002 4 47
0.15681195259094238 4 47
0.16331219673156738 4 53
0.16894078254699707 5 54
0.17894721031188965 6 55
0.18541216850280762 6 55
0.19194912910461426 6 56
0.1974630355834961 6 58
0.20496654510498047 7 58
0.21051764488220215 8 58
0.2166461944580078 8 58
0.22311854362487793 8 58
0.2287144660949707 8 60
0.23486709594726562 9 60
0.24037694931030273 9 61
0.2467174530029297 10 62
0.254422664642334 10 62
0.2599217891693115 10 62
0.26629114151000977 11 63
0.2728128433227539 11 63
0.27828335762023926 12 63
0.2846717834472656 12 63
0.2901113033294678 12 62
0.2962968349456787 13 62
0.30292344093322754 13 63
0.30933141708374023 14 62
0.3155198097229004 14 62
0.3221008777618408 14 63
0.3274962902069092 15 63
0.3341357707977295 15 63
0.33940601348876953 16 64
0.3455955982208252 16 64
0.35214710235595703 16 64
0.3588447570800781 17 65
0.3651852607727051 17 65
0.37103772163391113 18 64
0.3768198490142822 18 64
0.38332557678222656 18 66
0.3889479637145996 19 66
0.39530348777770996 19 66
0.4016146659851074 20 66
0.4083876609802246 20 66
0.41466236114501953 20 64
0.42012667655944824 21 64
0.4264521598815918 21 64
0.4329843521118164 22 64
0.43851661682128906 22 64
0.44481945037841797 22 63
0.45032238960266113 23 63
0.4574429988861084 23 65
0.4640030860900879 24 64
0.46930932998657227 24 64
0.47551417350769043 24 65
0.4820973873138428 25 65
0.48766088485717773 25 64
0.49429988861083984 26 65
0.499525785446167 26 65
0.5056757926940918 26 65
0.5132932662963867 27 65
0.5188989639282227 27 65
0.52522873878479 28 64
0.5310614109039307 28 64
0.5368270874023438 28 63
0.5435378551483154 29 63
0.549149751663208 29 63
0.5553383827209473 30 64
0.5628890991210938 30 64
0.5684692859649658 30 63
0.5784752368927002 31 64
0.584918737411499 32 64
0.5904216766357422 32 64
0.5968039035797119 32 64
0.6035308837890625 32 64
0.6102004051208496 33 65
0.616358757019043 34 65
0.6228768825531006 34 65
0.6284182071685791 34 65
0.6346747875213623 34 64
0.6401951313018799 35 63
0.6463375091552734 35 64
0.6530284881591797 36 64
0.6586000919342041 36 62
0.666041374206543 36 63
0.6724967956542969 37 63
0.6776711940765381 37 63
0.6843419075012207 38 63
0.6895818710327148 38 65
0.6961181163787842 38 64
0.7026033401489258 39 64
0.7079765796661377 39 65
0.7151429653167725 40 65
0.7210254669189453 40 64
0.7271645069122314 41 66
0.7334747314453125 41 66
0.7390804290771484 42 64
0.7452495098114014 42 64
0.7514622211456299 42 65
0.7568464279174805 42 65
0.7643909454345703 43 63
0.769648551940918 43 63
0.776029109954834 44 63
0.7827012538909912 44 63
0.7882184982299805 44 63
0.7945289611816406 45 63
0.7999906539916992 45 63
0.8061487674713135 46 63
0.8134605884552002 46 63
0.819157600402832 46 64
0.8253707885742188 47 64
0.8316433429718018 47 64
0.83730149269104 48 64
0.8441097736358643 48 64
0.8493421077728271 48 65
0.855518102645874 49 64
0.862018346786499 50 64
0.8686025142669678 50 64
0.8748636245727539 50 64
0.8803672790527344 50 63
0.8865070343017578 51 63
0.8929891586303711 51 62
0.8986032009124756 52 62
0.9050295352935791 52 62
0.9105372428894043 52 62
0.9181733131408691 53 62
0.9245727062225342 53 63
0.9300594329833984 54 63
0.9362397193908691 54 63
0.9427294731140137 54 65
0.948164701461792 55 64
0.9545714855194092 55 64
0.96004319190979 56 64
0.9674520492553711 56 64
0.9774141311645508 57 64
0.9842672348022461 57 65
0.9895031452178955 58 63
0.9960720539093018 58 63
1.0027413368225098 58 63
1.008244514465332 58 62
1.014568567276001 59 63
1.021653175354004 60 63
1.0273804664611816 60 63
1.0336496829986572 60 63
1.0393147468566895 60 64
1.0459239482879639 61 64
1.052229642868042 62 64
1.0575644969940186 62 64
1.064227819442749 62 65
1.070530652999878 63 65
1.0766935348510742 63 66
1.0833327770233154 64 66
1.088958978652954 64 66
1.0951299667358398 64 65
1.100968599319458 65 65
1.1067676544189453 65 64
1.113354206085205 66 64
1.1210942268371582 66 64
1.1268346309661865 66 63
1.1333131790161133 67 64
1.1389222145080566 67 64
1.145303726196289 68 64
1.1515588760375977 68 64
1.1570680141448975 68 65
1.1633803844451904 69 64
1.1700999736785889 69 65
1.1764318943023682 70 65
1.1828863620758057 70 65
1.1883857250213623 70 65
1.1946773529052734 71 66
1.2001724243164062 71 66
1.206493616104126 72 66
1.2129573822021484 72 66
1.2192730903625488 72 64
1.2255675792694092 73 63
1.2320678234100342 73 64
1.2374107837677002 74 63
1.243666410446167 74 63
1.249283790588379 74 64
1.2554738521575928 75 63
1.2619872093200684 75 63
1.2675151824951172 76 63
1.2750296592712402 76 63
1.280592918395996 76 63
1.2867650985717773 77 64
1.2932562828063965 77 64
1.2988488674163818 78 64
1.3051977157592773 78 64
1.3114752769470215 78 65
1.3168411254882812 79 64
1.3246617317199707 79 64
1.3301420211791992 80 64
1.3363063335418701 80 64
1.342799186706543 80 63
1.3482489585876465 80 62
1.3545620441436768 81 62
1.3600263595581055 82 62
1.366255760192871 82 62
1.3734304904937744 82 62
1.3841276168823242 83 62
1.3893721103668213 83 63
1.395932912826538 84 64
1.4022223949432373 84 64
1.4079744815826416 84 64
1.414407730102539 85 64
1.4196703433990479 85 64
1.4268569946289062 86 64
1.433500051498413 86 64
1.4391136169433594 86 64
1.4455218315124512 87 65
1.4520001411437988 87 65
1.4573590755462646 88 63
1.4636280536651611 88 63
1.4692997932434082 88 63
1.4765501022338867 89 63
1.4830207824707031 89 63
1.4886009693145752 90 64
1.4948692321777344 90 64
1.500356674194336 90 63
1.5066633224487305 91 64
1.5131609439849854 91 63
1.5188124179840088 92 64
1.526071548461914 92 64
1.532536506652832 92 65
1.5379283428192139 93 64
1.54435396194458 93 66
1.5495929718017578 94 66
1.5560095310211182 94 66
1.562720537185669 94 65
1.5681824684143066 95 65
1.5745227336883545 95 63
1.5815539360046387 96 63
1.587153434753418 96 63
1.593440294265747 96 63
1.5990698337554932 97 64
1.6052100658416748 97 63
1.6114716529846191 98 63
1.6168534755706787 98 63
1.6235129833221436 98 64
1.6302342414855957 99 64
1.6364190578460693 99 64
1.6428771018981934 100 65
1.648491621017456 100 65
1.6547620296478271 100 65
1.6602418422698975 101 66
1.6664748191833496 101 66
1.6729443073272705 102 65
1.6793243885040283 102 65
1.6856672763824463 102 65
1.692612886428833 103 63
1.6981163024902344 103 62
1.7044854164123535 104 63
1.7100896835327148 104 63
1.7162425518035889 104 62
1.7227747440338135 104 63
1.7292146682739258 105 63
1.7365365028381348 106 64
1.7432382106781006 106 64
1.7488529682159424 106 64
1.7550437450408936 107 65
1.7605388164520264 107 65
1.7666935920715332 108 65
1.7732176780700684 108 65
1.7828028202056885 108 65
1.7900910377502441 109 65
1.7964515686035156 110 65
1.803149700164795 110 65
1.8087828159332275 110 64
1.815140962600708 111 65
1.821044921875 111 64
1.8271746635437012 112 63
1.8346266746520996 112 63
1.840095043182373 112 63
1.8462510108947754 112 63
1.8527636528015137 113 64
1.8582229614257812 114 65
1.8647255897521973 114 65
1.8702096939086914 114 66
1.8763799667358398 114 65
1.8839976787567139 115 65
1.8893013000488281 116 65
1.8954815864562988 116 65
1.9019834995269775 116 65
1.90739107131958 117 66
1.9136364459991455 117 66
1.9192941188812256 118 64
1.9256412982940674 118 64
1.9331257343292236 118 64
1.9387643337249756 118 62
1.9449963569641113 119 62
1.9505162239074707 120 64
1.956845760345459 120 64
1.9634037017822266 120 64
1.9690699577331543 120 64
1.975226640701294 121 64
1.9826834201812744 122 63
1.9881858825683594 122 63
1.9945485591888428 122 64
2.0000452995300293 123 64
2.0062310695648193 123 65
2.012721061706543 123 65
2.0182220935821533 124 65
2.025958776473999 124 64
2.032229423522949 125 65
2.0388190746307373 125 63
2.045231580734253 126 62
2.051084280014038 126 62
2.0568246841430664 126 62
2.0633065700531006 127 62
2.0689430236816406 127 63
2.075141429901123 128 62
2.0872092247009277 128 62
2.0934972763061523 128 63
2.0991547107696533 129 64
2.1055195331573486 129 64
2.1120097637176514 130 64
2.117396354675293 130 64
2.124760866165161 130 65
2.1302757263183594 131 65
2.137460947036743 132 64
2.1441287994384766 132 64
2.1493754386901855 132 63
2.15555739402771 132 63
2.1620640754699707 133 63
2.167598009109497 133 63
2.174243450164795 134 63
2.1843159198760986 134 64
2.1910533905029297 135 63
2.1971890926361084 135 63
2.203618288040161 136 64
2.2093088626861572 136 64
2.2159159183502197 136 64
2.22222638130188 137 65
2.227992296218872 137 65
2.234499216079712 138 65
2.2415549755096436 138 65
2.247091054916382 138 66
2.2534680366516113 139 65
2.2590982913970947 139 66
2.265343189239502 140 66
2.2716174125671387 140 66
2.277209758758545 140 64
2.2836315631866455 141 64
2.2903220653533936 141 64
2.296494722366333 142 63
2.3029444217681885 142 63
2.3084795475006104 142 63
2.314793825149536 143 63
2.3203189373016357 143 65
2.3265128135681152 144 65
2.3329808712005615 144 65
2.3394172191619873 144 66
2.346064805984497 145 65
2.3525400161743164 145 65
2.3579816818237305 146 65
2.3644115924835205 146 65
2.369673490524292 146 66
2.3760623931884766 147 66
2.3825948238372803 147 66
2.3881044387817383 148 64
2.3951902389526367 148 64
2.401090145111084 148 64
2.407294750213623 149 64
2.413543224334717 149 64
2.4191839694976807 150 64
2.425379514694214 150 64
2.4319074153900146 150 63
2.4372706413269043 151 63
2.444730043411255 151 64
2.4501991271972656 152 64
2.456465482711792 152 64
2.4631288051605225 152 65
2.468754768371582 153 64
2.4751105308532715 153 65
2.48102068901062 154 65
2.4868404865264893 154 65
2.4945075511932373 154 65
2.5000054836273193 155 65
2.5061771869659424 155 63
2.512716293334961 156 64
2.5181689262390137 156 64
2.5247089862823486 156 62
2.5302090644836426 157 62
2.536372661590576 157 63
2.5435900688171387 158 62
2.5492494106292725 158 62
2.5554325580596924 158 65
2.5619404315948486 159 64
2.5673248767852783 159 64
2.573578119277954 160 65
2.583552837371826 160 64
2.5891928672790527 161 65
2.596529483795166 161 65
2.603231906890869 162 66
2.6088778972625732 162 66
2.615180015563965 162 64
2.6210765838623047 163 63
2.6269946098327637 163 64
2.6333670616149902 164 63
2.638970136642456 164 63
2.646592378616333 164 63
2.6530909538269043 165 63
2.658615827560425 165 63
2.664919137954712 166 63
2.6703832149505615 166 63
2.676542043685913 166 63
2.683030605316162 167 65
2.688615083694458 167 64
2.695965528488159 168 64
2.7022595405578613 168 64
2.7080037593841553 168 65
2.7144551277160645 168 64
2.7199654579162598 169 64
2.7261080741882324 170 64
2.7327558994293213 170 64
2.738240957260132 170 64
2.745359420776367 171 63
2.751671552658081 171 63
2.7573182582855225 172 62
2.764120101928711 172 62
2.769361972808838 172 62
2.775536060333252 172 63
2.7820186614990234 173 63
2.787426710128784 173 64
2.7936575412750244 174 64
2.800356149673462 174 64
2.8064913749694824 174 64
2.813020706176758 175 64
2.8186004161834717 175 64
2.82503080368042 176 64
2.830530881881714 176 64
2.83666729927063 176 65
2.8431804180145264 177 65
2.8496217727661133 177 63
2.8560304641723633 178 63
2.8626973628997803 178 63
2.8681955337524414 178 63
2.8745391368865967 179 62
2.8800628185272217 179 63
2.886436700820923 180 64
2.892937660217285 180 64
2.8993587493896484 180 63
2.9055252075195312 181 63
2.9120447635650635 181 64
2.9174160957336426 182 64
2.9239742755889893 182 64
2.9293129444122314 182 65
2.935488224029541 183 66
2.942009449005127 183 66
2.948756217956543 184 66
2.9550364017486572 184 66
2.960561513900757 184 66
2.9667160511016846 185 65
2.973223924636841 185 64
2.978886127471924 186 64
2.988938808441162 186 64
2.9953677654266357 187 64
