0 0 0
0 0 0
0.023378372192382812 0 0
0.028879165649414062 0 0
0.03520655632019043 0 0
0.04353189468383789 -1 -8
0.04909253120422363 -2 -83
0.05526471138000488 -3 -117
0.06286263465881348 -5 -194
0.06816768646240234 -6 -202
0.07461094856262207 -8 -230
0.08127880096435547 -10 -266
0.08681821823120117 -12 -292
0.09402632713317871 -14 -316
0.10060667991638184 -16 -338
0.10617566108703613 -19 -357
0.11284399032592773 -21 -375
0.1181645393371582 -24 -387
0.12458467483520508 -26 -396
0.13129019737243652 -28 -413
0.13681507110595703 -31 -429
0.1441025733947754 -35 -441
0.1506664752960205 -38 -445
0.15607929229736328 -40 -453
0.162764310836792 -43 -453
0.16805171966552734 -46 -456
0.17453598976135254 -48 -465
0.1810441017150879 -52 -465
0.1865220069885254 -54 -474
0.19763398170471191 -60 -483
0.20409250259399414 -63 -489
0.2106771469116211 -66 -488
0.21623611450195312 -69 -493
0.22315192222595215 -72 -495
0.22867393493652344 -76 -495
0.23493289947509766 -78 -498
0.2422161102294922 -82 -503
0.24790167808532715 -85 -503
0.2541074752807617 -88 -504
0.2606334686279297 -91 -497
0.2662532329559326 -94 -499
0.2729465961456299 -97 -496
0.2782318592071533 -100 -503
0.2846808433532715 -103 -507
0.2912161350250244 -107 -507
0.29768943786621094 -110 -512
0.30394864082336426 -113 -511
0.3105485439300537 -116 -512
0.315932035446167 -120 -510
0.3227715492248535 -122 -508
0.32806825637817383 -126 -512
0.3345153331756592 -128 -509
0.3408360481262207 -132 -512
0.3475174903869629 -136 -511
0.35373926162719727 -139 -511
0.35962915420532227 -142 -506
0.36542367935180664 -145 -507
0.37195873260498047 -148 -513
0.37766265869140625 -151 -513
0.3840675354003906 -154 -517
0.3907041549682617 -157 -519
0.3975975513458252 -162 -522
0.40383291244506836 -164 -517
0.4100949764251709 -168 -511
0.41565895080566406 -171 -512
0.4220731258392334 -174 -509
0.42775654792785645 -177 -514
0.4340052604675293 -180 -512
0.44054293632507324 -183 -515
0.4474451541900635 -187 -512
0.45365023612976074 -190 -509
0.45957255363464355 -193 -513
0.4653937816619873 -196 -513
0.4719834327697754 -200 -516
0.4776730537414551 -202 -516
0.4839186668395996 -206 -521
0.4902513027191162 -209 -515
0.497058629989624 -212 -513
0.5035443305969238 -216 -511
0.5090954303741455 -219 -506
0.5153124332427979 -222 -509
0.5220577716827393 -225 -512
0.5277433395385742 -228 -518
0.5339868068695068 -231 -518
0.5405597686767578 -234 -514
0.5471820831298828 -238 -515
0.5534696578979492 -242 -513
0.5589830875396729 -244 -515
0.5653412342071533 -248 -515
0.5719547271728516 -251 -515
0.577629566192627 -254 -514
0.5838286876678467 -257 -513
0.5900883674621582 -260 -509
0.6016948223114014 -266 -509
0.607351541519165 -268 -512
0.6137387752532959 -272 -513
0.6197013854980469 -278 -519
0.6328580379486084 -282 -517
0.6381492614746094 -285 -512
0.6447687149047852 -288 -514
0.6534416675567627 -293 -511
0.6589617729187012 -296 -511
0.6653072834014893 -299 -513
0.6720273494720459 -302 -512
0.677699089050293 -305 -515
0.6841940879821777 -308 -511
0.6907517910003662 -312 -513
0.6961836814880371 -314 -513
0.703622579574585 -319 -518
0.7091395854949951 -322 -521
0.7153224945068359 -325 -514
0.7218523025512695 -328 -517
0.7275254726409912 -331 -515
0.7337486743927002 -334 -511
0.7396450042724609 -337 -508
0.7457692623138428 -340 -510
0.7532548904418945 -343 -509
0.7587950229644775 -348 -511
0.7650368213653564 -350 -516
0.7715516090393066 -354 -516
0.7771203517913818 -356 -518
0.7836208343505859 -360 -514
0.7891607284545898 -363 -514
0.7953782081604004 -366 -514
0.8032538890838623 -369 -516
0.8088359832763672 -373 -517
0.8150358200073242 -375 -511
0.8215997219085693 -380 -514
0.8272054195404053 -382 -509
0.8334648609161377 -386 -510
0.8390247821807861 -388 -511
0.8452160358428955 -392 -512
0.8528788089752197 -395 -519
0.8581922054290771 -398 -517
0.8648483753204346 -401 -520
0.8713650703430176 -404 -517
0.8769326210021973 -407 -512
0.8833041191101074 -410 -512
0.8888115882873535 -414 -513
0.8950331211090088 -416 -513
0.9015560150146484 -420 -512
0.9080440998077393 -424 -513
0.9146623611450195 -427 -512
0.921332836151123 -430 -513
0.9268317222595215 -433 -512
0.9332480430603027 -436 -514
0.9387998580932617 -440 -520
0.9449942111968994 -442 -516
0.9515354633331299 -446 -520
0.9580659866333008 -450 -516
0.9645047187805176 -452 -514
0.9708240032196045 -456 -511
0.9765045642852783 -458 -507
0.9831714630126953 -462 -512
0.9886922836303711 -466 -510
0.998145341873169 -470 -515
1.005810260772705 -474 -515
1.0122385025024414 -477 -517
1.0179061889648438 -480 -513
1.0245239734649658 -483 -519
1.0310688018798828 -486 -514
1.036515235900879 -490 -516
1.0431888103485107 -493 -518
1.0487020015716553 -497 -511
1.0558807849884033 -500 -510
1.0633280277252197 -503 -507
1.0688350200653076 -507 -511
1.0750083923339844 -509 -510
1.0815379619598389 -513 -516
1.0871083736419678 -515 -516
1.0934264659881592 -520 -518
1.098940134048462 -522 -521
1.1062493324279785 -526 -514
1.1130712032318115 -529 -514
1.1186728477478027 -533 -514
1.1248791217803955 -535 -513
1.1314566135406494 -539 -513
1.137082576751709 -541 -510
1.1433815956115723 -544 -513
1.1489379405975342 -548 -508
1.155121088027954 -551 -512
1.1629981994628906 -554 -512
1.1685829162597656 -558 -514
1.1749682426452637 -560 -518
1.1814627647399902 -565 -517
1.187037706375122 -567 -521
1.1933538913726807 -570 -514
1.1988763809204102 -574 -514
1.2050604820251465 -576 -508
1.2127671241760254 -580 -512
1.2180533409118652 -583 -512
1.2246904373168945 -586 -511
1.2311930656433105 -589 -514
1.2367217540740967 -592 -513
1.2431044578552246 -596 -513
1.2486653327941895 -600 -514
1.2548844814300537 -602 -515
1.263284683227539 -606 -514
1.2688055038452148 -610 -518
1.2750639915466309 -612 -517
1.2817378044128418 -616 -514
1.2874188423156738 -619 -511
1.2936978340148926 -622 -508
1.2996141910552979 -625 -509
1.3058199882507324 -628 -511
1.3132655620574951 -632 -512
1.3187956809997559 -636 -516
1.325019121170044 -638 -518
1.3315634727478027 -642 -521
1.3371682167053223 -644 -516
1.3436124324798584 -648 -517
1.349163293838501 -651 -515
1.3553431034088135 -654 -510
1.3629841804504395 -657 -515
1.3685410022735596 -660 -511
1.3747191429138184 -663 -515
1.381293773651123 -666 -513
1.3868048191070557 -670 -508
1.3931927680969238 -672 -512
1.4035208225250244 -679 -517
1.4091174602508545 -682 -516
1.4167211055755615 -685 -519
1.4232454299926758 -688 -518
1.428786039352417 -692 -513
1.4351749420166016 -695 -513
1.4417366981506348 -698 -509
1.4474060535430908 -702 -511
1.4536397457122803 -704 -513
1.459181785583496 -708 -515
1.467010498046875 -710 -513
1.4733078479766846 -714 -516
1.4788320064544678 -718 -515
1.4850566387176514 -720 -511
1.491600513458252 -724 -519
1.4973061084747314 -726 -516
1.5035574436187744 -730 -515
1.5091168880462646 -733 -519
1.516524076461792 -736 -513
1.5231904983520508 -740 -512
1.5286891460418701 -744 -509
1.5349304676055908 -746 -508
1.541487216949463 -750 -513
1.547086477279663 -752 -514
1.5534276962280273 -756 -517
1.5589520931243896 -759 -517
1.5665481090545654 -762 -519
1.573072910308838 -765 -514
1.5786185264587402 -768 -515
1.5850763320922852 -771 -515
1.5915825366973877 -776 -515
1.597174882888794 -778 -515
1.6035048961639404 -782 -511
1.6090643405914307 -785 -515
1.616492509841919 -788 -511
1.6229827404022217 -791 -511
1.6285405158996582 -794 -510
1.634824275970459 -797 -515
1.6415114402770996 -801 -520
1.6471023559570312 -803 -520
1.6534297466278076 -808 -521
1.6589794158935547 -810 -516
1.6661591529846191 -814 -513
1.6728720664978027 -816 -511
1.6781730651855469 -820 -509
1.6846413612365723 -823 -510
1.691312313079834 -826 -512
1.6968059539794922 -829 -514
1.7033519744873047 -832 -514
1.7088963985443115 -836 -516
1.71517014503479 -839 -515
1.7227821350097656 -842 -517
1.7280828952789307 -846 -518
1.7345092296600342 -848 -516
1.7408361434936523 -852 -519
1.746248483657837 -855 -513
1.752958059310913 -858 -515
1.7582612037658691 -861 -511
1.7649457454681396 -864 -509
1.7721905708312988 -868 -511
1.7779145240783691 -871 -513
1.7841169834136963 -874 -515
1.7906465530395508 -877 -517
1.7960481643676758 -882 -517
1.8061308860778809 -886 -516
1.8129873275756836 -889 -516
1.820087194442749 -893 -514
1.8260245323181152 -896 -516
1.8510961532592773 -908 -508
1.8566012382507324 -911 -512
1.8630545139312744 -914 -509
1.8702270984649658 -918 -519
1.8758723735809326 -922 -517
1.8828017711639404 -925 -519
1.8880763053894043 -928 -519
1.8945276737213135 -931 -515
1.900855302810669 -934 -511
1.9064924716949463 -937 -511
1.9129831790924072 -940 -511
1.9185171127319336 -944 -509
1.9256021976470947 -947 -512
1.9320333003997803 -950 -516
1.9377267360687256 -954 -516
1.944150447845459 -956 -517
1.9507389068603516 -960 -512
1.9567255973815918 -963 -515
1.963090419769287 -966 -517
1.9686107635498047 -970 -517
1.9757871627807617 -973 -516
1.9820916652679443 -976 -514
1.987790822982788 -979 -511
1.994013786315918 -982 -507
2.000575304031372 -985 -510
2.0061309337615967 -988 -510
2.012869358062744 -992 -513
2.018165111541748 -994 -516
2.025329351425171 -999 -516
2.0318448543548584 -1002 -516
2.0375616550445557 -1005 -514
2.043792247772217 -1008 -517
2.050084114074707 -1011 -513
2.0556623935699463 -1014 -513
2.0633163452148438 -1017 -514
2.0688822269439697 -1021 -512
2.076120615005493 -1024 -512
2.082979917526245 -1028 -508
2.0885136127471924 -1030 -512
2.09474515914917 -1034 -512
2.1013071537017822 -1037 -516
2.106806755065918 -1040 -515
2.113166332244873 -1043 -518
2.118715286254883 -1047 -523
2.126027822494507 -1050 -516
2.132716178894043 -1053 -516
2.1380245685577393 -1056 -511
2.1445460319519043 -1059 -510
2.151097297668457 -1062 -512
2.1565613746643066 -1066 -510
2.1630465984344482 -1069 -517
2.16860032081604 -1072 -515
2.1759469509124756 -1076 -514
2.1828105449676514 -1079 -514
2.188088893890381 -1082 -512
2.1945242881774902 -1085 -517
2.2045211791992188 -1090 -517
2.2113003730773926 -1093 -518
2.216860055923462 -1096 -514
2.2234890460968018 -1100 -512
2.2312145233154297 -1104 -508
2.2367398738861084 -1106 -510
2.2432947158813477 -1110 -507
2.248823404312134 -1114 -514
2.255047082901001 -1116 -515
2.261580467224121 -1120 -514
2.2671897411346436 -1122 -519
2.273503303527832 -1126 -514
2.281048536300659 -1129 -515
2.286534309387207 -1132 -512
2.293069839477539 -1136 -515
2.298624038696289 -1140 -514
2.305067777633667 -1142 -513
2.311635971069336 -1146 -513
2.317319869995117 -1148 -509
2.3235504627227783 -1152 -512
2.331157922744751 -1155 -511
2.336698293685913 -1158 -517
2.343296766281128 -1161 -519
2.348797559738159 -1166 -519
2.3550522327423096 -1168 -518
2.3617374897003174 -1172 -515
2.3674612045288086 -1174 -514
2.373701810836792 -1178 -509
2.381317615509033 -1181 -511
2.3868248462677 -1184 -512
2.3932487964630127 -1187 -514
2.398815155029297 -1191 -515
2.405054807662964 -1193 -513
2.411595344543457 -1197 -514
2.4171957969665527 -1199 -512
2.423692226409912 -1204 -517
2.4312734603881836 -1206 -517
2.4368069171905518 -1210 -517
2.4432151317596436 -1213 -519
2.448706865310669 -1217 -516
2.454925298690796 -1219 -515
2.4614603519439697 -1223 -509
2.4670612812042236 -1225 -509
2.473522901535034 -1229 -508
2.481278657913208 -1232 -514
2.4868123531341553 -1235 -516
2.4932119846343994 -1238 -515
2.4986889362335205 -1242 -520
2.5049540996551514 -1244 -513
2.511474609375 -1249 -516
2.517057418823242 -1251 -515
2.523402214050293 -1255 -515
2.530712127685547 -1258 -516
2.5361721515655518 -1261 -513
2.543043851852417 -1264 -513
2.5485775470733643 -1267 -509
2.5548322200775146 -1270 -510
2.5614140033721924 -1274 -510
2.5669617652893066 -1276 -509
2.5732874870300293 -1280 -518
2.578798532485962 -1284 -518
2.585885763168335 -1287 -522
2.5922133922576904 -1290 -515
2.5978946685791016 -1295 -516
2.6080925464630127 -1298 -510
2.6147289276123047 -1301 -513
2.621445894241333 -1305 -510
2.627086639404297 -1307 -512
2.634498357772827 -1312 -515
2.6410982608795166 -1314 -510
2.6465630531311035 -1318 -515
2.653062343597412 -1320 -514
2.6586174964904785 -1325 -514
2.665057420730591 -1327 -515
2.671660900115967 -1331 -519
2.67732310295105 -1333 -518
2.6845760345458984 -1337 -517
2.691114664077759 -1340 -513
2.696676731109619 -1343 -507
2.703064203262329 -1346 -509
2.708613872528076 -1349 -509
2.7148585319519043 -1352 -512
2.7215781211853027 -1357 -516
2.727216958999634 -1359 -517
2.7346251010894775 -1363 -518
2.7411723136901855 -1366 -512
2.7467031478881836 -1369 -515
2.753135919570923 -1372 -514
2.7586684226989746 -1376 -514
2.7648823261260986 -1378 -516
2.7714476585388184 -1382 -515
2.777047634124756 -1384 -514
2.7846436500549316 -1388 -509
2.79119873046875 -1392 -508
2.796705722808838 -1394 -509
2.803095817565918 -1398 -514
2.808661460876465 -1402 -515
2.814939022064209 -1404 -517
2.8214657306671143 -1408 -520
2.8270578384399414 -1410 -514
2.833400011062622 -1414 -515
2.840806007385254 -1417 -512
2.846695899963379 -1420 -515
2.8530635833740234 -1424 -513
2.8586103916168213 -1428 -511
2.8650686740875244 -1430 -515
2.871596574783325 -1434 -510
2.877206563949585 -1436 -511
2.883502244949341 -1440 -511
2.8910951614379883 -1443 -517
2.896563768386841 -1446 -516
2.903215169906616 -1449 -516
2.9087297916412354 -1454 -521
2.914951801300049 -1456 -515
2.9215087890625 -1460 -515
2.9270784854888916 -1462 -511
2.933377981185913 -1465 -511
2.940791368484497 -1469 -508
2.9465017318725586 -1472 -513
2.9529740810394287 -1475 -516
2.9585180282592773 -1478 -514
2.9648852348327637 -1481 -520
2.971478223800659 -1485 -515
2.977069139480591 -1487 -514
2.983391523361206 -1490 -514
2.990797996520996 -1494 -517
2.9967031478881836 -1498 -519
