0 0 0
0 0 0
0.024204730987548828 0 0
0.02947831153869629 0 0
0.03607630729675293 0 0
0.044382572174072266 -1 -2
0.04992938041687012 -1 -6
0.056386470794677734 -2 -38
0.06290555000305176 -2 -38
0.06853485107421875 -3 -30
0.07482314109802246 -4 -59
0.08033633232116699 -5 -122
0.08654308319091797 -6 -137
0.0949409008026123 -8 -159
0.10047221183776855 -9 -171
0.10664820671081543 -10 -180
0.11342787742614746 -11 -193
0.11913180351257324 -12 -192
0.12538552284240723 -14 -199
0.13190817832946777 -15 -205
0.13750648498535156 -16 -208
0.1450209617614746 -18 -212
0.15052509307861328 -19 -217
0.15677523612976074 -20 -218
0.16333866119384766 -22 -220
0.16904091835021973 -23 -221
0.17550015449523926 -24 -224
0.1820225715637207 -26 -225
0.1874220371246338 -27 -231
0.19880437850952148 -30 -232
0.20516371726989746 -32 -232
0.21143436431884766 -33 -233
0.21726655960083008 -34 -232
0.2241063117980957 -36 -236
0.2294013500213623 -37 -237
0.23605632781982422 -38 -238
0.24336647987365723 -40 -238
0.24908685684204102 -42 -239
0.2553114891052246 -44 -241
0.26160740852355957 -45 -239
0.26738882064819336 -46 -240
0.27408409118652344 -48 -238
0.2793843746185303 -49 -240
0.2855987548828125 -50 -242
0.292177677154541 -52 -241
0.2990739345550537 -54 -243
0.3053290843963623 -56 -244
0.3119182586669922 -57 -246
0.3173072338104248 -58 -246
0.3236110210418701 -60 -245
0.32927489280700684 -62 -244
0.3355076313018799 -63 -244
0.34203529357910156 -64 -244
0.34874629974365234 -66 -245
0.3551666736602783 -68 -244
0.3614170551300049 -69 -239
0.3669748306274414 -70 -239
0.3733940124511719 -72 -240
0.3790771961212158 -74 -240
0.38535594940185547 -75 -243
0.3919401168823242 -76 -240
0.39884424209594727 -78 -243
0.4050569534301758 -80 -241
0.4110069274902344 -81 -241
0.41715502738952637 -83 -243
0.4234650135040283 -84 -242
0.4291212558746338 -86 -246
0.43535923957824707 -87 -246
0.44194531440734863 -88 -247
0.4485955238342285 -90 -247
0.4548606872558594 -92 -243
0.4604034423828125 -94 -243
0.46662020683288574 -95 -244
0.4733388423919678 -96 -244
0.47899842262268066 -98 -243
0.48515820503234863 -99 -243
0.491438627243042 -101 -245
0.4982304573059082 -102 -243
0.5046377182006836 -104 -249
0.5101583003997803 -106 -245
0.51639723777771 -107 -243
0.5231015682220459 -109 -246
0.5287685394287109 -110 -247
0.5351488590240479 -112 -246
0.5410535335540771 -113 -243
0.5469999313354492 -114 -241
0.5544917583465576 -116 -241
0.560004711151123 -118 -239
0.5662314891815186 -119 -242
0.5727803707122803 -121 -242
0.5784523487091064 -122 -239
0.5847692489624023 -123 -242
0.5903034210205078 -126 -244
0.6021955013275146 -128 -244
0.6079680919647217 -129 -244
0.614626407623291 -130 -245
0.6201391220092773 -132 -246
0.626502275466919 -134 -249
0.6330657005310059 -136 -245
0.638728141784668 -136 -243
0.6449854373931885 -138 -243
0.6526908874511719 -140 -243
0.6582403182983398 -141 -245
0.6646738052368164 -143 -244
0.6701960563659668 -145 -243
0.67641282081604 -146 -242
0.6829257011413574 -148 -242
0.6885666847229004 -148 -241
0.6948425769805908 -150 -242
0.7022092342376709 -152 -242
0.7076156139373779 -154 -243
0.7145109176635742 -155 -245
0.7200460433959961 -157 -244
0.7262678146362305 -158 -244
0.7328026294708252 -160 -242
0.7384762763977051 -161 -244
0.7456214427947998 -163 -243
0.7531707286834717 -165 -241
0.7588343620300293 -166 -241
0.7650578022003174 -168 -240
0.7709705829620361 -169 -243
0.7771363258361816 -170 -242
0.783592939376831 -172 -244
0.7892637252807617 -174 -245
0.7955105304718018 -175 -244
0.8029882907867432 -177 -246
0.8086755275726318 -178 -246
0.8149993419647217 -180 -245
0.8209340572357178 -181 -246
0.8267941474914551 -183 -247
0.8335123062133789 -184 -247
0.8392095565795898 -186 -246
0.8454205989837646 -187 -244
0.8520762920379639 -189 -241
0.8586645126342773 -190 -242
0.8648793697357178 -192 -242
0.8704442977905273 -194 -243
0.8766458034515381 -195 -241
0.8831684589385986 -196 -240
0.8888471126556396 -198 -239
0.8951935768127441 -199 -242
0.901486873626709 -201 -244
0.9082434177398682 -202 -245
0.9148225784301758 -204 -242
0.9203357696533203 -206 -243
0.9265220165252686 -207 -244
0.9331104755401611 -209 -245
0.9387950897216797 -210 -244
0.9450266361236572 -212 -244
0.9509916305541992 -213 -244
0.9582464694976807 -214 -242
0.9646494388580322 -216 -245
0.9701724052429199 -218 -245
0.9763627052307129 -219 -243
0.9828567504882812 -221 -242
0.9884803295135498 -222 -244
0.9984605312347412 -224 -245
1.0059664249420166 -226 -244
1.0127832889556885 -228 -245
1.0183870792388916 -229 -246
1.0248498916625977 -231 -245
1.0303559303283691 -232 -244
1.0365939140319824 -234 -243
1.043304443359375 -236 -241
1.0489492416381836 -237 -243
1.0561602115631104 -238 -243
1.0627341270446777 -240 -241
1.0683507919311523 -241 -240
1.0748379230499268 -243 -240
1.0803534984588623 -245 -242
1.0865368843078613 -246 -244
1.0941572189331055 -248 -242
1.0994360446929932 -249 -242
1.105884075164795 -251 -245
1.1132667064666748 -252 -243
1.1189146041870117 -254 -245
1.1251964569091797 -256 -248
1.1314384937286377 -257 -244
1.1372325420379639 -258 -246
1.1435182094573975 -260 -248
1.149214506149292 -261 -242
1.1553919315338135 -263 -244
1.162989854812622 -265 -243
1.168595552444458 -266 -240
1.1750004291534424 -268 -245
1.1809251308441162 -269 -246
1.186769723892212 -270 -245
1.1934783458709717 -272 -243
1.1991102695465088 -274 -242
1.2053546905517578 -275 -242
1.2129249572753906 -277 -246
1.2185308933258057 -278 -243
1.2248311042785645 -280 -243
1.2303524017333984 -281 -243
1.2365636825561523 -283 -241
1.24308180809021 -284 -244
1.2487261295318604 -285 -240
1.2551958560943604 -287 -240
1.2627949714660645 -289 -241
1.2683360576629639 -290 -241
1.2747185230255127 -292 -242
1.2802481651306152 -293 -242
1.2865056991577148 -294 -242
1.2930293083190918 -296 -244
1.298595666885376 -297 -246
1.3050205707550049 -299 -246
1.312777042388916 -301 -247
1.318359613418579 -302 -246
1.3246407508850098 -304 -247
1.330172061920166 -306 -246
1.336366891860962 -307 -245
1.3428688049316406 -308 -243
1.3484342098236084 -310 -243
1.3547353744506836 -311 -243
1.3619892597198486 -313 -244
1.3673911094665527 -314 -241
1.3742804527282715 -316 -242
1.3795664310455322 -317 -240
1.3859727382659912 -319 -241
1.3960137367248535 -321 -243
1.402700424194336 -323 -244
1.4081857204437256 -324 -243
1.4153635501861572 -326 -243
1.4219090938568115 -328 -243
1.4274368286132812 -329 -242
1.434309720993042 -330 -243
1.4395983219146729 -332 -241
1.4460468292236328 -334 -242
1.4525666236877441 -335 -244
1.457982063293457 -336 -242
1.4651694297790527 -338 -243
1.4714431762695312 -340 -244
1.4770429134368896 -341 -243
1.4834332466125488 -343 -248
1.4891319274902344 -344 -247
1.4955108165740967 -346 -246
1.5020763874053955 -347 -246
1.5074987411499023 -348 -245
1.5149497985839844 -350 -247
1.5205254554748535 -352 -246
1.526714563369751 -354 -242
1.5332541465759277 -355 -243
1.5388906002044678 -356 -243
1.5451016426086426 -358 -240
1.551044225692749 -359 -241
1.557168960571289 -361 -240
1.5648038387298584 -362 -240
1.5703463554382324 -364 -242
1.5765385627746582 -365 -242
1.583073377609253 -367 -242
1.5887641906738281 -368 -243
1.5950219631195068 -370 -242
1.6005520820617676 -372 -243
1.6067757606506348 -373 -244
1.613494634628296 -374 -245
1.6202342510223389 -376 -246
1.6264228820800781 -377 -244
1.632922649383545 -379 -245
1.6384985446929932 -380 -247
1.644822359085083 -382 -246
1.6503217220306396 -384 -244
1.6565415859222412 -384 -244
1.663139820098877 -386 -241
1.6699035167694092 -388 -242
1.6762750148773193 -390 -244
1.6828258037567139 -392 -244
1.6883790493011475 -392 -246
1.694880723953247 -394 -245
1.7004497051239014 -396 -245
1.7066278457641602 -397 -245
1.7132699489593506 -399 -244
1.7199509143829346 -400 -241
1.726194143295288 -402 -242
1.7339751720428467 -404 -242
1.7426426410675049 -406 -240
1.748138666152954 -407 -240
1.754544973373413 -408 -241
1.7600512504577637 -410 -240
1.766317367553711 -412 -242
1.773625135421753 -413 -242
1.7792932987213135 -415 -243
1.785503625869751 -416 -243
1.7920682430267334 -418 -245
1.8026492595672607 -420 -246
1.8081886768341064 -422 -244
1.8147263526916504 -423 -245
1.822126865386963 -425 -247
1.8280906677246094 -426 -246
1.8515527248382568 -432 -244
1.8574142456054688 -434 -244
1.8640711307525635 -435 -244
1.8704040050506592 -437 -241
1.8766226768493652 -439 -242
1.883202075958252 -440 -244
1.8888945579528809 -442 -242
1.8951547145843506 -443 -244
1.9014573097229004 -444 -242
1.9071404933929443 -446 -241
1.9139525890350342 -448 -244
1.9203197956085205 -450 -242
1.9265639781951904 -450 -242
1.9331095218658447 -452 -242
1.9388184547424316 -454 -242
1.9450180530548096 -455 -241
1.9505455493927002 -457 -241
1.9571232795715332 -458 -241
1.9634284973144531 -460 -241
1.9691450595855713 -462 -245
1.9765100479125977 -462 -246
1.983041763305664 -464 -247
1.988677978515625 -466 -246
1.9949615001678467 -468 -246
2.000539779663086 -469 -247
2.006746530532837 -470 -248
2.0133347511291504 -472 -246
2.0190091133117676 -474 -244
2.026186466217041 -475 -243
2.0328927040100098 -477 -242
2.0384609699249268 -478 -245
2.044797420501709 -480 -243
2.0503594875335693 -481 -241
2.056593656539917 -483 -241
2.0630733966827393 -484 -240
2.068730115890503 -485 -241
2.0760059356689453 -487 -241
2.0827043056488037 -488 -242
2.089019536972046 -490 -245
2.0954155921936035 -492 -245
2.101947546005249 -494 -247
2.1073758602142334 -495 -243
2.113959550857544 -496 -242
2.1193158626556396 -498 -243
2.1265695095062256 -500 -242
2.1331496238708496 -501 -244
2.1388275623321533 -502 -244
2.1450798511505127 -504 -240
2.1510202884674072 -506 -243
2.1571762561798096 -507 -244
2.1634819507598877 -508 -247
2.1691668033599854 -510 -247
2.1764426231384277 -512 -244
2.1829922199249268 -514 -245
2.188685894012451 -514 -245
2.1949148178100586 -517 -246
2.2050135135650635 -519 -246
2.2105414867401123 -520 -242
2.217270612716675 -522 -243
2.2241549491882324 -524 -243
2.2305333614349365 -525 -240
2.2367734909057617 -526 -241
2.243332624435425 -528 -240
2.2489852905273438 -530 -240
2.2552084922790527 -531 -242
2.2614662647247314 -532 -241
2.2670516967773438 -534 -240
2.273620843887329 -535 -242
2.2803447246551514 -537 -243
2.286517858505249 -538 -246
2.293048858642578 -540 -245
2.2987611293792725 -541 -244
2.305023670196533 -543 -243
2.310944080352783 -544 -245
2.3167998790740967 -546 -247
2.323385238647461 -548 -244
2.330073118209839 -550 -243
2.3364689350128174 -550 -244
2.343144655227661 -552 -243
2.3488259315490723 -554 -243
2.355083703994751 -555 -242
2.360995292663574 -557 -242
2.366793632507324 -558 -242
2.3733327388763428 -560 -244
2.380058526992798 -562 -246
2.3862857818603516 -562 -243
2.3930017948150635 -564 -243
2.3986709117889404 -566 -244
2.4048759937286377 -568 -244
2.4104814529418945 -569 -244
2.4166738986968994 -570 -242
2.4232330322265625 -572 -241
2.4299468994140625 -573 -240
2.4361984729766846 -575 -240
2.442718505859375 -576 -239
2.448215961456299 -578 -239
2.4548051357269287 -580 -243
2.4603137969970703 -581 -243
2.466519355773926 -582 -243
2.4732158184051514 -584 -246
2.479891777038574 -586 -244
2.4860734939575195 -587 -244
2.492626667022705 -588 -247
2.4981529712677 -590 -246
2.5045270919799805 -592 -247
2.5100622177124023 -594 -247
2.516479015350342 -594 -244
2.523069381713867 -596 -244
2.5287442207336426 -598 -244
2.535968780517578 -599 -241
2.542457342147827 -600 -242
2.547936201095581 -602 -242
2.554425001144409 -604 -243
2.5599582195281982 -605 -243
2.5661730766296387 -606 -243
2.5729095935821533 -608 -241
2.578498125076294 -610 -242
2.5855631828308105 -612 -244
2.592127561569214 -613 -244
2.6004831790924072 -615 -243
2.608213186264038 -617 -241
2.614793062210083 -619 -243
2.620312213897705 -620 -243
2.626680374145508 -622 -243
2.6345319747924805 -623 -242
2.6400580406188965 -625 -241
2.6463146209716797 -626 -243
2.6529412269592285 -628 -245
2.6630237102508545 -630 -247
2.66870379447937 -631 -245
2.674943208694458 -633 -245
2.6805219650268555 -635 -247
2.6879663467407227 -636 -245
2.694636106491089 -638 -245
2.700167655944824 -640 -245
2.7064051628112793 -641 -242
2.7129266262054443 -642 -244
2.718524217605591 -644 -246
2.7248263359069824 -646 -241
2.730384111404419 -647 -240
2.7381174564361572 -648 -241
2.7444875240325928 -650 -238
2.7500288486480713 -652 -241
2.756453275680542 -653 -240
2.762988805770874 -655 -241
2.768575429916382 -656 -242
2.7748420238494873 -658 -243
2.7803807258605957 -659 -244
2.787539482116699 -660 -244
2.794271230697632 -662 -243
2.7995572090148926 -664 -246
2.8060238361358643 -665 -246
2.812706708908081 -666 -246
2.8182473182678223 -668 -247
2.8246519565582275 -670 -243
2.830176591873169 -672 -245
2.837447166442871 -673 -244
2.844144821166992 -674 -243
2.849442481994629 -676 -243
2.8558878898620605 -677 -241
2.862211227416992 -679 -244
2.868086814880371 -680 -246
2.874680280685425 -682 -247
2.8801984786987305 -684 -244
2.887439727783203 -685 -242
2.894120931625366 -686 -246
2.8994643688201904 -688 -244
2.9059085845947266 -690 -242
2.9125049114227295 -691 -242
2.9179434776306152 -692 -239
2.9244437217712402 -694 -240
2.9299962520599365 -696 -239
2.93744158744812 -697 -240
2.9441380500793457 -698 -240
2.949497699737549 -700 -240
2.955979108810425 -702 -242
2.9624409675598145 -703 -245
2.9679036140441895 -704 -245
2.9743757247924805 -706 -243
2.9799466133117676 -707 -243
2.986180543899536 -710 -247
2.993943691253662 -711 -247
