0 0 0
0 0 0
0.024219274520874023 0 0
0.030916213989257812 0 0
0.03738045692443848 0 0
0.045408010482788086 1 7
0.051041603088378906 2 50
0.05758166313171387 3 35
0.0646665096282959 4 164
0.0703277587890625 6 195
0.07697367668151855 7 200
0.08224058151245117 8 229
0.08864593505859375 10 255
0.09488797187805176 12 276
0.10022425651550293 14 294
0.10686802864074707 16 292
0.11321902275085449 18 310
0.11941123008728027 20 328
0.12614107131958008 22 343
0.13178491592407227 24 356
0.1380302906036377 27 359
0.14831924438476562 30 376
0.15593266487121582 34 377
0.1623058319091797 36 386
0.16888809204101562 38 384
0.17553472518920898 42 390
0.18113446235656738 43 393
0.18760204315185547 46 398
0.19310212135314941 49 401
0.19974708557128906 51 407
0.20608973503112793 54 408
0.21271395683288574 57 415
0.21891045570373535 59 418
0.22540044784545898 61 414
0.23085331916809082 64 420
0.23720765113830566 66 417
0.24275588989257812 70 418
0.24910378456115723 72 421
0.2555809020996094 75 420
0.26112890243530273 77 425
0.26819634437561035 80 423
0.2747154235839844 82 422
0.28023695945739746 85 421
0.2868826389312744 88 423
0.2921326160430908 90 422
0.29834508895874023 92 426
0.3048985004425049 95 425
0.3108079433441162 98 430
0.318011999130249 101 434
0.324324369430542 104 429
0.32998204231262207 106 430
0.33627748489379883 109 435
0.3419642448425293 112 429
0.34814929962158203 114 428
0.3546936511993408 117 426
0.36003637313842773 119 425
0.3676590919494629 123 428
0.3731565475463867 125 430
0.3793482780456543 128 431
0.3858649730682373 130 431
0.39150047302246094 133 428
0.39770984649658203 136 425
0.4032268524169922 138 433
0.4097156524658203 141 432
0.41713404655456543 143 431
0.4226694107055664 146 436
0.42905592918395996 148 432
0.43555760383605957 152 434
0.44112348556518555 154 437
0.4474179744720459 156 430
0.45293092727661133 160 428
0.45911169052124023 162 428
0.4663400650024414 165 426
0.4720194339752197 168 427
0.47819042205810547 170 430
0.48470020294189453 173 429
0.49025511741638184 175 434
0.496903657913208 178 434
0.5021483898162842 180 429
0.5083441734313965 183 433
0.5148906707763672 186 431
0.5215520858764648 189 431
0.527735710144043 192 434
0.5332462787628174 194 432
0.539743185043335 197 434
0.5496706962585449 201 433
0.556187629699707 204 431
0.5618233680725098 206 429
0.5691685676574707 209 425
0.575890302658081 212 427
0.5815563201904297 215 430
0.5877342224121094 218 428
0.5932471752166748 220 434
0.599407434463501 223 437
0.6060829162597656 226 432
0.6117150783538818 228 435
0.618992805480957 231 433
0.6255567073822021 234 427
0.6311631202697754 236 434
0.6374273300170898 238 429
0.6429331302642822 242 431
0.6490941047668457 244 432
0.6556096076965332 247 429
0.6611573696136475 249 429
0.6676175594329834 252 429
0.6751461029052734 255 426
0.6805844306945801 257 429
0.6870386600494385 260 430
0.6923010349273682 262 429
0.6987249851226807 265 435
0.7052130699157715 268 434
0.7106595039367676 270 436
0.7171835899353027 273 440
0.7243027687072754 276 432
0.73008131980896 279 430
0.7363364696502686 282 432
0.7419753074645996 284 428
0.7482225894927979 287 426
0.7547597885131836 289 431
0.7601206302642822 292 429
0.7667999267578125 294 431
0.7731225490570068 298 434
0.7792618274688721 300 427
0.7859518527984619 303 432
0.7915971279144287 306 429
0.7979395389556885 308 429
0.8041505813598633 311 432
0.8097109794616699 314 436
0.8160703182220459 316 435
0.8228087425231934 320 438
0.8289778232574463 322 437
0.8355081081390381 325 431
0.8410437107086182 326 431
0.8475408554077148 330 427
0.8529999256134033 332 428
0.8591818809509277 334 429
0.8656659126281738 338 428
0.8720498085021973 340 431
0.8782808780670166 343 436
0.8848018646240234 346 434
0.8901464939117432 348 434
0.8967709541320801 351 432
0.9020569324493408 353 427
0.908604621887207 356 434
0.9148855209350586 358 431
0.9202401638031006 361 433
0.9279072284698486 364 433
0.9341404438018799 367 431
0.9396755695343018 370 432
0.9496898651123047 374 429
0.9562251567840576 376 427
0.9618654251098633 379 427
0.96834397315979 382 427
0.975966215133667 385 430
0.9816319942474365 388 433
0.987917423248291 390 432
0.9941592216491699 393 438
0.9996976852416992 396 437
1.0060310363769531 398 434
1.0116705894470215 401 434
1.0178289413452148 403 430
1.0237152576446533 406 431
1.0308213233947754 408 433
1.0371768474578857 411 430
1.0426716804504395 414 431
1.048858880996704 416 434
1.05552077293396 420 426
1.0610201358795166 422 430
1.0673387050628662 424 431
1.0728528499603271 428 426
1.0799899101257324 430 432
1.0868051052093506 433 433
1.0920612812042236 435 437
1.0982301235198975 438 440
1.1048359870910645 440 436
1.1102077960968018 443 434
1.1168508529663086 446 435
1.1221346855163574 448 429
1.129368543624878 452 430
1.1358327865600586 454 428
1.1421706676483154 457 427
1.148756980895996 460 430
1.1552212238311768 462 430
1.1606147289276123 464 429
1.1670613288879395 467 432
1.1723225116729736 470 432
1.1796751022338867 473 432
1.1862268447875977 476 435
1.1918542385101318 478 431
1.198054552078247 481 435
1.204606294631958 484 436
1.2101149559020996 486 435
1.2166674137115479 489 434
1.2219903469085693 492 432
1.2292568683624268 495 430
1.2357838153839111 498 425
1.2413084506988525 499 428
1.2475528717041016 502 424
1.2530078887939453 505 428
1.2591795921325684 507 431
1.2658276557922363 510 430
1.2714929580688477 513 437
1.27773118019104 516 432
1.285268783569336 518 433
1.2906522750854492 521 432
1.2970712184906006 524 432
1.3023426532745361 526 432
1.308739185333252 528 433
1.3153941631317139 531 433
1.3208644390106201 534 432
1.3273773193359375 536 433
1.3346545696258545 540 429
1.340041160583496 542 429
1.3500547409057617 546 426
1.3568611145019531 549 427
1.3621137142181396 552 432
1.3687210083007812 554 434
1.3753488063812256 557 433
1.381805658340454 560 437
1.3881959915161133 563 431
1.394726037979126 566 436
1.4000706672668457 568 431
1.4066591262817383 571 430
1.4119741916656494 574 430
1.41815185546875 576 428
1.4246854782104492 578 430
1.430042028427124 581 430
1.4375202655792236 585 430
1.4429900646209717 587 429
1.4493482112884521 590 432
1.4558300971984863 592 429
1.4614644050598145 594 432
1.4677302837371826 598 430
1.4732470512390137 600 432
1.4794702529907227 603 437
1.4871389865875244 606 435
1.4926350116729736 608 435
1.4987635612487793 610 436
1.5054426193237305 613 431
1.5109193325042725 616 430
1.5172464847564697 618 428
1.5227329730987549 622 425
1.5289337635040283 624 428
1.536278486251831 627 431
1.5419337749481201 630 428
1.5481326580047607 632 433
1.5546514987945557 635 433
1.56005859375 637 433
1.566884994506836 640 433
1.5721096992492676 642 431
1.578697681427002 645 431
1.585937738418579 648 433
1.5915546417236328 651 436
1.5977087020874023 654 435
1.60322904586792 656 435
1.6093533039093018 659 432
1.6158692836761475 662 429
1.6214897632598877 664 429
1.6278648376464844 667 427
1.6351773738861084 669 425
1.6406259536743164 672 430
1.6470701694488525 674 430
1.6523051261901855 677 431
1.6587510108947754 680 436
1.6652390956878662 682 431
1.6706786155700684 685 437
1.6770861148834229 688 432
1.6825876235961914 690 430
1.689870834350586 694 433
1.6961586475372314 696 431
1.7018687725067139 699 431
1.7082481384277344 701 434
1.7147729396820068 704 429
1.7201893329620361 706 429
1.7268197536468506 709 430
1.7320888042449951 712 425
1.7393667697906494 715 426
1.7460570335388184 719 430
1.7562894821166992 722 435
1.762002944946289 724 436
1.7683522701263428 727 434
1.7748985290527344 730 438
1.7806544303894043 732 432
1.787811040878296 736 431
1.7937133312225342 738 431
1.7994773387908936 741 430
1.806189775466919 744 431
1.811826229095459 746 431
1.8180203437805176 749 429
1.8243217468261719 751 432
1.8298921585083008 754 434
1.836343765258789 757 431
1.8430259227752686 760 428
1.8491661548614502 762 431
1.8555994033813477 765 429
1.861156702041626 767 431
1.8676071166992188 770 437
1.8731303215026855 773 433
1.8792672157287598 775 439
1.8857858180999756 778 436
1.8922512531280518 781 429
1.8987011909484863 783 431
1.905177116394043 786 427
1.9106054306030273 788 424
1.917043685913086 791 428
1.9222869873046875 794 428
1.9288568496704102 796 431
1.9353883266448975 799 433
1.9477903842926025 805 434
1.9537200927734375 808 435
1.959486961364746 810 430
1.9661638736724854 813 435
1.9718241691589355 815 434
1.9780724048614502 818 432
1.9846007823944092 820 436
1.990126371383667 823 434
1.9975981712341309 826 431
2.0031394958496094 829 432
2.0093047618865967 832 427
2.0157930850982666 834 423
2.021442174911499 836 427
2.0276713371276855 839 426
2.0331838130950928 842 430
2.03933048248291 844 433
2.047130584716797 847 435
2.052718162536621 850 435
2.0589022636413574 852 436
2.065418243408203 855 434
2.070913553237915 858 433
2.077249526977539 860 432
2.0827748775482178 864 430
2.088958740234375 865 432
2.096822738647461 869 432
2.1021041870117188 872 431
2.108773708343506 874 432
2.1152400970458984 876 428
2.1206471920013428 879 426
2.1270766258239746 882 428
2.1325907707214355 884 427
2.138791799545288 887 432
2.147097587585449 890 433
2.1571803092956543 895 437
2.1627042293548584 898 437
2.169192314147949 900 434
2.1758525371551514 904 433
2.181499481201172 906 428
2.1877424716949463 908 428
2.1932570934295654 911 428
2.2002737522125244 914 428
2.206920862197876 916 431
2.212165355682373 919 433
2.218600273132324 922 430
2.2248942852020264 924 431
2.230670928955078 926 431
2.23708438873291 929 426
2.2426726818084717 932 433
2.249875783920288 935 435
2.2561354637145996 938 434
2.261791706085205 940 436
2.2680060863494873 943 437
2.2743194103240967 946 431
2.2798819541931152 948 433
2.286313056945801 951 429
2.2919633388519287 953 425
2.299222946166992 956 429
2.3057339191436768 959 425
2.3112759590148926 961 428
2.3175439834594727 964 434
2.323035955429077 967 431
2.3292219638824463 969 434
2.3357393741607666 972 438
2.3412914276123047 974 432
2.3486545085906982 978 434
2.3553192615509033 980 433
2.3608102798461914 983 431
2.367149829864502 986 435
2.3726613521575928 988 434
2.378837823867798 990 430
2.385368585586548 993 433
2.390810251235962 996 428
2.397160291671753 999 425
2.4042749404907227 1002 427
2.410081148147583 1004 427
2.416334867477417 1007 428
2.4219906330108643 1010 431
2.428190231323242 1012 435
2.434805393218994 1015 438
2.440168619155884 1017 439
2.446829319000244 1020 435
2.453152894973755 1024 436
2.4592957496643066 1026 432
2.4659931659698486 1028 428
2.4716086387634277 1031 431
2.4778029918670654 1034 429
2.483673334121704 1036 432
2.4898314476013184 1039 432
2.4961531162261963 1042 429
2.5028629302978516 1045 429
2.509113073348999 1046 429
2.5155978202819824 1050 425
2.5211575031280518 1052 429
2.52760648727417 1055 432
2.5330777168273926 1058 431
2.5392160415649414 1060 438
2.545750617980957 1063 438
2.5570147037506104 1068 436
2.562281370162964 1070 430
2.568868637084961 1072 426
2.5755302906036377 1076 430
2.58109188079834 1078 429
2.5875720977783203 1081 427
2.5930914878845215 1084 431
2.599292278289795 1086 429
2.6069581508636475 1089 431
2.612215757369995 1092 433
2.6188433170318604 1094 431
2.62540340423584 1097 431
2.630863904953003 1099 433
2.637220621109009 1102 430
2.6427247524261475 1105 432
2.649120330810547 1107 436
2.6568405628204346 1110 434
2.662106513977051 1113 435
2.6683244705200195 1116 432
2.6748640537261963 1118 427
2.680232524871826 1121 427
2.6868832111358643 1124 427
2.692143201828003 1126 425
2.699354410171509 1130 432
2.707237720489502 1132 429
2.7127411365509033 1136 436
2.718992233276367 1137 433
2.7255611419677734 1141 432
2.7311320304870605 1142 435
2.737455368041992 1145 431
2.742992401123047 1148 429
2.7493107318878174 1151 433
2.7569010257720947 1154 433
2.762207269668579 1156 430
2.7687809467315674 1159 433
2.7753000259399414 1162 430
2.780794143676758 1164 427
2.7871553897857666 1166 428
2.7926905155181885 1169 425
2.7988953590393066 1172 428
2.806063652038574 1175 432
2.8116939067840576 1178 432
2.817892074584961 1180 435
2.823751211166382 1183 439
2.8298768997192383 1186 435
2.836136817932129 1188 436
2.8417649269104004 1191 432
2.848008871078491 1194 428
2.854309320449829 1197 430
2.8610916137695312 1198 429
2.8673694133758545 1201 428
2.872887372970581 1205 433
2.8792741298675537 1206 430
2.8859455585479736 1210 428
2.8916175365448 1212 431
2.897817850112915 1215 429
2.9037132263183594 1218 430
2.9108080863952637 1220 433
2.917156934738159 1223 428
2.922668695449829 1226 436
2.928847074508667 1228 435
2.935361385345459 1230 436
2.940814971923828 1233 437
2.9473495483398438 1236 433
2.958224058151245 1241 427
2.9647574424743652 1244 426
2.970329999923706 1246 424
2.977196216583252 1249 430
2.9827263355255127 1252 429
2.9889333248138428 1254 431
2.995450019836426 1256 435
