0 0 0
0 0 0
0.02933812141418457 0 0
0.03734111785888672 0 0
0.04501771926879883 0 0
0.05220913887023926 -1 -15
0.05933022499084473 -2 -40
0.06556534767150879 -3 -171
0.07937145233154297 -7 -177
0.0901038646697998 -9 -236
0.0991203784942627 -12 -262
0.10540056228637695 -14 -283
0.11470794677734375 -16 -299
0.12024450302124023 -18 -306
0.12644290924072266 -20 -335
0.13621187210083008 -24 -344
0.14291620254516602 -26 -354
0.14854836463928223 -28 -365
0.15523791313171387 -32 -370
0.16419363021850586 -34 -377
0.16947126388549805 -36 -377
0.17611312866210938 -38 -384
0.18541502952575684 -42 -390
0.19197559356689453 -46 -397
0.20275473594665527 -49 -399
0.21043658256530762 -53 -399
0.21715188026428223 -55 -402
0.22362542152404785 -58 -403
0.23221611976623535 -62 -406
0.23888111114501953 -64 -410
0.24507665634155273 -67 -413
0.25615596771240234 -71 -420
0.2633779048919678 -74 -417
0.2727177143096924 -78 -419
0.280228853225708 -82 -413
0.287461519241333 -84 -417
0.2941758632659912 -87 -416
0.2994649410247803 -89 -415
0.31011223793029785 -94 -421
0.3165009021759033 -96 -420
0.32504844665527344 -100 -421
0.3309481143951416 -103 -421
0.3381373882293701 -105 -420
0.3449411392211914 -110 -424
0.3533806800842285 -112 -424
0.3590719699859619 -115 -425
0.36534786224365234 -117 -426
0.375216007232666 -122 -423
0.38150763511657715 -124 -423
0.38933706283569336 -127 -421
0.39556407928466797 -130 -420
0.4043538570404053 -133 -417
0.4099118709564209 -136 -418
0.41613054275512695 -138 -423
0.4234657287597656 -142 -422
0.43515491485595703 -147 -429
0.4427623748779297 -150 -428
0.45360541343688965 -154 -425
0.4593033790588379 -157 -420
0.46797990798950195 -160 -425
0.4748387336730957 -164 -424
0.4803612232208252 -166 -423
0.4896228313446045 -170 -425
0.49874448776245117 -173 -421
0.5052258968353271 -176 -421
0.5114974975585938 -179 -417
0.517341136932373 -182 -424
0.5272603034973145 -186 -422
0.5340859889984131 -188 -427
0.543632984161377 -193 -429
0.5522072315216064 -196 -426
0.5582432746887207 -199 -427
0.564826250076294 -202 -419
0.5721700191497803 -204 -421
0.5780942440032959 -207 -422
0.5854201316833496 -210 -421
0.599177360534668 -216 -422
0.6056544780731201 -221 -425
0.6159420013427734 -223 -423
0.622260332107544 -226 -421
0.6325936317443848 -230 -425
0.6381607055664062 -232 -424
0.6459083557128906 -236 -429
0.6543853282928467 -240 -424
0.6599564552307129 -242 -429
0.6664323806762695 -244 -421
0.6860008239746094 -253 -419
0.6962106227874756 -257 -420
0.7041444778442383 -260 -421
0.7127630710601807 -264 -424
0.7203507423400879 -268 -429
0.7267270088195801 -271 -423
0.7348265647888184 -274 -425
0.7444710731506348 -278 -421
0.7530953884124756 -282 -425
0.7587723731994629 -284 -426
0.7651979923248291 -287 -424
0.7753534317016602 -292 -421
0.78493332862854 -296 -422
0.7946524620056152 -299 -418
0.8002197742462158 -302 -419
0.8064584732055664 -304 -424
0.8150157928466797 -308 -422
0.8205790519714355 -311 -430
0.8267872333526611 -313 -427
0.8345441818237305 -316 -429
0.8416035175323486 -319 -426
0.848517656326294 -322 -422
0.858212947845459 -326 -425
0.8649964332580566 -329 -422
0.871981143951416 -332 -425
0.8773999214172363 -334 -422
0.8840961456298828 -337 -422
0.8893845081329346 -340 -422
0.8966982364654541 -343 -424
0.9032471179962158 -346 -422
0.9089219570159912 -348 -423
0.9153726100921631 -350 -426
0.9218924045562744 -353 -426
0.927316427230835 -356 -426
0.933631181716919 -358 -426
0.9393296241760254 -361 -426
0.94661545753479 -364 -429
0.9531471729278564 -367 -422
0.9588274955749512 -369 -424
0.9650857448577881 -372 -422
0.9709935188293457 -374 -418
0.9772613048553467 -377 -421
0.9835588932037354 -380 -423
0.9892523288726807 -382 -420
1.0015239715576172 -388 -426
1.0088608264923096 -390 -426
1.015195369720459 -393 -425
1.021496057510376 -396 -423
1.0272834300994873 -398 -421
1.0342211723327637 -401 -427
1.0394890308380127 -403 -424
1.0459682941436768 -406 -424
1.0533478260040283 -409 -427
1.0590143203735352 -412 -421
1.0651967525482178 -414 -422
1.0727019309997559 -417 -419
1.0782132148742676 -419 -418
1.0846450328826904 -422 -421
1.090156078338623 -425 -420
1.0965166091918945 -427 -422
1.1042571067810059 -430 -427
1.1095283031463623 -433 -429
1.115980863571167 -436 -427
1.1226346492767334 -438 -429
1.128171443939209 -440 -426
1.1345372200012207 -443 -421
1.1400728225708008 -446 -426
1.1462762355804443 -448 -422
1.1542487144470215 -452 -422
1.1595396995544434 -454 -426
1.1659882068634033 -457 -424
1.1725077629089355 -459 -423
1.1779651641845703 -462 -424
1.1844613552093506 -464 -420
1.1900124549865723 -468 -419
1.1962158679962158 -469 -424
1.2034051418304443 -473 -421
1.2091493606567383 -475 -430
1.2155704498291016 -478 -426
1.2221629619598389 -480 -428
1.2275493144989014 -483 -428
1.2342579364776611 -486 -424
1.2395596504211426 -488 -424
1.245987892150879 -490 -422
1.2533013820648193 -494 -420
1.2589919567108154 -496 -420
1.265169620513916 -499 -423
1.271444320678711 -502 -420
1.2772700786590576 -504 -422
1.283583164215088 -507 -424
1.2892506122589111 -509 -423
1.2954497337341309 -512 -426
1.3019771575927734 -515 -422
1.3085718154907227 -517 -424
1.3148908615112305 -520 -424
1.320401668548584 -523 -427
1.3265976905822754 -526 -429
1.3332865238189697 -528 -428
1.338935136795044 -530 -427
1.3451383113861084 -533 -422
1.3510801792144775 -536 -421
1.3581209182739258 -538 -419
1.3645133972167969 -540 -417
1.37001633644104 -543 -421
1.3762233257293701 -546 -420
1.3829455375671387 -549 -422
1.3885207176208496 -551 -428
1.394986629486084 -554 -428
1.4064428806304932 -558 -429
1.4131135940551758 -562 -425
1.4188082218170166 -564 -422
1.4252078533172607 -567 -424
1.43153977394104 -570 -424
1.4370784759521484 -572 -423
1.4434585571289062 -574 -426
1.4490976333618164 -577 -422
1.4565815925598145 -580 -423
1.463123083114624 -583 -422
1.4687540531158447 -585 -418
1.4750022888183594 -588 -421
1.4805381298065186 -590 -423
1.4867777824401855 -593 -422
1.493309497833252 -596 -424
1.4989697933197021 -598 -428
1.5051841735839844 -601 -429
1.5129497051239014 -604 -430
1.5185446739196777 -606 -423
1.5248472690582275 -610 -423
1.530353307723999 -612 -425
1.5365288257598877 -614 -420
1.5430760383605957 -617 -423
1.5487449169158936 -619 -423
1.5549876689910889 -622 -421
1.562577724456787 -625 -425
1.5681202411651611 -627 -424
1.574659824371338 -630 -421
1.5801594257354736 -633 -424
1.586348295211792 -635 -422
1.592881679534912 -638 -424
1.598456621170044 -640 -426
1.6047441959381104 -642 -426
1.6120829582214355 -646 -429
1.6174514293670654 -648 -430
1.6241495609283447 -651 -424
1.6294302940368652 -654 -425
1.636047124862671 -656 -424
1.6427569389343262 -658 -418
1.6483354568481445 -661 -421
1.6546967029571533 -664 -421
1.6619868278503418 -667 -419
1.6673824787139893 -670 -424
1.6736605167388916 -672 -425
1.679309606552124 -675 -423
1.6855273246765137 -677 -427
1.6920735836029053 -680 -426
1.6976404190063477 -682 -423
1.7043826580047607 -685 -427
1.7115156650543213 -688 -425
1.7171802520751953 -691 -423
1.7234597206115723 -694 -429
1.7291419506072998 -696 -426
1.7353944778442383 -698 -422
1.7419354915618896 -701 -425
1.7473247051239014 -704 -421
1.7541594505310059 -706 -418
1.759443759918213 -710 -420
1.7666563987731934 -712 -418
1.7733609676361084 -714 -422
1.7790167331695557 -717 -426
1.7851998805999756 -720 -429
1.7914912700653076 -722 -430
1.7970538139343262 -726 -426
1.8073410987854004 -729 -422
1.8150060176849365 -732 -425
1.8205516338348389 -735 -422
1.8270349502563477 -738 -421
1.833425521850586 -740 -424
1.8390543460845947 -742 -421
1.845287799835205 -745 -423
1.8516006469726562 -748 -425
1.857208251953125 -750 -419
1.864654779434204 -753 -424
1.8702170848846436 -756 -420
1.8765532970428467 -758 -420
1.8831217288970947 -761 -426
1.8888120651245117 -764 -426
1.8950703144073486 -766 -430
1.9009509086608887 -769 -428
1.907069444656372 -772 -428
1.9146320819854736 -774 -424
1.9201350212097168 -778 -424
1.9263391494750977 -779 -419
1.9330189228057861 -782 -421
1.9386136531829834 -784 -421
1.9448816776275635 -788 -420
1.9504482746124268 -790 -424
1.956658124923706 -793 -425
1.9631667137145996 -795 -425
1.9696240425109863 -798 -427
1.9760756492614746 -800 -424
1.9826040267944336 -803 -422
1.9945011138916016 -808 -422
2.0000522136688232 -811 -424
2.0062713623046875 -813 -429
2.012845993041992 -816 -424
2.019345998764038 -819 -425
2.02557373046875 -822 -425
2.032147169113159 -824 -419
2.03798246383667 -826 -418
2.0444467067718506 -829 -420
2.050027847290039 -832 -418
2.0564398765563965 -834 -423
2.0629870891571045 -838 -424
2.070436716079712 -841 -425
2.076641798019409 -844 -428
2.0832042694091797 -846 -427
2.0889079570770264 -849 -425
2.0951294898986816 -851 -427
2.101073741912842 -854 -423
2.1069889068603516 -856 -424
2.113557815551758 -859 -427
2.1202993392944336 -862 -422
2.1265082359313965 -864 -424
2.1330349445343018 -868 -424
2.138728141784668 -869 -421
2.144988536834717 -872 -421
2.1505606174468994 -875 -422
2.1568098068237305 -878 -421
2.1635355949401855 -880 -424
2.1702513694763184 -884 -426
2.176591634750366 -885 -427
2.183105230331421 -889 -431
2.1887478828430176 -890 -427
2.195012331008911 -894 -425
2.205141305923462 -898 -423
2.2110543251037598 -900 -420
2.2171852588653564 -903 -422
2.224909543991089 -906 -420
2.230451822280884 -909 -423
2.236812114715576 -912 -424
2.243361711502075 -914 -421
2.248983860015869 -916 -424
2.25522518157959 -919 -427
2.2614924907684326 -922 -422
2.267141342163086 -924 -422
2.2747278213500977 -927 -428
2.280263662338257 -930 -425
2.286451816558838 -932 -426
2.293182373046875 -935 -430
2.298877000808716 -938 -427
2.3050544261932373 -940 -426
2.311027765274048 -943 -422
2.3168206214904785 -945 -418
2.324573278427124 -948 -420
2.3300912380218506 -951 -418
2.3363397121429443 -953 -421
2.3428852558135986 -956 -424
2.34845232963562 -958 -423
2.354965925216675 -962 -428
2.360525131225586 -964 -428
2.3668227195739746 -966 -426
2.374488592147827 -969 -427
2.380035638809204 -972 -423
2.3862338066101074 -974 -421
2.3928020000457764 -978 -426
2.398359537124634 -980 -425
2.404679298400879 -982 -423
2.4101932048797607 -985 -427
2.416565418243408 -987 -422
2.4243860244750977 -990 -420
2.429938554763794 -993 -421
2.4361259937286377 -996 -419
2.4426774978637695 -998 -419
2.448188304901123 -1000 -423
2.4546191692352295 -1003 -426
2.460157632827759 -1006 -427
2.466357946395874 -1008 -429
2.4741368293762207 -1012 -426
2.479452133178711 -1014 -425
2.485945701599121 -1017 -423
2.4924585819244385 -1019 -423
2.497896909713745 -1022 -422
2.5043997764587402 -1024 -423
2.509939432144165 -1027 -420
2.516120672225952 -1030 -421
2.522691488265991 -1033 -421
2.529179811477661 -1035 -422
2.535572052001953 -1038 -425
2.5421526432037354 -1040 -420
2.5475802421569824 -1043 -423
2.554511547088623 -1046 -425
2.5600476264953613 -1049 -423
2.56634259223938 -1050 -427
2.5728793144226074 -1054 -428
2.5793094635009766 -1056 -426
2.5855774879455566 -1059 -427
2.592162847518921 -1062 -426
2.597975730895996 -1066 -419
2.607663154602051 -1068 -422
2.614565134048462 -1071 -418
2.620105743408203 -1074 -421
2.627534866333008 -1077 -423
2.63438081741333 -1080 -423
2.639909505844116 -1082 -428
2.6461846828460693 -1084 -425
2.6528916358947754 -1088 -424
2.658473253250122 -1090 -427
2.6648244857788086 -1093 -422
2.6704111099243164 -1096 -423
2.6776626110076904 -1098 -425
2.6845548152923584 -1101 -424
2.690119981765747 -1104 -425
2.6963353157043457 -1106 -425
2.7028684616088867 -1109 -422
2.70845103263855 -1111 -421
2.714935064315796 -1114 -419
2.7204864025115967 -1117 -420
2.727658271789551 -1119 -423
2.7343943119049072 -1122 -424
2.7399401664733887 -1124 -425
2.746163845062256 -1127 -428
2.752718210220337 -1130 -428
2.758242607116699 -1132 -425
2.765448808670044 -1136 -427
2.772027015686035 -1138 -425
2.7789111137390137 -1142 -423
2.785217523574829 -1144 -423
2.7914977073669434 -1146 -419
2.7972052097320557 -1149 -423
2.803551435470581 -1152 -423
2.809248447418213 -1154 -424
2.8156235218048096 -1157 -423
2.8221867084503174 -1159 -423
2.8288979530334473 -1162 -419
2.8353652954101562 -1165 -423
2.8419342041015625 -1168 -425
2.8473427295684814 -1170 -424
2.8539676666259766 -1173 -430
2.8593239784240723 -1176 -430
2.865544557571411 -1178 -427
2.8721368312835693 -1180 -425
2.877556085586548 -1184 -422
2.8850910663604736 -1186 -419
2.891018867492676 -1189 -419
2.897193431854248 -1192 -420
2.9035019874572754 -1194 -422
2.9092001914978027 -1196 -425
2.9154460430145264 -1199 -423
2.9219753742218018 -1202 -424
2.927388906478882 -1204 -426
2.934964656829834 -1208 -424
2.9405603408813477 -1210 -425
2.9470598697662354 -1213 -422
2.953606128692627 -1215 -424
2.9592881202697754 -1218 -428
2.9655613899230957 -1220 -427
2.9721288681030273 -1223 -426
2.977531671524048 -1226 -426
2.9849815368652344 -1229 -423
2.9905340671539307 -1231 -419
2.996795415878296 -1234 -419
