0 0 0
0 0 0
0.024156570434570312 0 0
0.030267715454101562 0 0
0.03661608695983887 0 7
0.04539656639099121 1 17
0.050661563873291016 2 20
0.05730295181274414 3 78
0.06382393836975098 5 51
0.06931614875793457 7 196
0.0757148265838623 8 246
0.0811777114868164 11 280
0.08739709854125977 12 290
0.09474301338195801 15 324
0.10037350654602051 17 342
0.10653877258300781 19 362
0.11307311058044434 21 378
0.11867737770080566 24 395
0.1253364086151123 27 403
0.13061022758483887 29 412
0.13704252243041992 32 435
0.1480860710144043 37 445
0.15575337409973145 40 453
0.1612246036529541 43 460
0.16757607460021973 45 467
0.17435717582702637 49 474
0.18005037307739258 52 481
0.18625903129577637 55 488
0.19215130805969238 58 488
0.1992197036743164 61 489
0.20556330680847168 64 488
0.21107864379882812 67 490
0.21725749969482422 70 495
0.2237865924835205 73 499
0.2293224334716797 76 501
0.2358388900756836 79 507
0.24143671989440918 83 510
0.24851059913635254 86 510
0.25509095191955566 89 507
0.26039981842041016 93 515
0.26659321784973145 95 513
0.27311158180236816 99 515
0.27852487564086914 102 517
0.285111665725708 105 512
0.2904353141784668 108 514
0.29784297943115234 112 513
0.3045353889465332 115 515
0.31029343605041504 118 513
0.31649303436279297 121 519
0.32300758361816406 125 525
0.32840895652770996 128 523
0.3347020149230957 131 528
0.3403968811035156 134 521
0.3476099967956543 137 520
0.35428667068481445 141 521
0.35995006561279297 145 520
0.36615967750549316 147 523
0.37166261672973633 151 518
0.3778538703918457 154 523
0.3844034671783447 157 520
0.39003849029541016 160 518
0.3973381519317627 163 520
0.4038515090942383 166 523
0.40933942794799805 169 529
0.41591477394104004 174 527
0.4214599132537842 177 530
0.42763733863830566 179 526
0.43433618545532227 183 521
0.43998289108276367 186 521
0.4461691379547119 189 518
0.4537968635559082 193 521
0.45926952362060547 195 521
0.46564364433288574 199 524
0.4711780548095703 203 522
0.4775729179382324 205 524
0.4840431213378906 209 522
0.48958706855773926 211 523
0.49590516090393066 215 525
0.5033197402954102 219 526
0.5086972713470459 222 527
0.51535964012146 225 524
0.5206079483032227 228 524
0.5269937515258789 231 517
0.5333635807037354 234 517
0.5392203330993652 239 520
0.5500595569610596 244 527
0.5564534664154053 247 524
0.5627641677856445 250 528
0.5686266422271729 253 523
0.5754916667938232 257 523
0.5810165405273438 259 523
0.5872399806976318 263 522
0.5939192771911621 267 528
0.6003878116607666 270 524
0.6065995693206787 273 524
0.6131701469421387 276 520
0.6185357570648193 279 520
0.6251025199890137 283 520
0.630408525466919 285 520
0.6366069316864014 289 524
0.6431403160095215 292 525
0.6485269069671631 295 529
0.6561472415924072 299 525
0.6620604991912842 303 525
0.6678671836853027 305 525
0.674396276473999 309 519
0.6800205707550049 312 520
0.6862227916717529 315 520
0.6921257972717285 318 525
0.698279857635498 321 521
0.7057971954345703 325 521
0.7112817764282227 329 522
0.7176291942596436 331 522
0.7242627143859863 335 525
0.7299034595489502 338 526
0.7361259460449219 341 531
0.7416367530822754 345 526
0.7478141784667969 347 524
0.7554385662078857 351 523
0.7606945037841797 354 519
0.767127513885498 357 519
0.7737805843353271 360 517
0.7792751789093018 363 524
0.7856333255767822 366 524
0.7911460399627686 371 526
0.7973852157592773 373 526
0.8045580387115479 377 524
0.8102593421936035 380 526
0.8164610862731934 383 522
0.8229913711547852 386 526
0.8285503387451172 389 526
0.8354008197784424 393 524
0.8406825065612793 396 521
0.8470926284790039 399 517
0.8543128967285156 403 517
0.8600304126739502 406 516
0.8662388324737549 409 523
0.8721256256103516 413 527
0.8779110908508301 415 527
0.8844189643859863 419 530
0.8900728225708008 422 526
0.8964371681213379 425 526
0.902735710144043 429 518
0.9095821380615234 431 524
0.9159455299377441 435 521
0.921438455581665 439 524
0.9275753498077393 441 520
0.9340708255767822 445 519
0.9396457672119141 447 518
0.9498512744903564 452 522
0.9573695659637451 457 522
0.9640519618988037 461 526
0.9696464538574219 463 532
0.9760816097259521 467 527
0.9816229343414307 470 527
0.9878079891204834 473 521
0.9944183826446533 476 520
1.0000755786895752 479 518
1.007319450378418 483 523
1.0139877796173096 487 524
1.0195591449737549 489 524
1.0258591175079346 492 524
1.031437635421753 496 521
1.0375735759735107 498 523
1.0440540313720703 503 522
1.0496108531951904 505 530
1.0559020042419434 509 527
1.0632247924804688 512 527
1.068558692932129 515 522
1.0753540992736816 518 521
1.080634593963623 521 518
1.0872373580932617 525 517
1.093757152557373 527 522
1.0992393493652344 531 521
1.1056396961212158 534 524
1.1127464771270752 538 529
1.1182997226715088 541 526
1.1245508193969727 545 523
1.1301889419555664 547 522
1.1365950107574463 551 526
1.1431000232696533 554 522
1.1484651565551758 557 524
1.155820369720459 560 521
1.1631641387939453 564 521
1.1685395240783691 567 519
1.1750702857971191 571 519
1.1804027557373047 574 524
1.1865954399108887 577 520
1.1931536197662354 580 528
1.1987121105194092 583 530
1.2053704261779785 587 526
1.2120506763458252 591 524
1.2182447910308838 593 519
1.2245500087738037 597 523
1.2302100658416748 600 521
1.236450433731079 603 522
1.2427663803100586 606 523
1.2483420372009277 609 522
1.2547566890716553 613 521
1.2614731788635254 617 522
1.267620325088501 619 522
1.274158000946045 623 522
1.2798268795013428 625 528
1.2860081195831299 629 528
1.291555404663086 633 527
1.2976868152618408 635 530
1.3041963577270508 639 520
1.3098127841949463 642 521
1.3171930313110352 645 517
1.3236799240112305 648 520
1.3290929794311523 651 523
1.335541009902954 655 524
1.3410727977752686 660 524
1.3514702320098877 664 526
1.3577654361724854 667 522
1.3655288219451904 670 525
1.3710455894470215 673 528
1.377488374710083 677 526
1.3839738368988037 681 528
1.3895058631896973 683 522
1.3957788944244385 686 522
1.401259422302246 690 516
1.4074463844299316 692 516
1.4145667552947998 696 519
1.420241355895996 699 525
1.426469087600708 703 529
1.4330573081970215 706 526
1.4385888576507568 709 529
1.445246696472168 712 523
1.4505369663238525 715 526
1.4567539691925049 718 520
1.4642038345336914 723 522
1.4699113368988037 726 525
1.4762957096099854 729 522
1.4825553894042969 732 521
1.48809814453125 735 519
1.4946494102478027 738 520
1.500333547592163 741 520
1.5065293312072754 745 522
1.5130336284637451 749 528
1.5196199417114258 751 526
1.5259268283843994 755 530
1.5314385890960693 758 524
1.53757905960083 760 522
1.5440702438354492 765 519
1.5496468544006348 767 522
1.556102991104126 771 523
1.5616421699523926 774 522
1.5687646865844727 777 523
1.5754749774932861 780 522
1.5807271003723145 783 523
1.5871446132659912 786 521
1.5936346054077148 789 524
1.5990636348724365 793 529
1.6057548522949219 796 528
1.6112425327301025 800 531
1.6186232566833496 803 524
1.6252765655517578 806 524
1.6305620670318604 809 519
1.6367645263671875 813 521
1.643310546875 816 518
1.6486706733703613 819 521
1.6553537845611572 822 526
1.6606121063232422 825 523
1.6678647994995117 829 527
1.6745989322662354 833 524
1.6802582740783691 835 529
1.6864988803863525 839 524
1.6933057308197021 843 523
1.6995563507080078 845 526
1.7059223651885986 849 520
1.7114486694335938 852 523
1.7185966968536377 855 516
1.7253265380859375 859 520
1.7305831909179688 862 517
1.7372066974639893 865 524
1.747206449508667 870 528
1.7538447380065918 873 532
1.75933837890625 877 527
1.7659180164337158 881 524
1.7733025550842285 884 521
1.7790470123291016 887 522
1.785489559173584 890 525
1.7910094261169434 893 522
1.7973957061767578 896 521
1.8039119243621826 901 519
1.809450387954712 903 523
1.815786600112915 906 519
1.8231019973754883 910 523
1.828479290008545 913 526
1.8347485065460205 916 526
1.8403851985931396 919 529
1.8466110229492188 923 527
1.853198528289795 926 524
1.8589892387390137 929 521
1.865663766860962 932 520
1.8730075359344482 936 520
1.8784008026123047 939 521
1.8846790790557861 943 525
1.8903520107269287 945 525
1.8965733051300049 949 526
1.9031124114990234 952 520
1.9085030555725098 955 528
1.915400743484497 958 524
1.9220733642578125 963 526
1.927912950515747 965 527
1.934419870376587 969 524
1.9582915306091309 981 520
1.9645955562591553 984 520
1.9702441692352295 987 525
1.9775750637054443 991 527
1.9841043949127197 995 531
1.9897239208221436 997 526
1.996140956878662 1001 524
2.0016427040100098 1004 523
2.007845878601074 1007 524
2.0144219398498535 1011 525
2.020052194595337 1014 523
2.027273178100586 1017 524
2.033998966217041 1021 521
2.039569854736328 1023 520
2.0459046363830566 1026 519
2.0514464378356934 1031 521
2.057619571685791 1033 523
2.064208745956421 1037 527
2.0698556900024414 1039 528
2.0771098136901855 1043 527
2.0836119651794434 1046 526
2.089094877243042 1049 521
2.0957329273223877 1053 521
2.101243495941162 1057 522
2.107407569885254 1059 522
2.11413311958313 1063 523
2.1198391914367676 1065 519
2.127298593521118 1069 521
2.133829355239868 1072 520
2.1393420696258545 1075 527
2.150242805480957 1082 527
2.156766176223755 1085 527
2.1633141040802 1088 526
2.1691067218780518 1091 527
2.1765103340148926 1095 520
2.183082103729248 1099 519
2.1884961128234863 1101 516
2.194753885269165 1105 521
2.20040225982666 1108 522
2.20662522315979 1111 526
2.2131547927856445 1114 526
2.218740701675415 1117 520
2.225423574447632 1121 527
2.2321388721466064 1125 523
2.2379233837127686 1128 524
2.244450807571411 1131 527
2.2501003742218018 1134 526
2.256516456604004 1137 526
2.263014554977417 1141 519
2.2683775424957275 1143 520
2.275282144546509 1147 516
2.2816343307495117 1151 519
2.287806510925293 1154 524
2.294318675994873 1157 522
2.2999560832977295 1160 527
2.3061788082122803 1163 526
2.312101364135742 1167 524
2.317902088165283 1170 522
2.324457883834839 1173 523
2.3311617374420166 1177 524
2.3376145362854004 1179 524
2.3440959453582764 1183 524
2.349694013595581 1185 520
2.356018543243408 1189 520
2.361570358276367 1193 519
2.3677475452423096 1196 520
2.374267578125 1199 525
2.3807528018951416 1202 530
2.3874027729034424 1205 527
2.3941073417663574 1210 529
2.399705410003662 1212 529
2.4059624671936035 1216 521
2.4114599227905273 1219 524
2.417665481567383 1221 518
2.4242069721221924 1225 520
2.4306085109710693 1228 521
2.4370651245117188 1231 525
2.443357229232788 1235 523
2.4487645626068115 1238 521
2.4556334018707275 1241 526
2.4611780643463135 1245 522
2.467439651489258 1247 525
2.4739694595336914 1251 528
2.4795429706573486 1255 527
2.486604690551758 1258 524
2.4931464195251465 1261 520
2.498540163040161 1264 522
2.5052695274353027 1267 516
2.51055908203125 1270 521
2.51737117767334 1273 519
2.5238678455352783 1277 524
2.5294647216796875 1280 524
2.536435604095459 1284 526
2.5427331924438477 1287 525
2.553048610687256 1292 528
2.5585741996765137 1295 523
2.565394639968872 1299 526
2.570671319961548 1302 525
2.5773441791534424 1305 520
2.5846307277679443 1309 521
2.590298891067505 1312 516
2.5965054035186768 1315 521
2.6030466556549072 1319 520
2.6084513664245605 1321 524
2.614741563796997 1325 528
2.620401620864868 1328 528
2.6266157627105713 1331 526
2.6342244148254395 1335 524
2.639962673187256 1339 524
2.646298408508301 1341 522
2.652559995651245 1345 523
2.6580982208251953 1348 524
2.6644961833953857 1351 521
2.6701602935791016 1354 521
2.6763558387756348 1357 522
2.6826233863830566 1360 523
2.6894443035125732 1363 523
2.6959664821624756 1368 523
2.70145583152771 1371 528
2.70762038230896 1373 526
2.7141106128692627 1377 529
2.7198128700256348 1379 524
2.7260921001434326 1383 522
2.731635808944702 1387 517
2.7390711307525635 1390 521
2.7455813884735107 1393 517
2.7511045932769775 1396 520
2.7575631141662598 1399 525
2.764080762863159 1403 522
2.769671678543091 1405 525
2.7761423587799072 1409 523
2.781677722930908 1413 524
2.7892396450042725 1416 526
2.795626401901245 1419 526
2.8011839389801025 1423 527
2.807443141937256 1425 524
2.8141064643859863 1429 525
2.819706678390503 1431 518
2.825974941253662 1436 518
2.8315322399139404 1439 521
2.838710069656372 1442 523
2.8453972339630127 1445 527
2.8506901264190674 1449 524
2.8571665287017822 1451 527
2.863664150238037 1455 523
2.8690719604492188 1458 522
2.8757076263427734 1461 525
2.8812239170074463 1465 525
2.888322114944458 1468 525
2.8946304321289062 1471 523
2.900285482406616 1475 521
2.9066426753997803 1478 518
2.913180351257324 1481 520
2.9185571670532227 1484 517
2.9252054691314697 1487 524
2.930476665496826 1490 526
2.93704891204834 1495 530
2.9444031715393066 1498 527
2.954641580581665 1503 524
2.96030592918396 1506 521
2.9666903018951416 1509 520
2.973247766494751 1512 524
2.979004383087158 1515 524
2.985459327697754 1519 525
2.992199659347534 1523 521
2.998349666595459 1526 521
