0 0 0
0 0 0
0.022753238677978516 0 0
0.027964353561401367 0 0
0.03456687927246094 0 0
0.04290628433227539 0 0
0.04812455177307129 0 2
0.05475664138793945 1 6
0.0612797737121582 1 13
0.06676673889160156 2 31
0.07311797142028809 2 70
0.07861495018005371 3 79
0.08478665351867676 3 90
0.0921182632446289 4 83
0.09775424003601074 5 96
0.10393118858337402 6 101
0.11021661758422852 6 110
0.11601710319519043 7 119
0.12283754348754883 8 119
0.1290428638458252 9 127
0.13523197174072266 10 129
0.1428837776184082 10 132
0.14816570281982422 12 134
0.15459465980529785 12 135
0.16107487678527832 13 138
0.16648006439208984 14 141
0.17692065238952637 16 143
0.18340754508972168 16 146
0.18891406059265137 18 146
0.1961994171142578 18 146
0.2030482292175293 19 147
0.20856451988220215 20 147
0.21477270126342773 21 149
0.22127294540405273 22 151
0.22676396369934082 23 154
0.23327994346618652 24 155
0.2387988567352295 25 156
0.24600768089294434 26 155
0.2529032230377197 27 152
0.25817227363586426 28 152
0.2645907402038574 29 154
0.2710716724395752 30 154
0.2765181064605713 31 157
0.2830049991607666 32 157
0.2885398864746094 32 156
0.2959580421447754 34 154
0.3022153377532959 35 153
0.3079249858856201 36 153
0.31411123275756836 36 155
0.320648193359375 38 155
0.32601165771484375 38 155
0.33256959915161133 40 155
0.33790016174316406 40 154
0.3451712131500244 42 154
0.3518521785736084 42 152
0.3574843406677246 44 156
0.36371374130249023 44 155
0.36962270736694336 45 157
0.3753929138183594 46 157
0.3820991516113281 47 155
0.3877403736114502 48 155
0.39507579803466797 49 154
0.4015469551086426 50 154
0.4071314334869385 51 156
0.4135761260986328 52 155
0.4191277027130127 53 158
0.42529749870300293 54 158
0.431821346282959 55 156
0.43744897842407227 56 154
0.4436066150665283 57 152
0.45110368728637695 58 152
0.4565126895904541 59 152
0.4630415439605713 60 153
0.4685530662536621 60 157
0.47496509552001953 62 155
0.4814479351043701 63 154
0.4870326519012451 63 153
0.49329233169555664 64 151
0.5006318092346191 66 153
0.5059983730316162 66 155
0.5128486156463623 67 156
0.5181057453155518 68 158
0.5244936943054199 69 158
0.5312345027923584 70 158
0.5367119312286377 71 156
0.5430960655212402 72 155
0.5500731468200684 73 155
0.5556488037109375 74 155
0.5620248317718506 75 160
0.5677130222320557 76 159
0.5779376029968262 78 158
0.5846021175384521 79 158
0.5913286209106445 80 154
0.5976545810699463 81 156
0.6040298938751221 82 155
0.6105806827545166 83 157
0.6159670352935791 84 157
0.6222131252288818 84 155
0.6278722286224365 86 156
0.6340746879577637 86 154
0.640625 88 153
0.6462035179138184 89 155
0.6537661552429199 90 154
0.6596572399139404 90 155
0.6655733585357666 92 155
0.6719605922698975 92 155
0.6776044368743896 93 154
0.6838295459747314 94 154
0.6900737285614014 95 154
0.6957404613494873 96 155
0.7033331394195557 97 156
0.7088274955749512 98 159
0.7151505947113037 99 157
0.7217023372650146 100 155
0.7282223701477051 101 155
0.7346749305725098 102 151
0.7411653995513916 103 155
0.7466897964477539 104 155
0.7537972927093506 105 156
0.7600717544555664 106 158
0.765714168548584 107 157
0.7722384929656982 108 154
0.7778713703155518 109 154
0.7840747833251953 110 153
0.7906274795532227 111 153
0.7960054874420166 112 155
0.8033342361450195 112 157
0.8088972568511963 114 160
0.8152258396148682 115 157
0.8217289447784424 116 157
0.8274297714233398 117 154
0.8337857723236084 118 153
0.8400113582611084 118 157
0.8454089164733887 120 158
0.853050947189331 120 159
0.8586056232452393 122 161
0.8647973537445068 122 159
0.871293306350708 123 157
0.8767330646514893 124 156
0.8831386566162109 125 154
0.8886528015136719 126 155
0.895054817199707 127 157
0.9028081893920898 128 158
0.9080860614776611 129 157
0.9145243167877197 130 155
0.9208312034606934 131 153
0.9264593124389648 132 153
0.9329366683959961 133 151
0.9384946823120117 134 152
0.9446752071380615 135 155
0.9513359069824219 136 156
0.9577758312225342 137 155
0.9640002250671387 138 154
0.9733209609985352 139 152
0.9806501865386963 140 151
0.9861834049224854 141 154
0.9930343627929688 142 155
0.9985673427581787 143 158
1.0059900283813477 144 157
1.012819766998291 145 155
1.0180823802947998 146 155
1.0244965553283691 147 154
1.0307836532592773 148 155
1.0366668701171875 149 158
1.0430278778076172 150 157
1.0485620498657227 151 159
1.0557820796966553 152 160
1.062047004699707 153 154
1.0676779747009277 154 154
1.0740656852722168 155 153
1.0806894302368164 156 154
1.0860464572906494 157 156
1.0926835536956787 158 157
1.0979251861572266 159 157
1.1041603088378906 160 155
1.1116917133331299 161 155
1.1173574924468994 162 154
1.1235969066619873 163 153
1.1311941146850586 164 156
1.1366963386535645 165 157
1.1430277824401855 166 157
1.1485567092895508 166 158
1.1547460556030273 168 158
1.1622223854064941 169 155
1.167875051498413 170 155
1.1740686893463135 171 154
1.1806037425994873 172 156
1.1860082149505615 172 157
1.1928479671478271 174 158
1.1980984210968018 174 158
1.2045011520385742 175 155
1.2119066715240479 176 155
1.217531442642212 178 153
1.223743200302124 178 153
1.2296133041381836 179 154
1.2353930473327637 180 154
1.2419655323028564 181 155
1.2476279735565186 182 153
1.2539770603179932 183 153
1.261554479598999 184 152
1.2671711444854736 185 153
1.273444414138794 186 154
1.2789759635925293 187 155
1.2851576805114746 188 156
1.2918362617492676 189 158
1.2975044250488281 190 157
1.3036861419677734 191 157
1.311427116394043 192 156
1.3169982433319092 193 154
1.323287010192871 194 154
1.3287665843963623 195 158
1.3349440097808838 196 157
1.3414342403411865 197 161
1.3470218181610107 198 160
1.353386402130127 198 158
1.360642433166504 200 158
1.366018533706665 200 154
1.3764705657958984 202 155
1.3831110000610352 203 156
1.3886237144470215 204 156
1.395024299621582 205 156
1.4017035961151123 206 155
1.4073452949523926 207 153
1.4142093658447266 208 154
1.4207804203033447 209 155
1.426574468612671 210 155
1.4332208633422852 211 157
1.4387280941009521 212 157
1.4448790550231934 213 155
1.4515271186828613 214 156
1.4571099281311035 214 154
1.464099407196045 216 155
1.4706072807312012 217 156
1.475992202758789 218 156
1.4826593399047852 219 158
1.4879539012908936 220 157
1.4945504665374756 220 154
1.50081467628479 222 154
1.5062131881713867 222 153
1.513720989227295 224 153
1.5196049213409424 224 156
1.5254034996032715 226 156
1.5319421291351318 226 156
1.5376055240631104 227 155
1.5438411235809326 228 154
1.5501148700714111 229 152
1.5559327602386475 230 152
1.5632548332214355 231 154
1.5689008235931396 232 154
1.5750610828399658 233 158
1.581578016281128 234 159
1.5871593952178955 235 157
1.5934498310089111 236 157
1.5989975929260254 237 154
1.6051809787750244 238 153
1.6120109558105469 239 156
1.6187081336975098 240 156
1.6248719692230225 241 160
1.6314189434051514 242 160
1.6370351314544678 243 158
1.643317461013794 244 157
1.6489083766937256 245 155
1.6550936698913574 246 155
1.6615748405456543 247 157
1.6680562496185303 248 157
1.6746387481689453 249 160
1.681298017501831 250 157
1.6867823600769043 250 157
1.6931297779083252 252 154
1.6986472606658936 253 152
1.7049314975738525 253 154
1.711470365524292 254 153
1.7178776264190674 256 156
1.7241027355194092 256 155
1.7306087017059326 257 154
1.7361929416656494 258 153
1.7428224086761475 259 152
1.7480864524841309 260 152
1.7544918060302734 261 154
1.7610142230987549 262 156
1.767535924911499 263 158
1.777601957321167 265 156
1.7839064598083496 266 156
1.7902312278747559 267 155
1.7960846424102783 268 153
1.8029062747955322 268 156
1.8081676959991455 270 157
1.8147897720336914 270 158
1.8220832347869873 272 159
1.827728509902954 272 155
1.8339378833770752 274 155
1.8404998779296875 274 153
1.8458752632141113 276 153
1.852687120437622 276 156
1.8579399585723877 277 154
1.8641257286071777 278 157
1.871720552444458 280 157
1.8773539066314697 280 155
1.8835811614990234 281 156
1.8891007900238037 282 155
1.8952789306640625 283 154
1.9018135070800781 284 154
1.9074492454528809 285 159
1.9138092994689941 286 159
1.9213528633117676 287 158
1.9269556999206543 288 158
1.933260202407837 289 156
1.9387669563293457 290 155
1.945115566253662 291 156
1.9516379833221436 292 157
1.9572980403900146 293 158
1.968940258026123 295 156
1.9765384197235107 296 155
1.9830164909362793 297 155
1.9885456562042236 298 152
1.994729995727539 298 152
2.0012686252593994 300 155
2.006784439086914 300 155
2.013197183609009 301 154
2.0186636447906494 302 154
2.0258846282958984 304 153
2.032773971557617 304 153
2.0380420684814453 305 152
2.044461965560913 306 152
2.0507795810699463 307 154
2.056178331375122 308 155
2.062875986099243 309 156
2.0681324005126953 310 155
2.075761079788208 311 156
2.0820343494415283 312 155
2.0876786708831787 313 157
2.094097137451172 314 156
2.100635528564453 315 156
2.1060144901275635 316 157
2.1125922203063965 317 156
2.1179556846618652 318 155
2.125265598297119 319 156
2.1328959465026855 320 156
2.138169527053833 321 156
2.1446433067321777 322 156
2.151285171508789 323 156
2.156778335571289 324 157
2.1631412506103516 325 157
2.168637990951538 326 157
2.180452346801758 328 153
2.18599534034729 328 153
2.1928317546844482 330 154
2.1982059478759766 330 157
2.204928159713745 331 158
2.2115817070007324 332 156
2.2171525955200195 333 155
2.223478317260742 334 154
2.2308154106140137 335 155
2.2362163066864014 336 156
2.2428596019744873 337 156
2.2481157779693604 338 158
2.2545528411865234 339 157
2.261049747467041 340 156
2.266528844833374 341 155
2.27312970161438 342 155
2.280076265335083 343 153
2.285754919052124 344 153
2.2920448780059814 345 155
2.297701358795166 346 155
2.303907632827759 347 155
2.310229778289795 348 155
2.315826892852783 349 154
2.322098731994629 350 152
2.328806161880493 351 152
2.335202217102051 352 152
2.341749429702759 353 155
2.347411870956421 354 157
2.3536064624786377 354 154
2.3591320514678955 356 155
2.365363836288452 356 155
2.371904134750366 357 152
2.378588914871216 358 156
2.38476824760437 359 157
2.3914663791656494 360 158
2.3970258235931396 361 159
2.4032883644104004 362 158
2.4087672233581543 363 157
2.414961814880371 364 156
2.4214677810668945 365 156
2.427896499633789 366 156
2.4340920448303223 367 159
2.440613031387329 368 159
2.4460067749023438 369 158
2.4528701305389404 370 157
2.4581336975097656 371 155
2.464737892150879 372 154
2.471255302429199 373 154
2.4767844676971436 374 155
2.483917236328125 375 155
2.490210771560669 376 156
2.49580717086792 377 157
2.502108573913574 378 155
2.5077497959136963 379 155
2.514127731323242 380 154
2.5206923484802246 380 152
2.526106834411621 382 155
2.533564567565918 383 155
2.539090156555176 384 157
2.5452382564544678 384 157
2.5517818927764893 386 156
2.557452917098999 386 154
2.5636606216430664 387 153
2.569593906402588 388 154
2.578211545944214 390 155
2.586711883544922 391 157
2.593385696411133 392 157
2.5988872051239014 393 156
2.6052350997924805 394 155
2.6119375228881836 395 152
2.617589235305786 396 153
2.6237566471099854 397 154
2.629650592803955 398 154
2.6367900371551514 398 157
2.6432111263275146 400 157
2.6486876010894775 401 155
2.6548678874969482 401 155
2.661362886428833 402 154
2.666961908340454 403 154
2.6732559204101562 404 156
2.6787662506103516 406 159
2.685906410217285 406 160
2.6961069107055664 408 158
2.702867031097412 409 156
2.708139419555664 410 155
2.7145657539367676 411 156
2.7212512493133545 412 157
2.726727247238159 413 158
2.733931064605713 414 161
2.740236759185791 415 157
2.7458693981170654 416 158
2.7526984214782715 417 155
2.7579782009124756 418 153
2.7641680240631104 418 155
2.7707462310791016 420 154
2.7761495113372803 420 157
2.782801866531372 422 155
2.7891170978546143 422 155
2.7952945232391357 424 152
2.8018605709075928 424 151
2.807504177093506 425 152
2.8138906955718994 426 153
2.820202112197876 427 154
2.825795888900757 428 154
2.8320579528808594 429 156
2.8387749195098877 430 155
2.8449814319610596 431 155
2.851644515991211 432 154
2.857301712036133 433 155
2.863523244857788 434 156
2.8690412044525146 435 158
2.8753936290740967 436 158
2.8819496631622314 437 158
2.8886241912841797 438 157
2.894824266433716 439 154
2.9013333320617676 440 154
2.9069125652313232 440 154
2.9132471084594727 442 154
2.9187777042388916 443 156
2.9249939918518066 444 157
2.9316461086273193 445 155
2.938162088394165 446 156
2.9445977210998535 446 154
2.9511001110076904 448 153
2.956505060195923 448 155
2.9629595279693604 450 155
2.9684672355651855 450 157
2.9746756553649902 451 158
2.984882116317749 453 156
2.992873191833496 454 155
2.9981436729431152 455 156
