0 0 0
0 0 0
0.022634029388427734 0 0
0.027927398681640625 0 0
0.03472089767456055 -1 -7
0.04320812225341797 -1 -15
0.050375938415527344 -3 -19
0.05690288543701172 -4 -189
0.0631875991821289 -6 -193
0.06875205039978027 -8 -250
0.07493972778320312 -10 -292
0.08164405822753906 -13 -312
0.08732295036315918 -15 -347
0.09369277954101562 -17 -371
0.09994316101074219 -20 -393
0.1067650318145752 -22 -412
0.11316609382629395 -25 -433
0.11870741844177246 -29 -450
0.12493419647216797 -31 -467
0.13145732879638672 -35 -482
0.1370987892150879 -37 -499
0.1433870792388916 -41 -508
0.14893722534179688 -44 -518
0.15530753135681152 -47 -526
0.16299200057983398 -51 -529
0.16850948333740234 -55 -535
0.1748182773590088 -57 -542
0.1813652515411377 -61 -543
0.18695950508117676 -64 -556
0.1969900131225586 -69 -564
0.20347332954406738 -74 -568
0.21130156517028809 -79 -576
0.21693825721740723 -81 -574
0.22341132164001465 -86 -581
0.22896051406860352 -89 -583
0.2351670265197754 -93 -583
0.24174046516418457 -96 -582
0.24743151664733887 -99 -582
0.25371456146240234 -103 -583
0.2612597942352295 -107 -589
0.26685166358947754 -110 -592
0.2733924388885498 -115 -598
0.27895331382751465 -119 -597
0.28513598442077637 -122 -599
0.2916693687438965 -126 -596
0.2973482608795166 -129 -595
0.3035547733306885 -133 -595
0.3112063407897949 -137 -597
0.31673264503479004 -140 -597
0.32315802574157715 -144 -596
0.32871484756469727 -149 -597
0.33508753776550293 -152 -598
0.3417830467224121 -156 -603
0.34744906425476074 -159 -605
0.35370755195617676 -163 -607
0.3612077236175537 -167 -603
0.36673498153686523 -170 -599
0.3731529712677002 -174 -596
0.37868690490722656 -179 -594
0.38498830795288086 -181 -598
0.3916952610015869 -186 -603
0.39737629890441895 -189 -606
0.40358734130859375 -193 -607
0.40952563285827637 -197 -606
0.41648054122924805 -200 -604
0.4229462146759033 -204 -603
0.4284844398498535 -207 -606
0.4347105026245117 -211 -602
0.4412665367126465 -215 -604
0.44686174392700195 -218 -595
0.4533650875091553 -223 -599
0.45888757705688477 -227 -603
0.4661390781402588 -231 -605
0.4730668067932129 -234 -609
0.4785788059234619 -239 -607
0.48479461669921875 -241 -605
0.49140429496765137 -246 -602
0.49697351455688477 -249 -599
0.5032918453216553 -253 -602
0.5088391304016113 -257 -602
0.5164823532104492 -261 -604
0.52301025390625 -264 -600
0.5285384654998779 -269 -601
0.5347626209259033 -271 -603
0.5412981510162354 -277 -606
0.5469131469726562 -279 -607
0.5532588958740234 -283 -608
0.5587952136993408 -287 -605
0.5659914016723633 -291 -598
0.5728912353515625 -295 -599
0.578458309173584 -298 -599
0.584662675857544 -302 -602
0.5912065505981445 -305 -605
0.601478099822998 -313 -607
0.6071071624755859 -315 -605
0.614616870880127 -320 -604
0.6213819980621338 -325 -605
0.6270146369934082 -327 -607
0.6334824562072754 -332 -605
0.6390299797058105 -335 -604
0.645230770111084 -339 -598
0.6518375873565674 -343 -600
0.6575734615325928 -347 -602
0.6638309955596924 -350 -609
0.6713776588439941 -355 -609
0.6769750118255615 -357 -610
0.6833281517028809 -362 -609
0.6889011859893799 -366 -603
0.6952993869781494 -369 -602
0.7018661499023438 -373 -601
0.7075705528259277 -377 -605
0.713831901550293 -380 -604
0.7213926315307617 -385 -602
0.726975679397583 -387 -602
0.7334475517272949 -393 -605
0.739025354385376 -396 -608
0.7452869415283203 -400 -610
0.75201416015625 -403 -609
0.7577106952667236 -407 -606
0.7639346122741699 -411 -597
0.7715096473693848 -415 -598
0.7771170139312744 -418 -599
0.7834036350250244 -423 -602
0.7889392375946045 -426 -606
0.7951483726501465 -430 -606
0.8016777038574219 -433 -608
0.807344913482666 -437 -605
0.8139438629150391 -441 -606
0.8214950561523438 -446 -607
0.8271017074584961 -448 -605
0.8334121704101562 -453 -603
0.8389577865600586 -457 -599
0.8451504707336426 -460 -600
0.8517160415649414 -463 -599
0.8573727607727051 -467 -606
0.8637287616729736 -471 -605
0.8713808059692383 -476 -610
0.8770098686218262 -478 -610
0.8833186626434326 -483 -606
0.8888401985168457 -487 -601
0.895035982131958 -489 -601
0.9015820026397705 -494 -600
0.9073154926300049 -497 -601
0.913550853729248 -501 -601
0.9211585521697998 -505 -603
0.926687479019165 -509 -602
0.9332551956176758 -512 -605
0.938793420791626 -517 -606
0.9449999332427979 -519 -608
0.9515726566314697 -524 -611
0.9572436809539795 -527 -603
0.9635069370269775 -531 -603
0.9710419178009033 -535 -599
0.9764997959136963 -539 -598
0.9829573631286621 -542 -602
0.9885165691375732 -547 -605
0.9949769973754883 -552 -608
1.005270004272461 -557 -606
1.0119743347167969 -561 -605
1.0176434516906738 -564 -608
1.0249767303466797 -568 -604
1.0314791202545166 -573 -603
1.037064552307129 -575 -602
1.0433931350708008 -580 -598
1.0506489276885986 -583 -598
1.056473970413208 -587 -603
1.062927484512329 -591 -605
1.0684690475463867 -594 -608
1.0755550861358643 -599 -611
1.0819575786590576 -603 -605
1.0876381397247314 -607 -603
1.093883991241455 -610 -603
1.100447654724121 -613 -603
1.1058158874511719 -617 -601
1.1126952171325684 -621 -603
1.11795973777771 -625 -602
1.1255600452423096 -629 -604
1.1319403648376465 -633 -605
1.1376235485076904 -637 -610
1.1438462734222412 -640 -612
1.1504127979278564 -644 -609
1.1558120250701904 -647 -605
1.1621005535125732 -651 -599
1.1677827835083008 -655 -599
1.175170660018921 -659 -599
1.1817150115966797 -663 -603
1.1873743534088135 -667 -607
1.193575143814087 -671 -606
1.1994452476501465 -674 -607
1.2052814960479736 -678 -604
1.2118849754333496 -681 -606
1.2175538539886475 -685 -606
1.2248413562774658 -689 -608
1.2315175533294678 -693 -606
1.237215280532837 -696 -597
1.243394136428833 -701 -599
1.2488975524902344 -704 -599
1.2552437782287598 -708 -603
1.261824131011963 -711 -609
1.267427682876587 -715 -609
1.2747228145599365 -719 -608
1.281264305114746 -723 -605
1.2868564128875732 -726 -599
1.2933697700500488 -731 -603
1.2988605499267578 -735 -602
1.305037021636963 -737 -603
1.3115489482879639 -742 -601
1.31719970703125 -744 -600
1.3233940601348877 -749 -602
1.3307321071624756 -753 -606
1.3361327648162842 -756 -607
1.3428092002868652 -760 -609
1.3480720520019531 -763 -608
1.3546791076660156 -767 -604
1.361196517944336 -771 -598
1.366673469543457 -775 -596
1.3730542659759521 -778 -599
1.3801517486572266 -783 -603
1.3859412670135498 -787 -606
1.3926074504852295 -790 -609
1.4027342796325684 -796 -605
1.4080207347869873 -800 -607
1.41471529006958 -803 -604
1.4213745594024658 -809 -607
1.4278488159179688 -812 -603
1.434077501296997 -815 -599
1.4406154155731201 -819 -600
1.4460208415985107 -823 -601
1.452733039855957 -827 -600
1.457979440689087 -830 -605
1.46443510055542 -834 -609
1.4707114696502686 -837 -611
1.476578712463379 -842 -606
1.4837610721588135 -846 -599
1.4901008605957031 -849 -600
1.4958083629608154 -853 -603
1.5021557807922363 -857 -603
1.5078074932098389 -860 -602
1.5144004821777344 -864 -602
1.5207056999206543 -867 -601
1.526099681854248 -871 -605
1.5337707996368408 -876 -604
1.5401062965393066 -880 -608
1.5457217693328857 -883 -611
1.551994800567627 -887 -606
1.5576591491699219 -891 -598
1.5639193058013916 -894 -597
1.5704753398895264 -898 -597
1.575885534286499 -901 -600
1.5833230018615723 -906 -605
1.588853120803833 -910 -606
1.5951664447784424 -913 -610
1.6016688346862793 -917 -606
1.6073763370513916 -921 -607
1.6199944019317627 -928 -606
1.625842809677124 -931 -604
1.63334321975708 -937 -599
1.638845682144165 -940 -599
1.6464650630950928 -943 -597
1.6531689167022705 -947 -603
1.6586883068084717 -952 -607
1.6650655269622803 -955 -611
1.671759843826294 -959 -610
1.6774046421051025 -963 -605
1.684581995010376 -967 -598
1.6910622119903564 -970 -599
1.6966071128845215 -974 -603
1.7029473781585693 -977 -603
1.7084839344024658 -981 -603
1.7149178981781006 -985 -605
1.7214577198028564 -990 -604
1.727081298828125 -992 -605
1.7341365814208984 -997 -609
1.740689992904663 -1001 -610
1.7460811138153076 -1004 -608
1.752800464630127 -1008 -605
1.7580721378326416 -1011 -597
1.7644927501678467 -1015 -598
1.7711749076843262 -1019 -599
1.7766354084014893 -1022 -602
1.7837903499603271 -1027 -606
1.7901384830474854 -1031 -608
1.7957501411437988 -1035 -606
1.8056554794311523 -1041 -608
1.8121099472045898 -1044 -605
1.8177838325500488 -1048 -605
1.830723524093628 -1055 -599
1.8377091884613037 -1060 -598
1.8439228534698486 -1063 -601
1.8504736423492432 -1067 -604
1.8558812141418457 -1071 -607
1.8626587390899658 -1075 -609
1.867964744567871 -1078 -608
1.8743979930877686 -1081 -604
1.8807449340820312 -1085 -599
1.8875195980072021 -1090 -601
1.893916368484497 -1093 -601
1.9004786014556885 -1097 -605
1.9060654640197754 -1101 -603
1.9127717018127441 -1105 -603
1.9180998802185059 -1108 -604
1.9249937534332275 -1112 -605
1.9315357208251953 -1117 -606
1.938019037246704 -1120 -611
1.9444968700408936 -1124 -607
1.9511516094207764 -1127 -602
1.9566833972930908 -1131 -598
1.9630470275878906 -1135 -599
1.9685773849487305 -1139 -598
1.9748177528381348 -1142 -603
1.981353759765625 -1147 -609
1.9878463745117188 -1151 -606
1.9941024780273438 -1154 -607
2.000701427459717 -1158 -608
2.006124973297119 -1161 -604
2.0129640102386475 -1165 -605
2.018507719039917 -1169 -606
2.024749279022217 -1172 -601
2.0314435958862305 -1177 -598
2.0378522872924805 -1181 -599
2.0440609455108643 -1184 -607
2.0576601028442383 -1193 -607
2.0672919750213623 -1198 -608
2.0748207569122314 -1203 -605
2.085172414779663 -1210 -599
2.0929462909698486 -1213 -602
2.0985260009765625 -1218 -603
2.1072099208831787 -1222 -603
2.113593339920044 -1227 -604
2.1195390224456787 -1230 -604
2.1278388500213623 -1235 -608
2.134657382965088 -1239 -608
2.1424801349639893 -1244 -606
2.151196002960205 -1249 -602
2.1567230224609375 -1252 -595
2.1633636951446533 -1257 -599
2.1706929206848145 -1261 -601
2.1761367321014404 -1264 -606
2.1836042404174805 -1269 -608
2.192993402481079 -1274 -609
2.1985464096069336 -1280 -603
2.210677146911621 -1285 -603
2.2165873050689697 -1289 -603
2.2257015705108643 -1294 -599
2.234647274017334 -1299 -600
2.2435755729675293 -1307 -601
2.2524662017822266 -1310 -608
2.257828950881958 -1314 -611
2.2640540599823 -1317 -606
2.2757668495178223 -1325 -603
2.2820937633514404 -1328 -598
2.287790536880493 -1332 -601
2.297675848007202 -1338 -606
2.3039305210113525 -1341 -606
2.310506820678711 -1345 -606
2.316080093383789 -1350 -607
2.324636220932007 -1353 -608
2.3312039375305176 -1357 -605
2.3367276191711426 -1361 -607
2.3449788093566895 -1366 -601
2.3537161350250244 -1373 -599
2.3621554374694824 -1377 -602
2.3678462505340576 -1380 -604
2.3744664192199707 -1384 -609
2.3830134868621826 -1389 -612
2.388566017150879 -1393 -611
2.3956735134124756 -1397 -606
2.4075803756713867 -1405 -603
2.413990020751953 -1408 -603
2.4226877689361572 -1413 -602
2.4279699325561523 -1418 -604
2.4386608600616455 -1424 -602
2.446093797683716 -1427 -609
2.45283579826355 -1431 -609
2.4615330696105957 -1439 -606
2.4717350006103516 -1443 -602
2.4773995876312256 -1447 -595
2.4838361740112305 -1451 -602
2.492988348007202 -1457 -602
2.5003907680511475 -1460 -605
2.505964517593384 -1464 -605
2.5141050815582275 -1469 -605
2.523092269897461 -1473 -605
2.528606653213501 -1478 -606
2.5350098609924316 -1481 -606
2.5429303646087646 -1485 -603
2.5516161918640137 -1491 -599
2.5573220252990723 -1496 -599
2.5658864974975586 -1500 -602
2.5734572410583496 -1505 -609
2.5827600955963135 -1510 -611
2.5880632400512695 -1515 -605
2.596646785736084 -1518 -603
2.6078922748565674 -1525 -600
2.617021083831787 -1530 -602
2.624640941619873 -1535 -603
2.632147789001465 -1540 -602
2.6377992630004883 -1553 -608
2.661937952041626 -1559 -604
2.671229362487793 -1563 -602
2.6789538860321045 -1569 -601
2.6855616569519043 -1573 -602
2.693654775619507 -1577 -603
2.7017455101013184 -1583 -607
2.711629867553711 -1588 -607
2.7195167541503906 -1593 -604
2.725705862045288 -1598 -604
2.7341301441192627 -1601 -605
2.7457797527313232 -1609 -597
2.755642890930176 -1616 -603
2.7641568183898926 -1619 -606
2.772987127304077 -1625 -609
2.7785558700561523 -1629 -609
2.7874069213867188 -1634 -605
2.7941291332244873 -1639 -602
2.8029332160949707 -1643 -599
2.8115780353546143 -1649 -605
2.8172874450683594 -1651 -604
2.8235859870910645 -1656 -602
2.8301124572753906 -1659 -603
2.838711977005005 -1665 -605
2.845777988433838 -1669 -607
2.8532979488372803 -1674 -607
2.858880043029785 -1678 -610
2.8650825023651123 -1680 -599
2.87160325050354 -1685 -603
2.8772971630096436 -1689 -599
2.883549928665161 -1692 -600
2.889449119567871 -1696 -603
2.8953168392181396 -1699 -606
2.9019062519073486 -1703 -604
2.908614158630371 -1708 -607
2.9149961471557617 -1710 -607
2.921534299850464 -1715 -605
2.9272072315216064 -1717 -603
2.933473825454712 -1723 -608
2.939025640487671 -1726 -600
2.9455292224884033 -1729 -600
2.95196533203125 -1733 -598
2.958724021911621 -1738 -603
2.9649367332458496 -1741 -603
2.9716200828552246 -1745 -609
2.98636794090271 -1754 -605
2.994018077850342 -1759 -604
