0 0 0
0 0 0
0.030809640884399414 0 0
0.03722953796386719 1 2
0.045777320861816406 2 15
0.053261518478393555 2 12
0.061361074447631836 4 64
0.06701540946960449 6 199
0.07321596145629883 7 221
0.07972359657287598 10 279
0.08529996871948242 11 292
0.09157276153564453 14 326
0.09704446792602539 16 371
0.10426568984985352 19 394
0.11092185974121094 22 409
0.11616039276123047 24 432
0.12236976623535156 27 450
0.1291511058807373 30 476
0.13947129249572754 35 493
0.1450486183166504 38 500
0.15228533744812012 42 509
0.15996909141540527 47 522
0.16560792922973633 50 529
0.1717979907989502 53 542
0.17772912979125977 56 550
0.18385887145996094 60 557
0.19017267227172852 64 563
0.19580364227294922 67 565
0.20305418968200684 70 574
0.20955610275268555 75 578
0.21518182754516602 77 579
0.2216355800628662 82 584
0.22713875770568848 86 585
0.23335647583007812 89 585
0.23987984657287598 92 587
0.2455141544342041 96 594
0.252701997756958 100 595
0.259202241897583 103 598
0.2646768093109131 107 604
0.27110934257507324 110 605
0.2766094207763672 114 604
0.28296995162963867 118 603
0.2895522117614746 123 601
0.295093297958374 125 602
0.30213260650634766 130 605
0.3086874485015869 134 603
0.3142378330230713 137 606
0.3209233283996582 141 605
0.32618093490600586 144 611
0.332352876663208 148 612
0.3388855457305908 152 618
0.3446989059448242 156 616
0.35114431381225586 160 616
0.3583109378814697 164 605
0.3640618324279785 168 605
0.3703458309173584 172 607
0.3760030269622803 175 610
0.3822009563446045 179 612
0.38870859146118164 182 614
0.39410877227783203 186 614
0.4009401798248291 190 615
0.40723347663879395 195 614
0.4134206771850586 198 617
0.4198775291442871 202 616
0.4255523681640625 206 615
0.43173694610595703 210 609
0.4372732639312744 213 607
0.44376397132873535 217 607
0.4501221179962158 220 612
0.45685434341430664 226 620
0.4631991386413574 228 619
0.4696927070617676 233 619
0.47527360916137695 235 618
0.4816133975982666 240 613
0.48710083961486816 244 614
0.4932241439819336 246 613
0.49970293045043945 251 612
0.506173849105835 255 614
0.5126230716705322 258 611
0.5189099311828613 262 614
0.524683952331543 266 613
0.5311529636383057 270 620
0.5413877964019775 276 619
0.5469074249267578 281 619
0.5532360076904297 283 614
0.5610766410827637 288 611
0.5663342475891113 292 611
0.572920560836792 296 613
0.5795655250549316 300 614
0.5851516723632812 303 618
0.5914876461029053 307 613
0.5970072746276855 312 616
0.6031680107116699 314 617
0.6108121871948242 319 618
0.6161010265350342 323 618
0.622309684753418 326 616
0.628821611404419 330 611
0.634169340133667 334 609
0.6410024166107178 338 608
0.6462869644165039 341 613
0.6526949405670166 345 617
0.6599123477935791 350 619
0.6655130386352539 354 618
0.6717555522918701 357 616
0.677281379699707 361 619
0.6834444999694824 364 614
0.6908936500549316 368 615
0.6961655616760254 372 614
0.7027931213378906 376 611
0.7099800109863281 380 610
0.7156047821044922 384 610
0.7218329906463623 388 612
0.7277655601501465 392 621
0.733727216720581 395 618
0.7400641441345215 399 622
0.7456722259521484 403 615
0.7519183158874512 406 612
0.7581946849822998 410 613
0.7649807929992676 414 612
0.7713479995727539 418 615
0.7767987251281738 422 617
0.7830355167388916 425 613
0.7895669937133789 430 614
0.7951815128326416 432 616
0.8014545440673828 436 619
0.8069159984588623 441 622
0.8141520023345947 444 621
0.8210375308990479 448 612
0.8263022899627686 452 612
0.8328940868377686 456 607
0.8394365310668945 459 610
0.8449397087097168 463 612
0.8513021469116211 467 617
0.8567850589752197 472 617
0.8639523983001709 475 618
0.870211124420166 479 616
0.8758633136749268 483 618
0.8822100162506104 486 615
0.888800859451294 490 618
0.89414381980896 494 611
0.9007134437561035 498 610
0.9060277938842773 501 609
0.9132838249206543 505 612
0.9198107719421387 510 613
0.925443172454834 512 620
0.931675910949707 517 618
0.9418370723724365 523 617
0.9477686882019043 527 614
0.9538745880126953 531 613
0.9607257843017578 534 614
0.9671459197998047 539 612
0.9733350276947021 543 616
0.9798038005828857 547 612
0.985438346862793 549 614
0.991654634475708 554 613
0.9971652030944824 558 620
1.0042173862457275 562 619
1.0110294818878174 565 622
1.0177178382873535 570 617
1.0238866806030273 574 611
1.0303521156311035 578 610
1.035979986190796 581 613
1.0421531200408936 585 615
1.0486657619476318 588 615
1.0540621280670166 592 615
1.0609016418457031 596 617
1.0672204494476318 601 614
1.0733730792999268 604 618
1.0798726081848145 608 616
1.0855085849761963 611 615
1.0918893814086914 616 616
1.0977730751037598 619 610
1.103517770767212 623 609
1.110062599182129 627 608
1.1168012619018555 632 614
1.123138427734375 634 617
1.1296112537384033 639 620
1.1351902484893799 642 618
1.1414809226989746 645 616
1.1469743251800537 650 616
1.1531486511230469 653 615
1.1603682041168213 658 615
1.167069435119629 662 615
1.1731963157653809 665 611
1.1798293590545654 670 613
1.1854445934295654 672 613
1.1916778087615967 677 615
1.1971864700317383 681 619
1.2033419609069824 685 624
1.209810495376587 688 618
1.2154171466827393 692 615
1.2228004932403564 696 613
1.2292895317077637 699 614
1.2347021102905273 703 612
1.2413017749786377 707 617
1.2468061447143555 712 616
1.2530412673950195 714 615
1.2595577239990234 719 615
1.2650783061981201 722 618
1.2720787525177002 726 618
1.2785913944244385 730 619
1.283982515335083 734 617
1.2903025150299072 738 616
1.2959470748901367 741 609
1.3022990226745605 745 611
1.3088126182556152 748 612
1.3141734600067139 752 620
1.3215134143829346 756 616
1.327023983001709 761 621
1.3332233428955078 764 616
1.3434724807739258 771 616
1.3503057956695557 774 619
1.3559894561767578 778 615
1.362673282623291 782 615
1.369994878768921 787 609
1.3756403923034668 790 609
1.3818416595458984 794 611
1.3877322673797607 798 616
1.3935070037841797 802 618
1.4000213146209717 806 624
1.4056267738342285 809 618
1.4118444919586182 813 617
1.4177532196044922 816 613
1.4251129627227783 820 612
1.4313790798187256 824 615
1.4368982315063477 829 617
1.4430525302886963 831 613
1.449519157409668 836 616
1.455040454864502 838 615
1.4613606929779053 842 618
1.4668705463409424 847 621
1.4739646911621094 851 622
1.4809863567352295 855 618
1.4862427711486816 858 613
1.4927330017089844 862 613
1.4992337226867676 866 611
1.5046296119689941 869 614
1.5110759735107422 873 613
1.5163242816925049 877 615
1.5237336158752441 882 614
1.5300912857055664 885 614
1.5357556343078613 889 615
1.542083978652954 893 619
1.548607587814331 896 619
1.5539817810058594 900 619
1.560279130935669 904 613
1.5658812522888184 908 611
1.573101282119751 911 608
1.57962965965271 916 612
1.585160493850708 918 615
1.5914411544799805 922 618
1.596916675567627 927 617
1.6032581329345703 930 619
1.6099731922149658 934 617
1.6155810356140137 938 614
1.6217577457427979 942 614
1.629272699356079 946 615
1.6346523761749268 949 612
1.6410953998565674 953 612
1.6463303565979004 956 611
1.6527328491210938 960 613
1.6593801975250244 964 616
1.664841890335083 968 618
1.6711616516113281 972 621
1.6782763004302979 976 620
1.683861255645752 980 616
1.6901516914367676 984 610
1.6958041191101074 988 611
1.7020232677459717 991 615
1.7083332538604736 995 613
1.7140154838562012 998 614
1.7208495140075684 1002 614
1.7271792888641357 1007 615
1.733400821685791 1011 619
1.742936134338379 1016 619
1.7503581047058105 1021 621
1.7560031414031982 1024 614
1.762366771697998 1028 613
1.7689576148986816 1032 608
1.7747957706451416 1037 613
1.7821111679077148 1040 614
1.7886219024658203 1044 618
1.7940008640289307 1048 617
1.8003175258636475 1052 618
1.8059728145599365 1055 614
1.8121590614318848 1059 618
1.8186979293823242 1063 616
1.8240838050842285 1066 614
1.8315892219543457 1071 612
1.837087631225586 1075 612
1.8434622287750244 1078 608
1.8500022888183594 1082 613
1.855635166168213 1086 616
1.8618113994598389 1090 619
1.8676555156707764 1094 618
1.8738491535186768 1097 618
1.8812332153320312 1101 614
1.886695384979248 1104 613
1.8928682804107666 1108 611
1.899566411972046 1113 612
1.905104160308838 1116 615
1.9113686084747314 1119 616
1.9168658256530762 1124 611
1.9230408668518066 1126 615
1.9303061962127686 1132 618
1.9360015392303467 1135 623
1.9488813877105713 1143 621
1.9542863368988037 1146 613
1.9611330032348633 1150 612
1.9666662216186523 1154 609
1.972851276397705 1158 611
1.9800326824188232 1162 616
1.98567533493042 1166 615
1.991887092590332 1170 615
1.9977729320526123 1174 617
2.0039448738098145 1177 617
2.010220527648926 1181 617
2.0158703327178955 1184 619
2.022217273712158 1188 616
2.0287439823150635 1193 614
2.0353057384490967 1196 610
2.0415799617767334 1200 610
2.047091007232666 1204 612
2.0533173084259033 1208 616
2.059825897216797 1212 620
2.065478801727295 1214 618
2.0717318058013916 1219 619
2.0772480964660645 1222 616
2.0849320888519287 1226 615
2.091282844543457 1230 614
2.0968053340911865 1235 617
2.1030004024505615 1238 614
2.1095547676086426 1242 611
2.1151862144470215 1245 609
2.121474027633667 1248 610
2.1269776821136475 1254 617
2.134211540222168 1257 621
2.144624710083008 1263 619
2.151256561279297 1267 616
2.158233880996704 1272 611
2.1640167236328125 1276 611
2.1709091663360596 1279 612
2.1761701107025146 1283 615
2.1835010051727295 1288 614
2.1900596618652344 1292 614
2.1957106590270996 1295 616
2.202087640762329 1299 616
2.2086284160614014 1303 620
2.214010238647461 1306 621
2.220278739929199 1310 616
2.2259390354156494 1314 615
2.233184576034546 1318 610
2.239682674407959 1322 612
2.2452971935272217 1325 610
2.2515621185302734 1330 614
2.2570629119873047 1334 617
2.263484477996826 1337 618
2.2700161933898926 1341 616
2.2756407260894775 1344 619
2.2818524837493896 1348 616
2.2894763946533203 1352 619
2.2949745655059814 1356 616
2.3013501167297363 1359 613
2.3068559169769287 1364 609
2.3130223751068115 1366 612
2.3197546005249023 1372 613
2.325326442718506 1374 617
2.331585645675659 1379 624
2.3389229774475098 1383 620
2.344352960586548 1386 619
2.351017713546753 1390 615
2.3562943935394287 1394 612
2.3627350330352783 1398 614
2.3692216873168945 1401 614
2.374692916870117 1405 616
2.3813302516937256 1408 611
2.3883166313171387 1414 612
2.3940908908843994 1417 618
2.4006736278533936 1421 619
2.4060275554656982 1424 622
2.412212610244751 1428 619
2.4187965393066406 1432 615
2.42415714263916 1436 614
2.430826187133789 1439 610
2.437126874923706 1444 610
2.4434895515441895 1448 612
2.4500207901000977 1452 614
2.4556877613067627 1455 615
2.4618964195251465 1459 617
2.467775583267212 1463 617
2.4735350608825684 1466 617
2.4800870418548584 1470 618
2.485771417617798 1475 617
2.4930012226104736 1478 618
2.499659299850464 1482 613
2.505280017852783 1485 611
2.511570930480957 1490 609
2.517085313796997 1494 613
2.5234336853027344 1497 617
2.530003309249878 1501 618
2.5356390476226807 1504 618
2.5467801094055176 1512 615
2.553118944168091 1514 614
2.559847354888916 1519 616
2.5655148029327393 1523 614
2.571924924850464 1527 615
2.5781660079956055 1530 612
2.583728313446045 1534 613
2.5911192893981934 1538 617
2.5966458320617676 1542 617
2.6028244495391846 1545 621
2.609365224838257 1549 618
2.6148343086242676 1553 616
2.621401309967041 1556 613
2.6269028186798096 1561 611
2.6330642700195312 1564 609
2.640255928039551 1568 614
2.6459500789642334 1572 615
2.652348518371582 1576 614
2.6588668823242188 1580 613
2.6642515659332275 1583 615
2.6709017753601074 1587 618
2.67618465423584 1591 622
2.682784080505371 1594 619
2.6892647743225098 1600 618
2.6956794261932373 1603 612
2.701873302459717 1607 613
2.7077815532684326 1610 610
2.7135274410247803 1614 611
2.7240233421325684 1620 620
2.730708122253418 1624 618
2.7360029220581055 1628 619
2.7434277534484863 1632 616
2.750006675720215 1636 618
2.7556779384613037 1640 616
2.7618918418884277 1644 619
2.768171548843384 1647 612
2.7737202644348145 1651 611
2.7802696228027344 1654 609
2.7859609127044678 1658 613
2.7932653427124023 1662 619
2.7999560832977295 1667 622
2.8056039810180664 1671 621
2.8118627071380615 1674 615
2.8177921772003174 1678 612
2.8236851692199707 1682 610
2.830063819885254 1686 612
2.835731029510498 1689 615
2.8418784141540527 1693 614
2.8494222164154053 1696 616
2.8548789024353027 1700 612
2.861422061920166 1704 616
2.8669400215148926 1709 619
2.87312650680542 1712 619
2.8795924186706543 1716 620
2.8851776123046875 1719 618
2.891493558883667 1722 611
2.8989005088806152 1727 613
2.904289722442627 1731 610
2.9110939502716064 1735 612
2.916626453399658 1738 615
2.9229719638824463 1742 619
2.9295032024383545 1746 617
2.9350597858428955 1750 616
2.9459567070007324 1757 619
2.952352523803711 1760 617
2.958895206451416 1764 617
2.9646694660186768 1768 611
2.9712941646575928 1772 611
2.976788282394409 1776 611
2.9831185340881348 1779 613
2.9896013736724854 1784 615
2.9959261417388916 1788 623
