0 0 0
0 0 0
0.02500772476196289 0 0
0.030887365341186523 0 2
0.03747272491455078 1 7
0.0458979606628418 2 48
0.051354169845581055 3 35
0.05823183059692383 5 32
0.06471467018127441 7 247
0.07041621208190918 9 296
0.07682490348815918 12 357
0.08310580253601074 15 386
0.08874106407165527 17 423
0.09502434730529785 21 473
0.1006784439086914 24 495
0.10793685913085938 27 530
0.11442327499389648 32 551
0.12001776695251465 34 571
0.1300504207611084 40 598
0.1365511417388916 45 620
0.1424264907836914 49 644
0.14862775802612305 53 656
0.15546751022338867 57 672
0.16192078590393066 63 681
0.1680622100830078 67 699
0.1756131649017334 71 701
0.18091320991516113 76 712
0.18735337257385254 80 718
0.19367051124572754 85 724
0.1994175910949707 89 727
0.20589566230773926 93 740
0.21295809745788574 99 752
0.21848082542419434 104 755
0.22483181953430176 109 756
0.2304987907409668 113 756
0.23666667938232422 118 756
0.24294161796569824 122 762
0.24849843978881836 127 765
0.2550203800201416 132 767
0.2617661952972412 138 774
0.26793456077575684 141 777
0.2744579315185547 147 781
0.2800331115722656 150 781
0.28648924827575684 157 775
0.2920091152191162 161 775
0.29821109771728516 166 779
0.30470991134643555 171 784
0.3114333152770996 177 792
0.31784820556640625 180 791
0.32431793212890625 187 790
0.32990121841430664 190 792
0.3361988067626953 195 789
0.3417356014251709 201 786
0.347914457321167 204 787
0.35437870025634766 210 790
0.35991811752319336 215 797
0.36695289611816406 220 799
0.3734898567199707 225 797
0.3790473937988281 229 793
0.38570690155029297 234 791
0.39096927642822266 239 789
0.39740777015686035 243 794
0.4036903381347656 248 796
0.40908169746398926 253 795
0.41672420501708984 259 798
0.4230618476867676 264 802
0.4286520481109619 269 801
0.43506312370300293 274 796
0.4407370090484619 279 792
0.44693875312805176 283 791
0.4535074234008789 288 795
0.4588813781738281 293 800
0.46634364128112793 299 799
0.4718623161315918 304 798
0.47803235054016113 309 795
0.4845771789550781 314 798
0.49022841453552246 317 794
0.4966416358947754 323 795
0.5025317668914795 328 795
0.50827956199646 333 800
0.5158042907714844 338 802
0.5210623741149902 343 802
0.5313589572906494 351 793
0.5376839637756348 355 795
0.5444443225860596 362 799
0.5500469207763672 365 799
0.5565614700317383 371 802
0.5624904632568359 376 799
0.5695397853851318 381 799
0.5758974552154541 386 798
0.5814054012298584 391 796
0.5876097679138184 395 793
0.5941562652587891 400 795
0.5995957851409912 405 799
0.6059157848358154 410 800
0.6114165782928467 415 805
0.6188230514526367 421 799
0.6250901222229004 426 796
0.6307148933410645 431 796
0.6368944644927979 435 796
0.6434423923492432 440 799
0.6488461494445801 445 800
0.6550917625427246 450 800
0.6607260704040527 455 802
0.6679332256317139 459 802
0.6746313571929932 465 798
0.6802668571472168 471 792
0.6865041255950928 475 791
0.6920115947723389 480 796
0.6982221603393555 485 801
0.7047419548034668 490 805
0.7103919982910156 495 797
0.717674732208252 499 798
0.7241921424865723 504 799
0.7296886444091797 509 797
0.7404985427856445 518 797
0.7467670440673828 523 799
0.753087043762207 528 802
0.75864577293396 533 804
0.7648978233337402 537 805
0.7715175151824951 544 796
0.7777755260467529 547 794
0.7842972278594971 553 797
0.7898421287536621 557 797
0.7963087558746338 563 798
0.8017551898956299 568 802
0.8081142902374268 573 801
0.8146970272064209 577 799
0.8213844299316406 583 803
0.827531099319458 587 797
0.833993673324585 592 793
0.8393871784210205 597 795
0.8458235263824463 601 799
0.8511013984680176 606 799
0.8576967716217041 611 805
0.864243745803833 616 799
0.87070631980896 622 800
0.8769040107727051 627 799
0.8834235668182373 632 796
0.8888306617736816 637 794
0.895437479019165 641 795
0.9007549285888672 646 802
0.9069199562072754 651 802
0.9134814739227295 656 804
0.9190239906311035 662 798
0.9264748096466064 669 794
0.9364633560180664 675 793
0.9420120716094971 680 799
0.94846510887146 685 797
0.9549777507781982 689 799
0.9606170654296875 694 804
0.9668178558349609 699 805
0.974581241607666 705 801
0.9802529811859131 709 789
0.9865331649780273 715 794
0.9923932552337646 720 796
0.9982082843780518 725 801
1.0047249794006348 729 802
1.010350227355957 734 799
1.0164988040924072 739 800
1.0239362716674805 744 799
1.0291121006011963 749 795
1.035975694656372 753 796
1.041428804397583 758 797
1.0476107597351074 763 799
1.0541584491729736 768 805
1.059645652770996 773 805
1.0661756992340088 777 803
1.0716612339019775 784 793
1.0788235664367676 789 794
1.0850985050201416 793 793
1.090743064880371 798 803
1.097114086151123 803 803
1.1036181449890137 808 802
1.109083890914917 813 798
1.1157159805297852 817 798
1.1209938526153564 822 799
1.128230094909668 829 794
1.1347286701202393 833 795
1.1403510570526123 838 800
1.146503210067749 843 805
1.1519932746887207 848 802
1.1584856510162354 853 799
1.164884328842163 857 792
1.1729152202606201 864 796
1.179654836654663 869 799
1.1860172748565674 873 799
1.1915111541748047 880 802
1.1978979110717773 883 798
1.204375982284546 889 803
1.209914207458496 893 800
1.2163803577423096 899 795
1.2219104766845703 903 796
1.229377269744873 909 797
1.2358222007751465 913 799
1.2411139011383057 918 806
1.2475104331970215 923 803
1.2540168762207031 928 799
1.2594120502471924 933 794
1.265836477279663 937 798
1.2713699340820312 942 800
1.2787530422210693 949 799
1.2850368022918701 953 800
1.2906849384307861 958 797
1.2968909740447998 963 801
1.3034133911132812 967 797
1.3087942600250244 973 796
1.3150591850280762 977 797
1.3207521438598633 982 799
1.3281946182250977 992 806
1.3387484550476074 997 798
1.3455581665039062 1001 792
1.3508782386779785 1006 793
1.3574695587158203 1011 797
1.36397123336792 1015 801
1.3693952560424805 1020 801
1.3759033679962158 1025 801
1.3825032711029053 1032 803
1.3885927200317383 1037 801
1.3950581550598145 1041 794
1.4007596969604492 1046 791
1.4069797992706299 1051 795
1.4135427474975586 1055 799
1.4189248085021973 1061 805
1.4255781173706055 1065 803
1.431957721710205 1071 802
1.4381260871887207 1077 796
1.4446253776550293 1081 795
1.4502878189086914 1086 794
1.4566617012023926 1091 798
1.4629371166229248 1095 798
1.4684975147247314 1101 802
1.4748671054840088 1105 805
1.4815433025360107 1111 800
1.4877569675445557 1115 797
1.4942958354949951 1121 794
1.4998016357421875 1124 793
1.5061042308807373 1129 799
1.5116260051727295 1135 802
1.5180025100708008 1139 799
1.5245048999786377 1145 801
1.5309269428253174 1150 803
1.5373821258544922 1155 800
1.5437088012695312 1159 797
1.549098253250122 1164 794
1.5557918548583984 1169 792
1.56105637550354 1174 798
1.5674495697021484 1179 803
1.574110746383667 1183 805
1.5795862674713135 1190 799
1.5869011878967285 1195 795
1.5934226512908936 1199 794
1.5988717079162598 1204 794
1.6054716110229492 1209 800
1.6108200550079346 1214 799
1.617002010345459 1219 803
1.6235475540161133 1223 801
1.628936767578125 1228 799
1.6365752220153809 1235 797
1.6424825191497803 1239 794
1.6482596397399902 1244 792
1.6548025608062744 1249 799
1.6604468822479248 1254 803
1.6666154861450195 1259 804
1.6725208759307861 1263 799
1.6784312725067139 1268 800
1.6859581470489502 1273 796
1.6914708614349365 1279 797
1.6978685855865479 1283 794
1.7043914794921875 1289 796
1.710045576095581 1292 799
1.7164781093597412 1299 801
1.7219948768615723 1303 805
1.728165626525879 1308 793
1.739076852798462 1316 793
1.745959758758545 1321 799
1.7514722347259521 1326 798
1.7579712867736816 1331 800
1.7646141052246094 1337 799
1.770277500152588 1342 799
1.776472806930542 1347 806
1.7819859981536865 1351 798
1.7894601821899414 1356 793
1.7958898544311523 1361 791
1.8014259338378906 1366 797
1.8076226711273193 1371 800
1.8143389225006104 1377 804
1.8199021816253662 1380 804
1.8261876106262207 1385 797
1.8317008018493652 1391 798
1.838867425918579 1396 798
1.8456871509552002 1401 794
1.8509442806243896 1406 796
1.857384443283081 1411 798
1.863670825958252 1415 800
1.8690271377563477 1420 808
1.875899076461792 1425 804
1.8814268112182617 1430 796
1.888636827468872 1436 794
1.8949499130249023 1441 797
1.9006340503692627 1446 799
1.9068536758422852 1451 803
1.9134643077850342 1455 799
1.918835163116455 1460 802
1.9418466091156006 1479 792
1.9481585025787354 1484 795
1.9546968936920166 1489 800
1.9603657722473145 1494 805
1.9665656089782715 1499 803
1.972489356994629 1503 798
1.978647232055664 1508 798
1.9849250316619873 1513 799
1.9915461540222168 1519 799
1.9979667663574219 1523 798
2.0044922828674316 1529 800
2.010073184967041 1532 804
2.0163328647613525 1539 801
2.021867513656616 1543 802
2.0280380249023438 1547 797
2.0345921516418457 1553 791
2.0409281253814697 1557 794
2.047377824783325 1563 803
2.0536887645721436 1567 801
2.0595624446868896 1572 804
2.0659666061401367 1577 796
2.071500301361084 1583 795
2.077695608139038 1587 796
2.0841805934906006 1591 798
2.089708089828491 1597 798
2.096829652786255 1603 800
2.103402614593506 1607 803
2.108942747116089 1612 802
2.115812063217163 1617 804
2.121065378189087 1621 799
2.127476453781128 1626 792
2.137403726577759 1635 798
2.144892930984497 1641 801
2.150552988052368 1645 804
2.156928062438965 1651 801
2.1634464263916016 1655 798
2.169013500213623 1660 803
2.1765434741973877 1666 796
2.1824142932891846 1671 795
2.1882309913635254 1676 794
2.195934772491455 1681 803
2.201463222503662 1685 802
2.207645893096924 1690 803
2.2141647338867188 1695 798
2.2196545600891113 1700 794
2.2260446548461914 1705 798
2.231544017791748 1711 797
2.2379558086395264 1714 796
2.2454309463500977 1721 802
2.250765085220337 1725 803
2.2570035457611084 1730 799
2.263545513153076 1735 803
2.268889904022217 1740 796
2.275540351867676 1745 795
2.2808146476745605 1749 799
2.287031888961792 1754 799
2.2935404777526855 1761 807
2.3002328872680664 1764 802
2.3064701557159424 1770 797
2.3124451637268066 1775 794
2.318247079849243 1780 798
2.3247897624969482 1785 797
2.330418348312378 1789 797
2.3366386890411377 1794 802
2.34252667427063 1799 799
2.349626064300537 1804 802
2.356135845184326 1809 796
2.3616411685943604 1815 791
2.368027448654175 1818 792
2.374540328979492 1825 798
2.380188226699829 1828 798
2.3864173889160156 1834 805
2.3919849395751953 1839 800
2.3993887901306152 1844 799
2.405848979949951 1849 798
2.4113590717315674 1853 799
2.4176931381225586 1858 793
2.4242374897003174 1863 794
2.4298064708709717 1868 800
2.4361002445220947 1873 803
2.4416210651397705 1879 807
2.4488813877105713 1884 803
2.4555511474609375 1889 792
2.4608352184295654 1893 795
2.4670448303222656 1898 795
2.473585844039917 1903 799
2.4793601036071777 1908 802
2.48583984375 1913 800
2.4911112785339355 1917 800
2.4987967014312744 1924 804
2.5050840377807617 1929 795
2.510744094848633 1933 792
2.5169239044189453 1938 792
2.5234577655792236 1943 798
2.52889084815979 1948 799
2.5384552478790283 1956 803
2.5461108684539795 1961 797
2.5534608364105225 1967 801
2.5590028762817383 1972 798
2.565823793411255 1977 796
2.571115016937256 1981 797
2.577521324157715 1986 797
2.5839920043945312 1991 802
2.589395761489868 1996 804
2.596015214920044 2001 797
2.6033589839935303 2007 794
2.6087646484375 2011 795
2.615055799484253 2017 795
2.620727300643921 2021 802
2.627100706100464 2026 803
2.633650779724121 2031 799
2.639033079147339 2035 802
2.6456806659698486 2041 799
2.6519551277160645 2047 799
2.6582846641540527 2051 797
2.664809226989746 2057 794
2.6704204082489014 2061 797
2.676680564880371 2066 803
2.6829075813293457 2071 802
2.688469886779785 2075 801
2.6949081420898438 2081 797
2.701573133468628 2087 796
2.707750082015991 2090 797
2.7144267559051514 2097 798
2.7200427055358887 2099 795
2.726309299468994 2106 796
2.731787919998169 2111 801
2.7380006313323975 2114 800
2.744612455368042 2121 801
2.7503044605255127 2125 796
2.757786750793457 2130 794
2.764314889907837 2137 797
2.7699344158172607 2139 801
2.7764275074005127 2146 799
2.781935691833496 2151 804
2.7881171703338623 2155 799
2.7946434020996094 2161 799
2.800318717956543 2165 796
2.807488203048706 2170 796
2.813997268676758 2175 798
2.8194103240966797 2179 795
2.8259243965148926 2185 805
2.8315131664276123 2191 803
2.837921619415283 2194 799
2.844424247741699 2200 795
2.8499794006347656 2203 793
2.8570334911346436 2210 796
2.8635709285736084 2215 802
2.8689396381378174 2219 800
2.875633955001831 2225 802
2.880903959274292 2229 802
2.887526273727417 2234 800
2.894155979156494 2239 796
2.899660110473633 2243 796
2.906708002090454 2250 790
2.9130427837371826 2255 798
2.918644905090332 2259 798
2.924917697906494 2264 803
2.930572271347046 2269 799
2.9406943321228027 2277 795
2.947035551071167 2282 796
2.9535865783691406 2288 795
2.9604969024658203 2293 797
2.9668641090393066 2298 799
2.973412036895752 2303 800
2.978792428970337 2307 805
2.9850401878356934 2312 803
2.9907517433166504 2317 795
2.9969780445098877 2322 792
