0 0 0
0 0 0
0.022870779037475586 0 0
0.02941274642944336 0 0
0.0356450080871582 0 7
0.04326891899108887 2 48
0.049469709396362305 3 79
0.0560152530670166 4 51
0.0613706111907959 6 258
0.06766271591186523 8 277
0.07328605651855469 11 332
0.07947301864624023 13 365
0.08609819412231445 16 396
0.09297347068786621 20 439
0.09923315048217773 22 453
0.10547995567321777 26 489
0.11105799674987793 29 496
0.11745643615722656 32 518
0.12312102317810059 35 541
0.13314199447631836 41 564
0.13954734802246094 44 581
0.1472916603088379 50 599
0.15292835235595703 53 607
0.15925216674804688 57 613
0.16686701774597168 62 621
0.17244935035705566 64 627
0.17880821228027344 70 633
0.18430805206298828 74 644
0.19050860404968262 78 652
0.19818735122680664 82 658
0.20344829559326172 86 661
0.2100522518157959 90 666
0.21659302711486816 94 670
0.22200417518615723 98 674
0.22847199440002441 102 678
0.23398733139038086 106 674
0.24023795127868652 110 676
0.24756836891174316 115 676
0.25321507453918457 120 685
0.2593977451324463 124 693
0.2656726837158203 128 691
0.27144360542297363 132 693
0.27811098098754883 136 688
0.28340935707092285 140 693
0.28965187072753906 144 693
0.29745030403137207 150 692
0.30315065383911133 154 690
0.30941009521484375 158 694
0.3159670829772949 162 698
0.3213801383972168 167 701
0.32822370529174805 171 705
0.33349084854125977 175 704
0.3399233818054199 179 699
0.34725475311279297 185 698
0.35289859771728516 189 698
0.3591501712799072 194 699
0.3650527000427246 198 704
0.3708372116088867 202 704
0.37737488746643066 206 705
0.38309741020202637 210 706
0.3894839286804199 214 706
0.397014856338501 220 709
0.4026069641113281 223 706
0.40887904167175293 228 699
0.4144551753997803 233 699
0.4205930233001709 236 701
0.4272787570953369 241 705
0.43292975425720215 246 706
0.43917131423950195 250 709
0.4468264579772949 256 706
0.4524843692779541 258 705
0.4587724208831787 262 707
0.46428489685058594 268 708
0.47052693367004395 271 703
0.47704148292541504 276 700
0.48260951042175293 280 701
0.48887062072753906 285 706
0.4944312572479248 290 711
0.5016348361968994 294 710
0.5084412097930908 298 705
0.5139713287353516 302 706
0.5201692581176758 306 700
0.5267109870910645 310 704
0.5368516445159912 319 707
0.5424139499664307 322 708
0.5496292114257812 328 706
0.5561633110046387 332 711
0.5621073246002197 336 712
0.5686318874359131 340 710
0.5741825103759766 346 706
0.5803370475769043 349 704
0.5867884159088135 353 703
0.5923428535461426 357 703
0.5994651317596436 363 710
0.6060435771942139 367 711
0.611403226852417 372 709
0.617645263671875 376 709
0.6232790946960449 380 705
0.6299118995666504 384 709
0.6362118721008301 388 704
0.6415495872497559 392 705
0.6482131481170654 398 699
0.6545352935791016 402 705
0.6607186794281006 407 708
0.6672468185424805 411 712
0.6728801727294922 415 713
0.6790478229522705 420 708
0.6849575042724609 424 703
0.6911590099334717 428 700
0.6974482536315918 432 704
0.7041876316070557 438 708
0.7103836536407471 441 707
0.71687912940979 446 709
0.7224860191345215 449 707
0.7287898063659668 454 711
0.7343161106109619 459 711
0.7405703067779541 462 707
0.7472681999206543 468 704
0.753964900970459 472 702
0.7601501941680908 476 704
0.7667386531829834 480 706
0.7722392082214355 484 709
0.7786140441894531 489 711
0.784081220626831 494 709
0.7902848720550537 497 707
0.7968583106994629 503 707
0.8033132553100586 507 707
0.8099825382232666 512 706
0.8162670135498047 516 702
0.8221352100372314 520 705
0.8285093307495117 524 707
0.8340251445770264 530 714
0.8402388095855713 533 713
0.846745491027832 537 711
0.8532500267028809 542 706
0.8594496250152588 547 703
0.8659672737121582 551 702
0.8715062141418457 555 706
0.8782117366790771 560 708
0.8834559917449951 564 708
0.8899309635162354 568 708
0.896226167678833 572 711
0.9015934467315674 578 712
0.9090723991394043 582 711
0.9145886898040771 586 708
0.9207508563995361 590 700
0.9274306297302246 595 703
0.9380204677581787 602 711
0.943382978439331 606 710
0.950082540512085 610 711
0.9575850963592529 616 708
0.9632532596588135 620 708
0.9694528579711914 625 708
0.975987434387207 629 707
0.9813907146453857 633 705
0.9882357120513916 638 702
0.9934947490692139 642 703
0.9999070167541504 646 711
1.0072400569915771 652 711
1.0129237174987793 656 710
1.0190961360931396 660 710
1.025014877319336 664 703
1.0307955741882324 668 703
1.0373141765594482 673 705
1.0429821014404297 677 705
1.0493319034576416 681 705
1.0567166805267334 686 706
1.0622072219848633 690 706
1.0686044692993164 694 710
1.0740928649902344 700 713
1.0804481506347656 702 709
1.0869526863098145 708 708
1.092519998550415 711 699
1.0988399982452393 716 699
1.1044166088104248 721 708
1.111663818359375 725 713
1.11832857131958 730 712
1.1236162185668945 734 705
1.1300430297851562 738 711
1.1365313529968262 742 708
1.1419355869293213 746 707
1.148383617401123 750 707
1.1539220809936523 755 704
1.1610603332519531 760 703
1.168727159500122 765 709
1.1742091178894043 770 711
1.1804313659667969 773 714
1.1869263648986816 779 711
1.1924738883972168 782 706
1.1987533569335938 786 701
1.2042551040649414 792 705
1.2115111351013184 796 704
1.2181828022003174 800 705
1.2234556674957275 804 706
1.2300372123718262 808 707
1.236541748046875 813 710
1.2419707775115967 817 710
1.2484350204467773 822 711
1.253936767578125 826 707
1.2611725330352783 831 701
1.2674577236175537 836 702
1.2731707096099854 840 704
1.2794108390808105 844 709
1.285912036895752 848 709
1.2914631366729736 852 711
1.298097848892212 857 709
1.303330421447754 861 705
1.3105745315551758 865 708
1.3171205520629883 871 704
1.3227524757385254 874 703
1.3289871215820312 879 703
1.3392343521118164 886 707
1.3454954624176025 890 711
1.351379632949829 895 712
1.3582112789154053 899 706
1.3645169734954834 905 703
1.3706905841827393 909 700
1.3772048950195312 913 705
1.382849931716919 918 707
1.3890495300292969 922 707
1.3945605754852295 926 707
1.400801658630371 930 708
1.407475233078003 934 709
1.41416335105896 940 710
1.4203166961669922 943 709
1.4268672466278076 948 704
1.4324147701263428 951 699
1.438762903213501 956 703
1.4442620277404785 961 705
1.4504435062408447 964 708
1.4569754600524902 970 711
1.4634177684783936 974 707
1.4700615406036377 978 709
1.4765567779541016 982 707
1.4821140766143799 987 710
1.4884483814239502 991 705
1.4939768314361572 995 702
1.5001544952392578 1000 704
1.5067126750946045 1004 707
1.512214183807373 1010 714
1.5193707942962646 1014 713
1.525888204574585 1018 708
1.5314295291900635 1022 704
1.5381083488464355 1026 700
1.5434083938598633 1030 705
1.5496716499328613 1035 706
1.5562174320220947 1039 707
1.5615777969360352 1043 707
1.5690867900848389 1049 711
1.5749766826629639 1053 711
1.580805778503418 1058 709
1.5875244140625 1062 706
1.593181848526001 1066 704
1.5995659828186035 1070 700
1.6061277389526367 1074 704
1.6114838123321533 1079 707
1.6189532279968262 1084 713
1.6244971752166748 1088 711
1.6306569576263428 1093 710
1.6371781826019287 1097 710
1.6428000926971436 1100 707
1.6492156982421875 1106 708
1.6554656028747559 1110 706
1.6609902381896973 1114 706
1.6683743000030518 1118 704
1.6739356517791748 1122 706
1.6801161766052246 1127 711
1.6866497993469238 1131 711
1.6921353340148926 1135 709
1.6985008716583252 1140 704
1.704087257385254 1145 703
1.7104389667510986 1148 701
1.7176620960235596 1154 702
1.7233328819274902 1158 707
1.7373311519622803 1168 708
1.7443475723266602 1174 712
1.7507007122039795 1178 711
1.7573859691619873 1182 711
1.7630622386932373 1186 703
1.770592212677002 1190 703
1.7771389484405518 1196 702
1.7827775478363037 1199 707
1.7890143394470215 1204 711
1.7945592403411865 1209 711
1.800732135772705 1213 710
1.8072543144226074 1217 710
1.8128840923309326 1222 705
1.8201279640197754 1226 709
1.8268446922302246 1232 706
1.8324368000030518 1234 704
1.8387367725372314 1238 703
1.8442435264587402 1244 704
1.8504223823547363 1247 712
1.8570659160614014 1253 712
1.8627662658691406 1256 710
1.869013786315918 1261 708
1.8765642642974854 1265 704
1.8820035457611084 1270 704
1.8886640071868896 1274 702
1.8941187858581543 1280 706
1.9003405570983887 1282 703
1.9068546295166016 1288 708
1.9124805927276611 1291 709
1.9187915325164795 1295 711
1.9314680099487305 1305 704
1.9381167888641357 1309 703
1.943446159362793 1313 703
1.950056791305542 1318 703
1.9565351009368896 1322 708
1.961986780166626 1326 708
1.9684417247772217 1330 710
1.975562572479248 1336 708
1.9816515445709229 1340 708
1.9885244369506836 1344 709
1.9940595626831055 1350 704
2.000288724899292 1353 704
2.0069429874420166 1358 702
2.012511730194092 1362 705
2.018833875656128 1367 711
2.0261166095733643 1372 715
2.0315001010894775 1376 712
2.0381972789764404 1380 705
2.0434725284576416 1384 703
2.049919605255127 1388 702
2.056262969970703 1392 705
2.0616533756256104 1397 704
2.0685231685638428 1401 702
2.075653076171875 1407 705
2.081289529800415 1411 708
2.087592124938965 1416 711
2.0933094024658203 1420 710
2.099510908126831 1424 703
2.1060221195220947 1428 702
2.1114449501037598 1432 697
2.1182971000671387 1436 706
2.1250100135803223 1442 708
2.1311872005462646 1446 711
2.1412131786346436 1454 707
2.147646427154541 1458 708
2.1533052921295166 1462 707
2.1599581241607666 1466 707
2.1673531532287598 1472 706
2.173009157180786 1476 700
2.180643081665039 1482 705
2.187666177749634 1486 708
2.19329833984375 1490 714
2.199510097503662 1494 711
2.20603609085083 1499 708
2.2114462852478027 1503 703
2.2181222438812256 1507 701
2.22342586517334 1512 706
2.2306175231933594 1517 710
2.2371463775634766 1521 708
2.2428510189056396 1526 711
2.2492430210113525 1530 709
2.255502223968506 1534 711
2.2610714435577393 1538 708
2.2674670219421387 1542 708
2.2731618881225586 1547 705
2.280386447906494 1551 703
2.286904811859131 1557 705
2.2924797534942627 1560 706
2.2988414764404297 1565 711
2.304394483566284 1569 709
2.310751438140869 1574 707
2.3172905445098877 1578 708
2.322934865951538 1582 704
2.3301727771759033 1586 706
2.336714029312134 1590 707
2.3421921730041504 1595 701
2.348566770553589 1599 707
2.3540825843811035 1605 710
2.360288143157959 1608 713
2.366978645324707 1613 709
2.3725368976593018 1616 708
2.379976987838745 1622 705
2.386239767074585 1626 700
2.3916711807250977 1630 704
2.3983566761016846 1634 704
2.4036524295806885 1639 707
2.4101061820983887 1643 708
2.4166135787963867 1647 705
2.422106981277466 1652 711
2.4294273853302 1657 710
2.436009407043457 1661 709
2.4413912296295166 1666 703
2.4476499557495117 1670 700
2.4533069133758545 1674 703
2.4595131874084473 1678 707
2.4660913944244385 1682 711
2.4714560508728027 1687 711
2.478135108947754 1691 710
2.4844937324523926 1696 708
2.49100923538208 1701 706
2.4973886013031006 1705 706
2.503035068511963 1709 704
2.509352445602417 1714 704
2.5156614780426025 1718 702
2.5212490558624268 1722 704
2.527509927749634 1726 709
2.534203052520752 1734 713
2.5442209243774414 1739 709
2.550654411315918 1743 706
2.5573418140411377 1748 703
2.562974691390991 1752 702
2.5693118572235107 1756 707
2.5756306648254395 1760 704
2.5824053287506104 1764 707
2.5886905193328857 1769 709
2.59419584274292 1774 711
2.6004130840301514 1777 714
2.6070849895477295 1783 709
2.612746238708496 1786 706
2.6190171241760254 1791 699
2.624539852142334 1796 700
2.6307432651519775 1800 706
2.6386423110961914 1804 709
2.644152879714966 1810 709
2.65034818649292 1813 709
2.656877040863037 1818 708
2.6624796390533447 1821 709
2.6689300537109375 1827 708
2.674474000930786 1831 704
2.6806371212005615 1835 702
2.6884756088256836 1840 703
2.694040298461914 1845 704
2.700242519378662 1848 713
2.706756591796875 1852 711
2.7122550010681152 1856 713
2.718653917312622 1861 708
2.724132537841797 1866 704
2.7305264472961426 1869 703
2.7383697032928467 1875 705
2.7436561584472656 1879 706
2.750100612640381 1883 706
2.7565786838531494 1888 706
2.762000799179077 1892 709
2.7686564922332764 1896 710
2.774198293685913 1902 710
2.780402421951294 1904 706
2.788160562515259 1910 702
2.793480157852173 1914 702
2.7999134063720703 1919 706
2.8062212467193604 1923 711
2.8116378784179688 1927 710
2.8183696269989014 1932 710
2.823657751083374 1936 711
2.8300929069519043 1940 705
2.83730149269104 1946 709
2.8429524898529053 1950 704
2.849372386932373 1954 705
2.855665445327759 1958 704
2.861246109008789 1962 706
2.867541551589966 1967 712
2.8731954097747803 1971 711
2.879432439804077 1975 711
2.885967493057251 1981 707
2.8925015926361084 1984 703
2.898988962173462 1990 703
2.9045276641845703 1994 708
2.9110257625579834 1998 706
2.91739821434021 2002 706
2.9230499267578125 2006 710
2.9292492866516113 2011 707
2.935605049133301 2018 710
2.9471263885498047 2024 705
2.952824831008911 2028 699
2.959228038787842 2032 699
2.9654877185821533 2036 706
2.9713714122772217 2040 710
2.9779651165008545 2045 712
2.9833295345306396 2049 712
2.9906301498413086 2054 705
2.9971494674682617 2059 710
