0 0 0
0 0 0
0.02540445327758789 0 0
0.031250953674316406 0 0
0.03783440589904785 0 0
0.04613065719604492 -1 -6
0.05180096626281738 -2 -36
0.05892062187194824 -2 -36
0.06563496589660645 -4 -30
0.07137799263000488 -4 -58
0.0777428150177002 -6 -152
0.0891268253326416 -8 -197
0.0958700180053711 -10 -206
0.10663866996765137 -12 -233
0.11615729331970215 -14 -252
0.12480497360229492 -17 -262
0.13319158554077148 -20 -272
0.13942193984985352 -21 -278
0.14596843719482422 -23 -287
0.15424585342407227 -26 -295
0.16123199462890625 -27 -299
0.16769003868103027 -30 -303
0.17418432235717773 -32 -310
0.1820683479309082 -34 -313
0.18883037567138672 -36 -314
0.19791507720947266 -39 -316
0.20796918869018555 -42 -317
0.21579837799072266 -45 -317
0.22146296501159668 -47 -319
0.22886204719543457 -49 -321
0.2361900806427002 -52 -321
0.24472260475158691 -54 -326
0.25030016899108887 -56 -327
0.2570211887359619 -59 -328
0.2646019458770752 -61 -330
0.27468132972717285 -64 -330
0.2801074981689453 -66 -328
0.2883129119873047 -68 -328
0.2961885929107666 -71 -330
0.3047819137573242 -74 -333
0.3116459846496582 -76 -335
0.3178670406341553 -78 -336
0.32540082931518555 -80 -336
0.33092498779296875 -82 -334
0.3382432460784912 -85 -330
0.35173892974853516 -90 -329
0.3601350784301758 -92 -327
0.36797261238098145 -95 -330
0.37558555603027344 -98 -331
0.38309764862060547 -100 -330
0.3893284797668457 -102 -332
0.3958723545074463 -104 -335
0.4015326499938965 -107 -338
0.41158509254455566 -110 -337
0.4199793338775635 -112 -335
0.42691493034362793 -114 -334
0.4322059154510498 -116 -333
0.4409046173095703 -119 -333
0.44731688499450684 -121 -334
0.4528987407684326 -124 -332
0.46486806869506836 -128 -333
0.47206616401672363 -130 -333
0.48224639892578125 -133 -334
0.489032506942749 -135 -333
0.4956989288330078 -138 -331
0.50323486328125 -140 -332
0.5098011493682861 -142 -330
0.517479419708252 -145 -332
0.5259332656860352 -148 -334
0.5342681407928467 -150 -336
0.5400962829589844 -152 -338
0.5471317768096924 -154 -339
0.5555105209350586 -158 -337
0.5654017925262451 -160 -332
0.5709142684936523 -162 -333
0.5775115489959717 -165 -330
0.5869596004486084 -168 -333
0.5922884941101074 -171 -333
0.6046278476715088 -175 -334
0.6122384071350098 -177 -335
0.6194808483123779 -180 -334
0.6287262439727783 -182 -332
0.6361837387084961 -184 -331
0.6455261707305908 -188 -333
0.6511189937591553 -189 -333
0.657700777053833 -192 -333
0.6688559055328369 -195 -337
0.6754248142242432 -197 -337
0.682924747467041 -201 -337
0.6893560886383057 -203 -337
0.6960761547088623 -205 -334
0.7148981094360352 -212 -329
0.7258331775665283 -215 -331
0.7315244674682617 -217 -332
0.7381501197814941 -219 -334
0.7477512359619141 -222 -332
0.7554686069488525 -225 -335
0.7629570960998535 -228 -336
0.7729706764221191 -231 -335
0.7793304920196533 -233 -337
0.78759765625 -236 -335
0.7952983379364014 -238 -335
0.8047442436218262 -241 -334
0.8155262470245361 -245 -333
0.8219528198242188 -248 -336
0.8316774368286133 -250 -335
0.8419902324676514 -254 -334
0.8494234085083008 -257 -332
0.8591320514678955 -259 -329
0.8667933940887451 -262 -331
0.8751571178436279 -264 -329
0.8857731819152832 -269 -335
0.894141674041748 -271 -337
0.8997225761413574 -273 -337
0.9090688228607178 -276 -339
0.9156248569488525 -278 -337
0.9221570491790771 -280 -336
0.9291977882385254 -282 -333
0.9357995986938477 -285 -335
0.9414722919464111 -287 -334
0.9476957321166992 -289 -331
0.9532279968261719 -291 -333
0.9594049453735352 -293 -334
0.9661660194396973 -295 -335
0.9728755950927734 -298 -334
0.9790875911712646 -299 -334
0.9857938289642334 -302 -332
0.9915704727172852 -304 -330
1.0017826557159424 -307 -330
1.0081913471221924 -309 -331
1.0170056819915771 -312 -334
1.0237274169921875 -314 -337
1.0299904346466064 -316 -338
1.0366158485412598 -318 -337
1.0419869422912598 -320 -339
1.0481882095336914 -322 -336
1.0547270774841309 -324 -336
1.0600979328155518 -326 -336
1.0667755603790283 -328 -334
1.0731487274169922 -331 -334
1.0793201923370361 -333 -331
1.0929052829742432 -338 -331
1.1022312641143799 -341 -330
1.1098284721374512 -343 -331
1.1180601119995117 -346 -335
1.1271247863769531 -348 -334
1.135521650314331 -352 -333
1.1411311626434326 -353 -334
1.147608757019043 -356 -333
1.1553325653076172 -358 -334
1.162848711013794 -361 -334
1.1692686080932617 -363 -335
1.1772503852844238 -365 -335
1.1827898025512695 -368 -338
1.1917057037353516 -370 -335
1.1979408264160156 -372 -337
1.204267978668213 -374 -335
1.210099458694458 -377 -331
1.2185990810394287 -379 -330
1.225867748260498 -382 -331
1.231534719467163 -384 -329
1.2387645244598389 -386 -328
1.2462306022644043 -388 -335
1.2519395351409912 -391 -331
1.2591562271118164 -392 -335
1.2687344551086426 -396 -335
1.277846336364746 -399 -336
1.28578782081604 -402 -338
1.293736457824707 -404 -333
1.299647331237793 -406 -333
1.3060202598571777 -408 -332
1.3171436786651611 -412 -335
1.3227131366729736 -415 -336
1.330047369003296 -417 -336
1.3370177745819092 -419 -334
1.345491647720337 -422 -331
1.3510401248931885 -423 -331
1.3573582172393799 -425 -329
1.3657124042510986 -428 -330
1.371363878250122 -430 -328
1.3787736892700195 -432 -332
1.3862507343292236 -435 -332
1.3919336795806885 -438 -338
1.4062447547912598 -442 -337
1.415909767150879 -446 -336
1.421565055847168 -448 -335
1.4289696216583252 -450 -336
1.43552827835083 -452 -335
1.441117525100708 -453 -330
1.4480137825012207 -456 -332
1.4598307609558105 -460 -331
1.4671711921691895 -462 -333
1.4727299213409424 -465 -335
1.4828741550445557 -468 -334
1.4915587902069092 -471 -332
1.4979476928710938 -473 -332
1.5042572021484375 -475 -332
1.5102198123931885 -477 -331
1.521012306213379 -480 -332
1.5275163650512695 -483 -336
1.5348961353302002 -485 -338
1.5423011779785156 -488 -339
1.5513973236083984 -490 -335
1.5578112602233887 -493 -337
1.5637240409851074 -495 -332
1.5719106197357178 -498 -330
1.5802781581878662 -500 -330
1.5878794193267822 -503 -331
1.5955610275268555 -506 -330
1.6053180694580078 -508 -331
1.610841989517212 -510 -333
1.6173555850982666 -512 -335
1.6246740818023682 -515 -336
1.6316936016082764 -518 -335
1.6408162117004395 -520 -332
1.6475491523742676 -524 -334
1.6576550006866455 -526 -333
1.6632068157196045 -528 -333
1.669912576675415 -536 -338
1.693152666091919 -538 -338
1.6993427276611328 -541 -333
1.708024501800537 -543 -331
1.7162628173828125 -546 -331
1.724914312362671 -548 -329
1.734870195388794 -552 -330
1.7427144050598145 -555 -333
1.7492218017578125 -556 -334
1.7579264640808105 -560 -334
1.7663042545318604 -562 -338
1.7752935886383057 -565 -334
1.7857530117034912 -569 -335
1.793724536895752 -572 -333
1.804870843887329 -575 -334
1.8108398914337158 -577 -335
1.8182222843170166 -580 -334
1.8259038925170898 -582 -334
1.8315708637237549 -585 -336
1.841402292251587 -587 -333
1.8476605415344238 -590 -335
1.8532066345214844 -592 -333
1.8626024723052979 -594 -331
1.8697161674499512 -597 -331
1.8760926723480225 -599 -333
1.8817615509033203 -601 -333
1.8889541625976562 -603 -336
1.8956758975982666 -606 -335
1.9012579917907715 -607 -337
1.9075267314910889 -610 -337
1.9130606651306152 -612 -336
1.9192819595336914 -614 -337
1.9259610176086426 -616 -335
1.9315910339355469 -618 -336
1.9387309551239014 -620 -335
1.9452223777770996 -622 -333
1.9507477283477783 -624 -332
1.957115650177002 -626 -329
1.9626414775848389 -628 -330
1.9688448905944824 -630 -332
1.975405216217041 -632 -332
1.980886697769165 -634 -335
1.988215684890747 -636 -334
1.9947643280029297 -638 -334
2.000145673751831 -640 -333
2.0068392753601074 -643 -332
2.0162346363067627 -646 -331
2.0219075679779053 -648 -333
2.0283126831054688 -650 -334
2.0348896980285645 -652 -337
2.0415384769439697 -654 -338
2.047863245010376 -657 -339
2.054157018661499 -659 -339
2.0597946643829346 -661 -336
2.0661094188690186 -663 -335
2.0717618465423584 -664 -332
2.0780181884765625 -667 -333
2.0855581760406494 -669 -330
2.0920755863189697 -671 -330
2.098310947418213 -673 -331
2.1048645973205566 -675 -334
2.1107656955718994 -677 -333
2.1171350479125977 -679 -333
2.122687339782715 -682 -335
2.128953695297241 -683 -334
2.135493040084839 -686 -337
2.1420016288757324 -688 -337
2.1481809616088867 -690 -336
2.1547322273254395 -692 -334
2.1603152751922607 -694 -333
2.1725826263427734 -698 -333
2.178811550140381 -700 -334
2.1853597164154053 -702 -335
2.1918458938598633 -705 -335
2.1980981826782227 -707 -331
2.208235025405884 -710 -332
2.214780569076538 -712 -330
2.2206215858459473 -714 -330
2.227372646331787 -716 -331
2.2329249382019043 -719 -331
2.2391083240509033 -721 -331
2.246842861175537 -723 -333
2.2521188259124756 -725 -336
2.2585651874542236 -727 -337
2.2648744583129883 -729 -339
2.270298719406128 -731 -335
2.276987314224243 -733 -336
2.2825541496276855 -735 -336
2.2889904975891113 -737 -333
2.2966136932373047 -740 -334
2.3019771575927734 -742 -333
2.3082149028778076 -744 -333
2.3147876262664795 -746 -331
2.320183515548706 -748 -333
2.326869487762451 -750 -333
2.332185983657837 -752 -335
2.3386526107788086 -754 -334
2.3461761474609375 -756 -333
2.3518741130828857 -758 -333
2.3581008911132812 -760 -330
2.3646416664123535 -762 -332
2.370229959487915 -764 -332
2.3769514560699463 -766 -330
2.3822274208068848 -768 -333
2.388716220855713 -770 -336
2.3959832191467285 -773 -336
2.4016671180725098 -775 -336
2.408054828643799 -777 -337
2.414628028869629 -779 -338
2.4202020168304443 -781 -335
2.426873207092285 -783 -335
2.4321370124816895 -785 -332
2.438577890396118 -787 -333
2.4457943439483643 -790 -330
2.4514777660369873 -792 -329
2.457735300064087 -794 -331
2.4636659622192383 -796 -330
2.469939708709717 -798 -330
2.4762449264526367 -800 -334
2.4819483757019043 -802 -335
2.48818039894104 -804 -334
2.494750499725342 -806 -336
2.501389503479004 -808 -333
2.507634401321411 -810 -336
2.5131824016571045 -812 -333
2.519362449645996 -814 -331
2.5261056423187256 -816 -334
2.531799077987671 -818 -337
2.538029193878174 -820 -335
2.5446345806121826 -823 -337
2.5515239238739014 -825 -338
2.5577547550201416 -827 -334
2.5636672973632812 -829 -334
2.5694925785064697 -831 -333
2.576016902923584 -833 -331
2.581672430038452 -835 -329
2.5880298614501953 -837 -329
2.594602584838867 -839 -330
2.605827569961548 -843 -330
2.61152982711792 -845 -335
2.6178629398345947 -847 -336
2.624155282974243 -849 -338
2.6299521923065186 -851 -336
2.6362874507904053 -853 -336
2.6419589519500732 -855 -337
2.64945125579834 -858 -334
2.6560463905334473 -860 -335
2.661783456802368 -862 -335
2.6680078506469727 -864 -334
2.674316644668579 -866 -334
2.6801083087921143 -868 -334
2.6868088245391846 -870 -333
2.692105531692505 -872 -333
2.699415683746338 -874 -333
2.7061312198638916 -876 -334
2.7118146419525146 -878 -333
2.7180898189544678 -880 -330
2.7246570587158203 -882 -332
2.7300517559051514 -884 -331
2.7366673946380615 -886 -331
2.7420482635498047 -888 -332
2.7482924461364746 -891 -334
2.7558341026306152 -893 -337
2.7615301609039307 -895 -337
2.7680697441101074 -897 -337
2.7746291160583496 -899 -339
2.7800445556640625 -901 -337
2.7863106727600098 -903 -335
2.791952610015869 -905 -335
2.79819393157959 -907 -333
2.8059775829315186 -910 -332
2.811631679534912 -912 -332
2.8178186416625977 -914 -334
2.8241312503814697 -916 -332
2.8299574851989746 -918 -334
2.836251735687256 -920 -334
2.8419370651245117 -922 -334
2.8482298851013184 -924 -333
2.855912446975708 -926 -332
2.8615777492523193 -928 -333
2.8678195476531982 -930 -332
2.8741378784179688 -932 -332
2.8798253536224365 -934 -331
2.8863048553466797 -936 -334
2.891953706741333 -939 -336
2.8981785774230957 -941 -336
2.9057881832122803 -944 -336
2.911517381668091 -946 -338
2.91774582862854 -948 -336
2.923665761947632 -950 -332
2.929492712020874 -952 -334
2.9362175464630127 -954 -333
2.9419665336608887 -956 -330
2.9485855102539062 -958 -331
2.955941677093506 -960 -330
2.9616119861602783 -962 -331
2.9678523540496826 -964 -330
2.974222421646118 -966 -334
2.9798338413238525 -968 -335
2.9861361980438232 -970 -334
2.9918313026428223 -972 -335
2.998072385787964 -974 -336
