0 0 0
0 0 0
0.036562442779541016 0 0
0.04422450065612793 0 3
0.04967308044433594 1 21
0.05603384971618652 2 87
0.061554670333862305 3 120
0.06804275512695312 4 61
0.07449531555175781 7 238
0.08004379272460938 8 262
0.0863037109375 11 344
0.09360742568969727 15 411
0.09897899627685547 18 481
0.10522985458374023 22 510
0.1108701229095459 25 553
0.1230621337890625 32 613
0.12898492813110352 36 641
0.13618707656860352 41 666
0.14324092864990234 46 696
0.14916658401489258 51 707
0.15581202507019043 55 727
0.16106605529785156 60 742
0.16746950149536133 64 756
0.17452263832092285 71 781
0.18095183372497559 76 797
0.18762469291687012 80 801
0.19492483139038086 87 807
0.20058393478393555 92 816
0.20676016807556152 97 817
0.21301841735839844 102 831
0.21855711936950684 107 834
0.2249753475189209 112 841
0.230621337890625 117 856
0.23682451248168945 122 859
0.24437880516052246 129 856
0.2499713897705078 133 858
0.25634121894836426 138 863
0.2619051933288574 145 873
0.2680799961090088 148 874
0.274733304977417 156 878
0.2804100513458252 161 879
0.2866177558898926 166 873
0.29210472106933594 172 878
0.29947376251220703 177 883
0.3061411380767822 182 889
0.3116743564605713 189 894
0.31790709495544434 193 892
0.32445812225341797 200 895
0.33003711700439453 204 886
0.3363001346588135 209 886
0.34179234504699707 216 891
0.3490030765533447 222 899
0.3557322025299072 227 899
0.3610062599182129 232 897
0.3676443099975586 238 897
0.37410521507263184 243 895
0.3795454502105713 248 894
0.3859691619873047 254 895
0.39151811599731445 259 901
0.398576021194458 266 906
0.40512585639953613 272 904
0.4107944965362549 277 897
0.4169893264770508 282 899
0.42356038093566895 288 902
0.4291360378265381 294 901
0.43580126762390137 299 901
0.44107866287231445 304 908
0.4483828544616699 312 907
0.45491600036621094 317 903
0.46055102348327637 322 896
0.4667501449584961 328 896
0.47264528274536133 333 908
0.47862863540649414 338 907
0.4851844310760498 344 906
0.4908463954925537 350 908
0.49805736541748047 355 903
0.5046474933624268 362 899
0.5102977752685547 366 899
0.5165231227874756 373 904
0.5220537185668945 380 908
0.5343112945556641 388 906
0.539832353591919 393 902
0.5465109348297119 400 901
0.5541796684265137 406 906
0.5596954822540283 411 907
0.5660526752471924 416 911
0.5715606212615967 422 908
0.5777356624603271 427 901
0.5842840671539307 433 900
0.589789867401123 438 901
0.5961153507232666 444 905
0.6032161712646484 451 908
0.6090090274810791 456 909
0.6156594753265381 462 906
0.6208977699279785 467 904
0.6270835399627686 472 899
0.6336584091186523 478 906
0.6390252113342285 484 913
0.6456799507141113 489 912
0.651954174041748 496 904
0.6581094264984131 500 903
0.6648256778717041 507 902
0.6704659461975098 512 903
0.6766746044158936 518 905
0.6825592517852783 523 909
0.6883378028869629 529 909
0.6948792934417725 534 908
0.7015666961669922 540 901
0.7078094482421875 545 902
0.7142946720123291 550 905
0.7198052406311035 556 909
0.7263188362121582 562 907
0.7318141460418701 568 909
0.7379868030548096 572 905
0.7444925308227539 580 901
0.7500665187835693 585 901
0.7572145462036133 590 906
0.7637639045715332 596 911
0.7691845893859863 601 912
0.7758705615997314 607 908
0.7811369895935059 612 905
0.7877228260040283 618 901
0.7944188117980957 625 901
0.7999749183654785 628 905
0.8070526123046875 636 906
0.8135943412780762 641 908
0.8189830780029297 646 909
0.8255949020385742 652 904
0.8309781551361084 658 903
0.8371968269348145 663 906
0.8437182903289795 668 904
0.8495030403137207 674 910
0.8566417694091797 681 911
0.8625705242156982 686 902
0.868358850479126 692 902
0.8748807907104492 698 905
0.8806564807891846 703 909
0.886892557144165 708 908
0.8931701183319092 714 909
0.8987493515014648 719 908
0.9063429832458496 724 905
0.9118998050689697 732 901
0.9181139469146729 736 903
0.9248106479644775 744 911
0.9351813793182373 752 907
0.9408550262451172 757 902
0.9474880695343018 762 898
0.9537780284881592 770 907
0.9605491161346436 775 911
0.966963529586792 781 907
0.9735090732574463 786 906
0.9788782596588135 792 909
0.9851832389831543 797 903
0.9908444881439209 802 899
0.9970345497131348 808 904
1.0035715103149414 814 910
1.0100634098052979 819 910
1.0163631439208984 824 907
1.0218780040740967 832 903
1.0282325744628906 837 902
1.0347402095794678 842 902
1.0403931140899658 848 905
1.046609878540039 853 909
1.0521433353424072 859 910
1.0599122047424316 864 907
1.0662336349487305 870 904
1.0717504024505615 877 897
1.0779149532318115 880 903
1.0845797061920166 888 906
1.0901591777801514 892 909
1.096421480178833 898 911
1.1019341945648193 904 904
1.1091320514678955 910 905
1.1157824993133545 915 903
1.121044397354126 920 905
1.1272315979003906 926 909
1.133805513381958 931 908
1.139173984527588 937 907
1.1459753513336182 942 907
1.1514828205108643 948 901
1.1585824489593506 955 904
1.164985179901123 960 907
1.1706197261810303 966 910
1.1767375469207764 971 909
1.1843900680541992 978 904
1.1899237632751465 982 901
1.196227788925171 988 902
1.2017507553100586 994 906
1.2081201076507568 1000 908
1.2157847881317139 1006 910
1.221041202545166 1011 911
1.227222204208374 1016 907
1.2337822914123535 1022 899
1.2391753196716309 1027 900
1.2458620071411133 1033 905
1.2511324882507324 1038 909
1.2575459480285645 1044 908
1.2651147842407227 1051 906
1.270808458328247 1056 906
1.2770066261291504 1062 904
1.2835395336151123 1067 906
1.2889065742492676 1072 905
1.2952075004577637 1078 911
1.3008618354797363 1084 912
1.3070955276489258 1089 906
1.3148231506347656 1096 904
1.32047438621521 1102 902
1.3307173252105713 1111 905
1.337137222290039 1116 905
1.3436481952667236 1122 911
1.3494715690612793 1127 907
1.3561124801635742 1132 906
1.3632292747497559 1140 897
1.3688535690307617 1145 903
1.3751399517059326 1150 911
1.3808197975158691 1156 912
1.387209415435791 1162 906
1.3937561511993408 1167 909
1.3991332054138184 1172 904
1.4058289527893066 1178 901
1.4112093448638916 1185 902
1.418403148651123 1190 906
1.4249420166015625 1196 909
1.4306190013885498 1201 909
1.4367966651916504 1207 909
1.4430572986602783 1212 904
1.448862075805664 1218 900
1.4551467895507812 1223 902
1.4608485698699951 1228 908
1.4679749011993408 1234 910
1.4744889736175537 1241 908
1.480058193206787 1245 904
1.4863953590393066 1252 905
1.4919164180755615 1258 902
1.4981184005737305 1261 903
1.5048277378082275 1268 907
1.5104689598083496 1274 912
1.5176517963409424 1279 910
1.5241553783416748 1284 905
1.5295689105987549 1290 900
1.5359978675842285 1296 903
1.5415782928466797 1301 909
1.5479023456573486 1306 909
1.55442476272583 1314 908
1.5599806308746338 1317 907
1.5672192573547363 1324 909
1.5737876892089844 1330 901
1.579545497894287 1336 902
1.5860042572021484 1341 903
1.5915162563323975 1346 911
1.5977106094360352 1352 910
1.6042640209197998 1357 898
1.6097137928009033 1362 903
1.616868019104004 1370 905
1.6231646537780762 1375 908
1.6290066242218018 1381 909
1.635594367980957 1386 906
1.6408929824829102 1392 904
1.6471314430236816 1397 904
1.6536822319030762 1402 902
1.6590323448181152 1408 904
1.6656997203826904 1415 914
1.6720411777496338 1420 910
1.678215742111206 1426 906
1.6849026679992676 1432 899
1.6905269622802734 1437 904
1.6967816352844238 1442 908
1.7026546001434326 1448 906
1.7089011669158936 1453 910
1.7151737213134766 1459 911
1.7219972610473633 1466 907
1.7310664653778076 1475 902
1.738356113433838 1480 901
1.7451472282409668 1486 908
1.7508203983306885 1491 908
1.7572352886199951 1497 908
1.7638306617736816 1502 905
1.7705121040344238 1509 902
1.7767317295074463 1515 905
1.782639980316162 1520 908
1.788557529449463 1526 909
1.794929027557373 1531 907
1.8005542755126953 1536 903
1.8068947792053223 1542 906
1.8131892681121826 1547 903
1.8200058937072754 1553 904
1.8263304233551025 1558 911
1.8318309783935547 1566 913
1.8381597995758057 1569 908
1.8446917533874512 1576 900
1.8503506183624268 1580 899
1.8565914630889893 1587 906
1.8621103763580322 1593 909
1.8686010837554932 1598 907
1.8762247562408447 1604 908
1.8817241191864014 1611 908
1.8878953456878662 1614 904
1.8944404125213623 1622 898
1.9000446796417236 1625 904
1.906325340270996 1631 910
1.9118189811706543 1638 909
1.9180281162261963 1642 907
1.9259276390075684 1649 905
1.937798023223877 1660 906
1.9443340301513672 1665 902
1.9498412609100342 1670 902
1.9562466144561768 1676 910
1.9617726802825928 1684 910
1.9681499004364014 1687 907
1.975874662399292 1694 896
1.9811642169952393 1700 899
1.9877698421478271 1705 905
1.9943349361419678 1710 908
1.999925136566162 1716 906
2.0062527656555176 1722 907
2.011793375015259 1729 908
2.0180020332336426 1732 905
2.0255424976348877 1740 898
2.0309133529663086 1745 905
2.0370919704437256 1750 906
2.0436723232269287 1756 911
2.0492382049560547 1761 905
2.0559308528900146 1767 907
2.0612151622772217 1772 903
2.067671537399292 1778 902
2.0748343467712402 1785 905
2.0804967880249023 1790 906
2.0867178440093994 1796 906
2.0930228233337402 1801 910
2.098872423171997 1806 911
2.1057209968566895 1812 903
2.1110141277313232 1817 901
2.1172311305999756 1823 904
2.1238057613372803 1830 911
2.13499116897583 1839 907
2.140629529953003 1844 905
2.14699387550354 1850 906
2.15354323387146 1856 903
2.1590731143951416 1861 902
2.1659491062164307 1866 907
2.1712400913238525 1872 911
2.178718090057373 1879 908
2.1861207485198975 1884 901
2.191636323928833 1892 898
2.1978213787078857 1895 905
2.2043652534484863 1901 911
2.209958553314209 1906 911
2.2162835597991943 1912 907
2.221778631210327 1919 903
2.2292144298553467 1924 904
2.235947847366333 1930 902
2.241478204727173 1935 901
2.2476580142974854 1940 907
2.254204273223877 1946 912
2.2596945762634277 1952 909
2.2660558223724365 1957 902
2.271592378616333 1962 901
2.2788219451904297 1970 904
2.285703420639038 1975 907
2.2909929752349854 1980 907
2.297224521636963 1986 908
2.3037774562835693 1992 912
2.3092193603515625 1997 906
2.3159544467926025 2002 901
2.3214781284332275 2008 895
2.3285958766937256 2015 907
2.3349835872650146 2020 911
2.340705156326294 2026 909
2.347094774246216 2031 906
2.3536336421966553 2037 908
2.3592188358306885 2042 902
2.365903854370117 2048 899
2.3711817264556885 2053 901
2.377589464187622 2060 910
2.384970188140869 2066 911
2.390622854232788 2071 908
2.396925926208496 2076 902
2.403226137161255 2082 903
2.408996105194092 2088 906
2.415658712387085 2093 906
2.4209697246551514 2098 912
2.4272191524505615 2104 909
2.4347267150878906 2111 905
2.44041109085083 2116 903
2.4466142654418945 2122 902
2.452549934387207 2127 900
2.4583590030670166 2133 903
2.465100049972534 2138 908
2.470750331878662 2144 907
2.476975917816162 2149 908
2.484605312347412 2156 904
2.4901700019836426 2160 901
2.496493339538574 2167 903
2.5020275115966797 2172 908
2.5082273483276367 2178 907
2.514742851257324 2184 907
2.520411491394043 2189 906
2.5267670154571533 2194 904
2.5377495288848877 2203 901
2.544423818588257 2211 907
2.5500447750091553 2214 910
2.556535005569458 2222 908
2.562058210372925 2227 904
2.5683681964874268 2232 905
2.574918031692505 2238 902
2.5805327892303467 2243 906
2.587944746017456 2249 906
2.594428300857544 2256 911
2.6000497341156006 2260 912
2.6063246726989746 2265 902
2.6118946075439453 2272 897
2.6182641983032227 2278 903
2.6247718334198 2283 907
2.6304373741149902 2288 908
2.6376304626464844 2294 907
2.6443448066711426 2300 910
2.649960517883301 2305 904
2.656269073486328 2310 904
2.6617648601531982 2318 903
2.668039083480835 2321 908
2.6749861240386963 2328 911
2.6806282997131348 2334 910
2.687884569168091 2339 899
2.694431781768799 2346 900
2.7000174522399902 2350 905
2.7064950466156006 2358 905
2.7120308876037598 2363 907
2.7182130813598633 2368 911
2.7247653007507324 2374 908
2.730437994003296 2379 907
2.737764358520508 2384 902
2.744457483291626 2392 903
2.7500391006469727 2396 911
2.7564010620117188 2403 911
2.761924982070923 2408 908
2.7682554721832275 2414 904
2.7748353481292725 2419 901
2.780477523803711 2424 903
2.7879953384399414 2430 904
2.7945446968078613 2437 906
2.800147294998169 2441 909
2.8064639568328857 2448 907
2.8119781017303467 2454 905
2.8181819915771484 2459 902
2.824890613555908 2464 904
2.8305585384368896 2470 907
2.8378183841705322 2475 909
2.844363212585449 2481 908
2.849951982498169 2486 905
2.85626482963562 2492 902
2.8617823123931885 2499 903
2.8680107593536377 2502 905
2.8747172355651855 2510 908
2.8804125785827637 2515 909
2.8867897987365723 2520 909
2.8943402767181396 2526 905
2.89992618560791 2531 902
2.9062466621398926 2537 902
2.9117867946624756 2544 903
2.9179821014404297 2548 911
2.9245262145996094 2555 911
2.9301209449768066 2564 907
2.941005229949951 2570 905
2.947730779647827 2575 902
2.9544239044189453 2582 901
2.9600276947021484 2586 906
2.9664971828460693 2593 913
2.972026824951172 2598 910
2.978199005126953 2604 905
2.9847190380096436 2609 898
2.9911370277404785 2615 904
2.997605562210083 2620 907
