0 0 0
0 0 0
0.023624181747436523 0 0
0.030344486236572266 0 0
0.03580355644226074 -1 -2
0.04420804977416992 -2 -53
0.05054807662963867 -4 -36
0.0560305118560791 -5 -33
0.06240963935852051 -7 -251
0.0689699649810791 -10 -289
0.07462549209594727 -12 -386
0.08086061477661133 -15 -394
0.08715963363647461 -18 -472
0.09383726119995117 -22 -497
0.10025238990783691 -25 -545
0.10578417778015137 -30 -592
0.11201882362365723 -32 -610
0.11871647834777832 -38 -641
0.12429499626159668 -40 -657
0.130598783493042 -46 -678
0.13618230819702148 -50 -695
0.14235377311706543 -55 -717
0.1500253677368164 -59 -731
0.15532326698303223 -64 -747
0.1620182991027832 -68 -759
0.16854310035705566 -75 -775
0.17415738105773926 -78 -783
0.18064332008361816 -84 -786
0.18621325492858887 -89 -792
0.19244098663330078 -97 -805
0.20326519012451172 -102 -821
0.21008706092834473 -107 -826
0.2156689167022705 -112 -829
0.22208857536315918 -117 -833
0.22875261306762695 -124 -836
0.23443102836608887 -127 -840
0.24092674255371094 -134 -844
0.24843239784240723 -139 -849
0.25394177436828613 -144 -853
0.26036620140075684 -150 -856
0.26589536666870117 -156 -863
0.27243757247924805 -162 -861
0.2792551517486572 -166 -855
0.2849314212799072 -172 -856
0.29134511947631836 -177 -870
0.29909801483154297 -184 -870
0.30477213859558105 -189 -867
0.31107211112976074 -194 -868
0.3176302909851074 -200 -873
0.32308435440063477 -205 -868
0.32964491844177246 -210 -870
0.33501338958740234 -215 -872
0.34122228622436523 -220 -877
0.3486311435699463 -228 -879
0.35426974296569824 -231 -874
0.36073827743530273 -238 -874
0.3666503429412842 -243 -876
0.3724942207336426 -249 -877
0.379070520401001 -254 -882
0.3847615718841553 -259 -885
0.3910090923309326 -264 -882
0.39734601974487305 -272 -880
0.40418243408203125 -275 -878
0.4105081558227539 -282 -878
0.4160330295562744 -288 -878
0.4224357604980469 -293 -882
0.42896413803100586 -298 -890
0.43466997146606445 -303 -888
0.44087862968444824 -308 -885
0.44712162017822266 -314 -877
0.4539470672607422 -319 -885
0.46039867401123047 -324 -883
0.46590638160705566 -332 -883
0.47214722633361816 -335 -885
0.4788055419921875 -342 -886
0.4844968318939209 -348 -882
0.49076342582702637 -353 -882
0.4967062473297119 -358 -885
0.5038552284240723 -364 -890
0.5102593898773193 -369 -888
0.5157830715179443 -376 -881
0.521986722946167 -379 -878
0.5285520553588867 -386 -877
0.5341508388519287 -390 -884
0.5406556129455566 -397 -889
0.546238899230957 -402 -890
0.5540187358856201 -408 -887
0.5603516101837158 -413 -883
0.5658907890319824 -420 -884
0.5721616744995117 -424 -882
0.5786666870117188 -431 -880
0.584301233291626 -434 -885
0.5906193256378174 -442 -892
0.6009624004364014 -450 -878
0.6086931228637695 -457 -881
0.6142783164978027 -461 -881
0.6207656860351562 -468 -886
0.6266882419586182 -473 -885
0.6328425407409668 -478 -889
0.6391527652740479 -484 -889
0.6448197364807129 -489 -882
0.6510705947875977 -494 -881
0.6588237285614014 -502 -883
0.6644949913024902 -507 -891
0.6707401275634766 -512 -892
0.6766502857208252 -518 -886
0.6828277111053467 -523 -881
0.6891663074493408 -528 -878
0.6948447227478027 -534 -885
0.7010786533355713 -539 -889
0.7086198329925537 -546 -891
0.7142436504364014 -549 -881
0.7207069396972656 -556 -879
0.7266433238983154 -562 -883
0.7325186729431152 -567 -885
0.7390522956848145 -572 -885
0.7447528839111328 -578 -887
0.7510075569152832 -583 -888
0.7585535049438477 -590 -881
0.7641503810882568 -594 -880
0.7704348564147949 -599 -884
0.776017427444458 -606 -891
0.782367467880249 -611 -887
0.7889389991760254 -616 -883
0.7945899963378906 -622 -875
0.8008074760437012 -627 -882
0.8084940910339355 -634 -889
0.8141498565673828 -638 -888
0.8205239772796631 -645 -886
0.8260898590087891 -650 -885
0.8323075771331787 -656 -881
0.8390188217163086 -661 -879
0.8446810245513916 -666 -883
0.8508672714233398 -672 -886
0.8584723472595215 -677 -887
0.8640556335449219 -682 -883
0.8704214096069336 -688 -884
0.8759284019470215 -694 -877
0.882145881652832 -698 -877
0.8886473178863525 -705 -885
0.8942725658416748 -708 -891
0.9007737636566162 -716 -884
0.9083240032196045 -721 -882
0.9138226509094238 -726 -884
0.9202334880828857 -732 -886
0.9257817268371582 -738 -882
0.9320175647735596 -742 -882
0.938746452331543 -750 -890
0.944385290145874 -753 -887
0.9506018161773682 -760 -880
0.9561760425567627 -765 -878
0.9636409282684326 -770 -881
0.9700953960418701 -776 -891
0.9756565093994141 -781 -886
0.9819214344024658 -786 -884
0.9884512424468994 -792 -883
0.9940197467803955 -797 -881
1.0041661262512207 -806 -886
1.0113308429718018 -813 -887
1.0190975666046143 -820 -886
1.0247471332550049 -825 -884
1.0310955047607422 -830 -882
1.037689447402954 -836 -881
1.04306960105896 -841 -879
1.0493505001068115 -846 -887
1.054997205734253 -852 -889
1.06229567527771 -859 -882
1.0689692497253418 -864 -877
1.074634075164795 -870 -877
1.0809926986694336 -875 -885
1.087325096130371 -880 -886
1.0929515361785889 -886 -886
1.0992851257324219 -891 -887
1.1049671173095703 -896 -886
1.1122345924377441 -901 -882
1.1188273429870605 -908 -880
1.1244990825653076 -914 -883
1.1307456493377686 -919 -887
1.136631727218628 -924 -886
1.142836570739746 -930 -888
1.1491773128509521 -935 -879
1.154855728149414 -940 -883
1.1621718406677246 -946 -883
1.168700933456421 -952 -886
1.1743807792663574 -956 -887
1.1806068420410156 -963 -884
1.186150074005127 -968 -884
1.1923441886901855 -974 -882
1.1990797519683838 -979 -877
1.2048630714416504 -984 -883
1.2121391296386719 -990 -886
1.218688726425171 -997 -889
1.2242932319641113 -1000 -885
1.2306153774261475 -1007 -880
1.2361538410186768 -1012 -880
1.2423498630523682 -1018 -885
1.248891830444336 -1023 -881
1.2545602321624756 -1028 -886
1.2609784603118896 -1034 -882
1.2685842514038086 -1041 -886
1.2741641998291016 -1044 -881
1.2804837226867676 -1050 -875
1.2861523628234863 -1057 -883
1.2923612594604492 -1062 -889
1.2989723682403564 -1068 -885
1.3046460151672363 -1073 -882
1.3108680248260498 -1078 -880
1.3186209201812744 -1085 -880
1.3242366313934326 -1089 -882
1.3307139873504639 -1096 -881
1.3362460136413574 -1101 -883
1.342517614364624 -1106 -885
1.349064588546753 -1112 -888
1.354752540588379 -1117 -881
1.3609645366668701 -1122 -882
1.368619441986084 -1130 -881
1.3741602897644043 -1133 -886
1.3806312084197998 -1140 -888
1.3862073421478271 -1145 -883
1.3924109935760498 -1150 -879
1.4024460315704346 -1160 -885
1.4092121124267578 -1165 -884
1.4159226417541504 -1172 -881
1.4223198890686035 -1177 -881
1.4290034770965576 -1182 -884
1.4346659183502197 -1188 -887
1.441044807434082 -1193 -881
1.447582721710205 -1198 -883
1.452991008758545 -1204 -882
1.4598758220672607 -1209 -881
1.4661834239959717 -1216 -883
1.472395896911621 -1221 -882
1.4789350032806396 -1227 -883
1.4846131801605225 -1232 -884
1.4908626079559326 -1237 -887
1.4971656799316406 -1242 -885
1.5030341148376465 -1248 -879
1.5093367099761963 -1253 -879
1.5149939060211182 -1260 -884
1.5221521854400635 -1264 -883
1.528733253479004 -1271 -884
1.5343060493469238 -1274 -884
1.5405845642089844 -1282 -886
1.5461406707763672 -1286 -883
1.5523552894592285 -1292 -879
1.5591096878051758 -1297 -882
1.564812421798706 -1302 -891
1.5719311237335205 -1308 -887
1.5784721374511719 -1313 -879
1.5841038227081299 -1318 -879
1.5906658172607422 -1326 -883
1.596266269683838 -1331 -882
1.6024649143218994 -1336 -884
1.6090121269226074 -1342 -887
1.6146888732910156 -1347 -886
1.6220715045928955 -1352 -883
1.6285679340362549 -1359 -881
1.6341631412506104 -1362 -881
1.640516996383667 -1370 -886
1.6460373401641846 -1375 -887
1.652235984802246 -1378 -890
1.6588201522827148 -1386 -884
1.6645097732543945 -1391 -881
1.6718041896820068 -1396 -880
1.6785147190093994 -1403 -883
1.6841466426849365 -1407 -890
1.6904816627502441 -1412 -884
1.696031093597412 -1419 -886
1.7022223472595215 -1423 -886
1.7087786197662354 -1430 -882
1.7145593166351318 -1435 -878
1.7219138145446777 -1440 -882
1.72849702835083 -1446 -891
1.7340781688690186 -1451 -891
1.7405898571014404 -1458 -888
1.7461316585540771 -1464 -879
1.7523777484893799 -1469 -882
1.7589094638824463 -1474 -883
1.7645626068115234 -1480 -883
1.7718486785888672 -1485 -887
1.7784595489501953 -1490 -886
1.7840604782104492 -1496 -887
1.7904012203216553 -1501 -881
1.817690134048462 -1526 -893
1.8245015144348145 -1532 -884
1.8309154510498047 -1538 -880
1.837214469909668 -1543 -881
1.8428444862365723 -1548 -880
1.8496475219726562 -1554 -881
1.855048656463623 -1559 -885
1.8616538047790527 -1564 -893
1.8681707382202148 -1570 -887
1.8747444152832031 -1576 -884
1.8809795379638672 -1582 -876
1.8875789642333984 -1587 -880
1.8930015563964844 -1592 -879
1.8993511199951172 -1598 -884
1.9050259590148926 -1603 -886
1.911280632019043 -1608 -888
1.9178736209869385 -1614 -884
1.924774408340454 -1621 -880
1.9310579299926758 -1626 -880
1.937648057937622 -1632 -882
1.9431087970733643 -1637 -887
1.9497706890106201 -1642 -886
1.9550559520721436 -1648 -884
1.961263656616211 -1653 -879
1.9678707122802734 -1658 -877
1.9733030796051025 -1665 -879
1.9810523986816406 -1670 -885
1.9876255989074707 -1676 -884
1.993051528930664 -1681 -888
1.9996941089630127 -1686 -887
2.005066156387329 -1692 -886
2.01129150390625 -1697 -880
2.0187835693359375 -1704 -875
2.0245018005371094 -1709 -883
2.031765937805176 -1714 -891
2.0384633541107178 -1720 -887
2.044161558151245 -1725 -878
2.050520181655884 -1732 -883
2.0560431480407715 -1738 -881
2.0622589588165283 -1741 -881
2.0688536167144775 -1748 -880
2.07456636428833 -1754 -888
2.0817902088165283 -1759 -891
2.0883514881134033 -1764 -885
2.0938994884490967 -1769 -877
2.100508213043213 -1776 -881
2.106085777282715 -1782 -884
2.1125195026397705 -1787 -885
2.119065284729004 -1792 -888
2.1247458457946777 -1798 -884
2.1320316791534424 -1803 -883
2.138559579849243 -1810 -880
2.1441471576690674 -1814 -880
2.1504907608032227 -1819 -884
2.15613055229187 -1826 -887
2.1624927520751953 -1831 -883
2.1690452098846436 -1836 -889
2.1747384071350098 -1842 -880
2.1820228099823 -1847 -879
2.18861985206604 -1854 -878
2.1941847801208496 -1858 -884
2.2042644023895264 -1866 -884
2.21073579788208 -1874 -889
2.2166922092437744 -1879 -888
2.2230336666107178 -1884 -879
2.2307016849517822 -1891 -874
2.236626148223877 -1896 -881
2.24288010597229 -1902 -885
2.249182939529419 -1907 -890
2.254857063293457 -1912 -881
2.261078357696533 -1918 -880
2.267683744430542 -1923 -880
2.273102045059204 -1928 -878
2.2807838916778564 -1936 -882
2.286724328994751 -1941 -885
2.2926623821258545 -1946 -888
2.2991442680358887 -1952 -886
2.304845094680786 -1956 -884
2.311109781265259 -1962 -878
2.3176729679107666 -1967 -878
2.3231122493743896 -1972 -884
2.329796552658081 -1980 -889
2.336163282394409 -1985 -888
2.3426644802093506 -1990 -881
2.3491084575653076 -1996 -880
2.35481595993042 -2001 -884
2.3610422611236572 -2006 -886
2.3676161766052246 -2011 -883
2.3731980323791504 -2017 -888
2.3799192905426025 -2024 -886
2.3862662315368652 -2029 -882
2.3925135135650635 -2034 -877
2.399200916290283 -2040 -878
2.404883861541748 -2045 -884
2.411090612411499 -2050 -888
2.41764760017395 -2056 -885
2.423065662384033 -2061 -885
2.4296915531158447 -2066 -883
2.436034917831421 -2073 -878
2.4422290325164795 -2077 -881
2.4487903118133545 -2084 -884
2.4544332027435303 -2087 -888
2.4609222412109375 -2094 -887
2.467216968536377 -2100 -883
2.4728493690490723 -2105 -886
2.4791553020477295 -2110 -881
2.485898494720459 -2117 -876
2.4921834468841553 -2121 -885
2.498842239379883 -2128 -889
2.5045108795166016 -2133 -890
2.510739326477051 -2138 -882
2.516710042953491 -2144 -885
2.5228798389434814 -2149 -883
2.5291738510131836 -2154 -881
2.5358967781066895 -2162 -884
2.5421459674835205 -2165 -891
2.5487046241760254 -2172 -890
2.5543880462646484 -2176 -883
2.5606491565704346 -2183 -877
2.5662195682525635 -2188 -879
2.5724570751190186 -2194 -884
2.5791945457458496 -2199 -883
2.585923671722412 -2206 -888
2.5922083854675293 -2210 -889
2.5988051891326904 -2220 -884
2.609074592590332 -2225 -884
2.6147849559783936 -2230 -885
2.621258497238159 -2236 -888
2.6278903484344482 -2241 -886
2.6338956356048584 -2248 -883
2.641216993331909 -2254 -880
2.647779703140259 -2259 -879
2.653217077255249 -2264 -883
2.6599206924438477 -2270 -886
2.6652092933654785 -2275 -887
2.671631097793579 -2280 -884
2.6781795024871826 -2286 -885
2.6836605072021484 -2291 -882
2.690880060195923 -2298 -877
2.697153091430664 -2303 -882
2.7030141353607178 -2308 -887
2.7096753120422363 -2314 -892
2.7150392532348633 -2319 -885
2.7212512493133545 -2324 -881
2.7278337478637695 -2330 -882
2.7332465648651123 -2335 -883
2.7407240867614746 -2342 -878
2.7462596893310547 -2347 -884
2.7524638175964355 -2353 -891
2.7592337131500244 -2358 -894
2.764957904815674 -2363 -885
2.77117657661438 -2368 -880
2.7785708904266357 -2376 -879
2.78415846824646 -2379 -879
2.791262626647949 -2386 -890
2.7978405952453613 -2392 -886
2.803251028060913 -2397 -885
2.8099448680877686 -2402 -881
2.8152823448181152 -2408 -880
2.8219056129455566 -2413 -882
2.828463077545166 -2418 -886
2.834043025970459 -2423 -885
2.8411948680877686 -2430 -886
2.8477632999420166 -2436 -882
2.8531532287597656 -2441 -881
2.859855890274048 -2446 -875
2.8651461601257324 -2452 -882
2.87162709236145 -2457 -891
2.8783795833587646 -2462 -887
2.883910655975342 -2468 -883
2.8913028240203857 -2475 -882
2.89790678024292 -2480 -884
2.9033143520355225 -2485 -882
2.9099843502044678 -2490 -876
2.915585517883301 -2496 -883
2.9218201637268066 -2501 -887
2.9284064769744873 -2506 -889
2.933920383453369 -2512 -882
2.9413156509399414 -2519 -880
2.947937250137329 -2524 -878
2.9535739421844482 -2530 -881
2.9600818157196045 -2535 -881
2.9656360149383545 -2540 -885
2.971846103668213 -2545 -884
2.978428602218628 -2551 -883
2.9840359687805176 -2556 -884
2.990401268005371 -2563 -879
2.9977738857269287 -2568 -880
